# Mains_Frequency_(Hz) =,60,,,,,,,,,,
# Sample_Frequency_(Hz) =,300,,,,,,,,,,
# Filter_Delay_(ms) =,173.3,,,,,,,,,,
# Sensor_Data_Units =,uV,,,,,,,,,,
# Headset_Name =,DSI-7 SN:5122,,,,,,,,,,
# Data_Logger =,DSI-Streamer-v.1.08.60,,,,,,,,,,
# Date =,5/19/2022,,,,,,,,,,
# Time =,17:03:08,,,,,,,,,,
# Patient_ID =,X M 01-JAN-0000 X,,,,,,,,,,
# Record_ID =,Startdate 19-MAY-2022 EEGXXXXXXXXXXXX XX X_X,,,,,,,,,,
# Filter =,HP:1.0Hz;LP:50.0Hz;,,,,,,,,,,
# Comments =,,,,,,,,,,,
# Reference location:,Pz,,,,,,,,,,
# Trigger Source,Wireless,,,,,,,,,,
# Channel_Number =,ch_1,ch_2,ch_3,ch_4,ch_5,ch_6,ch_7,Trigger,Time_Offset,ADC_Status,ADC_Sequence,Event,Comments
Time,LE,F4,C4,P4,P3,C3,F3,Trigger,Time_Offset,ADC_Status,ADC_Sequence,Event,Comments
0.0033,4.1,23.2,4.4,3.6,-0.5,16.7,7.7,0,6,0,9,1, sound 
0.0067,-19.1,-46.9,-6.2,-1.4,14.5,-11.5,-14.6,0,12,0,10,0, 
0.0100,-37.3,-104.8,-17.0,-6.0,26.8,-33.7,-33.0,0,18,0,11,0, 
0.0133,-45.3,-133.4,-25.0,-9.6,33.4,-44.5,-42.4,0,24,0,12,0, 
0.0167,-43.3,-132.0,-28.6,-11.8,34.1,-45.1,-42.6,0,30,0,13,0, 
0.0200,-35.9,-114.3,-27.6,-12.6,31.0,-41.5,-37.1,0,36,0,14,0, 
0.0233,-28.5,-97.6,-23.1,-11.9,26.8,-38.9,-30.3,0,42,0,15,0, 
0.0267,-23.9,-90.9,-17.3,-10.3,23.6,-38.9,-25.2,0,48,0,16,0, 
0.0300,-22.2,-92.7,-12.1,-8.3,22.4,-39.7,-22.0,0,54,0,17,0, 
0.0333,-21.6,-95.2,-9.2,-6.8,23.2,-38.7,-20.0,0,60,0,18,0, 
0.0367,-20.6,-93.0,-8.8,-6.5,25.6,-34.9,-18.5,0,66,0,19,0, 
0.0400,-19.2,-86.4,-9.8,-7.4,28.7,-29.8,-17.3,0,72,0,20,0, 
0.0433,-17.9,-79.6,-10.4,-8.6,31.1,-25.2,-16.6,0,78,0,21,0, 
0.0467,-17.5,-76.1,-9.3,-9.3,31.5,-21.9,-16.0,0,84,0,22,0, 
0.0500,-18.2,-76.0,-6.5,-9.0,29.9,-19.9,-15.2,0,90,0,23,0, 
0.0533,-19.7,-76.8,-3.7,-8.0,27.1,-19.1,-14.1,0,96,0,24,0, 
0.0567,-21.0,-76.7,-3.1,-7.0,24.4,-19.9,-13.5,0,102,0,25,0, 
0.0600,-20.5,-75.4,-4.9,-6.3,22.4,-22.0,-14.2,0,108,0,26,0, 
0.0633,-16.9,-73.8,-7.5,-5.5,21.1,-24.3,-16.5,0,114,0,27,0, 
0.0667,-10.1,-71.8,-7.8,-4.0,20.0,-24.9,-19.4,0,120,0,28,0, 
0.0700,-2.0,-68.8,-3.8,-1.7,19.3,-22.9,-21.6,0,126,0,29,0, 
0.0733,3.5,-64.3,3.3,0.5,19.3,-19.5,-21.9,0,132,0,30,0, 
0.0767,3.3,-59.1,10.3,1.4,20.0,-17.2,-20.1,0,138,0,31,0, 
0.0800,-2.7,-54.9,13.4,0.3,20.6,-17.9,-16.7,0,144,0,32,0, 
0.0833,-11.3,-53.0,11.3,-2.4,20.0,-20.6,-12.8,0,150,0,33,0, 
0.0867,-17.7,-53.4,5.6,-5.4,18.1,-22.3,-9.4,0,156,0,34,0, 
0.0900,-19.0,-54.5,-0.8,-7.3,16.5,-20.8,-7.3,0,162,0,35,0, 
0.0933,-15.8,-55.3,-5.2,-8.0,17.4,-16.2,-7.2,0,168,0,36,0, 
0.0967,-11.8,-55.3,-6.9,-7.8,21.5,-10.9,-8.9,0,174,0,37,0, 
0.1000,-10.2,-55.0,-7.0,-7.6,26.8,-7.4,-11.0,0,180,0,38,0, 
0.1033,-11.7,-54.7,-6.4,-7.4,29.5,-5.9,-12.1,0,186,0,39,0, 
0.1067,-13.7,-54.0,-5.6,-6.9,27.0,-4.8,-11.0,0,192,0,40,0, 
0.1100,-13.4,-52.6,-4.4,-5.9,20.0,-2.6,-7.9,0,198,0,41,0, 
0.1133,-10.0,-50.4,-2.8,-4.4,12.4,-0.3,-4.9,0,204,0,42,0, 
0.1167,-5.6,-48.4,-0.9,-3.2,8.1,-0.7,-4.1,0,210,0,43,0, 
0.1200,-3.6,-47.0,0.8,-3.0,8.5,-5.8,-6.4,0,216,0,44,0, 
0.1233,-5.7,-46.0,1.9,-3.5,11.5,-14.5,-10.8,0,222,0,45,0, 
0.1267,-10.8,-44.9,2.8,-4.2,14.0,-22.5,-14.8,0,228,0,46,0, 
0.1300,-15.9,-43.2,3.2,-4.3,14.4,-25.4,-16.0,0,234,0,47,0, 
0.1333,-18.2,-41.3,3.0,-3.9,13.8,-21.9,-13.9,0,240,0,48,0, 
0.1367,-16.8,-39.9,1.9,-3.4,14.3,-14.6,-9.9,0,246,0,49,0, 
0.1400,-12.9,-39.4,0.2,-3.3,16.6,-7.8,-6.3,0,252,0,50,0, 
0.1433,-7.9,-39.2,-1.0,-3.3,19.0,-4.6,-4.5,0,258,0,51,0, 
0.1467,-2.8,-38.5,-0.7,-2.8,19.7,-4.6,-4.5,0,264,0,52,0, 
0.1500,2.5,-36.5,1.2,-1.7,18.4,-5.5,-5.1,0,270,0,53,0, 
0.1533,7.8,-33.7,3.2,-0.4,17.4,-4.7,-4.9,0,276,0,54,0, 
0.1567,12.7,-31.6,3.3,-0.2,19.0,-1.9,-3.2,0,282,0,55,0, 
0.1600,16.0,-31.2,0.4,-1.8,23.4,1.5,-0.6,0,288,0,56,0, 
0.1633,17.3,-32.3,-4.7,-4.9,27.5,3.9,2.0,0,294,0,57,0, 
0.1667,16.8,-33.8,-9.7,-7.7,27.6,4.8,3.8,0,300,0,58,0, 
0.1700,15.7,-34.3,-12.1,-8.8,22.5,4.9,4.1,0,306,0,59,0, 
0.1733,15.0,-33.1,-11.0,-7.6,14.8,4.5,3.0,0,312,0,60,0, 
0.1767,14.8,-30.7,-7.2,-5.2,8.8,2.6,0.8,0,318,0,61,0, 
0.1800,14.5,-28.0,-2.8,-3.3,7.2,-1.6,-1.7,0,324,0,62,0, 
0.1833,13.6,-25.7,0.8,-3.0,9.2,-8.0,-3.6,0,330,0,63,0, 
0.1867,12.0,-24.2,3.0,-4.0,11.6,-14.1,-4.2,0,336,0,64,0, 
0.1900,10.1,-23.4,3.8,-5.1,12.0,-16.2,-3.3,0,342,0,65,0, 
0.1933,8.3,-23.4,3.2,-5.1,11.2,-12.5,-1.5,0,348,0,66,0, 
0.1967,6.5,-24.1,0.8,-4.1,11.6,-4.6,0.1,0,354,0,67,0, 
0.2000,4.6,-25.5,-3.4,-2.9,14.9,2.8,0.4,0,360,0,68,0, 
0.2033,2.8,-26.9,-8.3,-2.5,19.6,5.0,-0.9,0,366,0,69,0, 
0.2067,1.4,-27.7,-11.6,-3.2,22.2,0.4,-3.5,0,372,0,70,0, 
0.2100,0.8,-27.4,-11.3,-4.2,20.3,-8.4,-6.3,0,378,0,71,0, 
0.2133,0.8,-26.2,-7.1,-4.7,14.4,-16.2,-8.5,0,384,0,72,0, 
0.2167,0.7,-24.8,-1.6,-4.2,8.2,-19.1,-9.6,0,390,0,73,0, 
0.2200,-0.5,-24.5,1.5,-3.5,5.4,-16.5,-10.0,0,396,0,74,0, 
0.2233,-2.7,-25.6,-0.8,-3.4,6.6,-11.6,-9.9,0,402,0,75,0, 
0.2267,-4.9,-27.9,-7.5,-4.3,9.4,-8.0,-9.8,0,408,0,76,0, 
0.2300,-6.2,-30.2,-14.0,-5.7,10.3,-7.3,-10.3,0,414,0,77,0, 
0.2333,-6.3,-31.2,-15.0,-6.3,8.2,-8.5,-11.4,0,420,0,78,0, 
0.2367,-6.4,-29.9,-8.4,-5.0,4.8,-9.6,-13.1,0,426,0,79,0, 
0.2400,-7.3,-26.9,2.9,-2.0,3.0,-9.6,-15.0,0,432,0,80,0, 
0.2433,-9.5,-23.4,12.1,1.4,4.3,-9.2,-16.1,0,438,0,81,0, 
0.2467,-11.9,-21.1,13.5,3.8,7.2,-10.1,-15.4,0,444,0,82,0, 
0.2500,-13.4,-20.9,6.4,4.3,9.3,-12.4,-12.6,0,450,0,83,0, 
0.2533,-13.2,-22.2,-4.5,3.0,9.0,-14.8,-8.1,0,456,0,84,0, 
0.2567,-12.1,-23.6,-12.4,1.1,7.1,-15.2,-3.7,0,462,0,85,0, 
0.2600,-11.2,-24.1,-13.3,-0.6,5.8,-12.7,-1.3,0,468,0,86,0, 
0.2633,-10.9,-23.6,-8.5,-1.8,6.1,-8.5,-1.9,0,474,0,87,0, 
0.2667,-10.5,-23.1,-3.2,-2.7,7.2,-5.4,-5.3,0,480,0,88,0, 
0.2700,-8.9,-23.4,-1.4,-3.6,7.3,-5.0,-9.5,0,486,0,89,0, 
0.2733,-5.7,-24.3,-3.5,-4.3,5.3,-7.2,-12.2,0,492,0,90,0, 
0.2767,-2.3,-24.5,-6.0,-4.5,2.3,-10.0,-12.2,0,498,0,91,0, 
0.2800,-0.4,-22.9,-5.4,-3.7,0.3,-11.1,-9.8,0,504,0,92,0, 
0.2833,-1.2,-19.5,-1.7,-2.0,0.6,-9.8,-6.5,0,510,0,93,0, 
0.2867,-3.7,-15.9,2.2,-0.4,2.2,-7.4,-4.2,0,516,0,94,0, 
0.2900,-5.9,-13.9,2.6,0.3,3.1,-6.4,-4.0,0,522,0,95,0, 
0.2933,-6.3,-14.6,-0.8,-0.3,2.1,-7.8,-5.3,0,528,0,96,0, 
0.2967,-5.5,-16.9,-5.0,-1.8,-0.1,-10.7,-6.9,0,534,0,97,0, 
0.3000,-5.0,-19.1,-6.1,-2.9,-1.4,-12.5,-7.1,0,540,0,98,0, 
0.3033,-6.4,-19.6,-2.7,-2.7,-0.4,-10.8,-5.5,0,546,0,99,0, 
0.3067,-9.1,-18.1,2.9,-0.9,2.3,-5.4,-2.5,0,552,0,100,0, 
0.3100,-11.1,-15.7,6.4,1.6,5.0,1.1,0.6,0,558,0,101,0, 
0.3133,-10.4,-13.8,5.6,3.7,6.4,4.9,2.3,0,564,0,102,0, 
0.3167,-7.1,-13.3,1.6,4.9,6.8,3.9,1.8,0,570,0,103,0, 
0.3200,-3.5,-13.6,-1.8,5.4,7.4,-0.3,-0.5,0,576,0,104,0, 
0.3233,-2.6,-13.7,-1.6,5.8,8.7,-3.7,-3.0,0,582,0,105,0, 
0.3267,-5.3,-12.9,2.2,6.7,9.6,-2.9,-4.1,0,588,0,106,0, 
0.3300,-9.9,-11.1,6.9,7.8,8.4,2.0,-2.8,0,594,0,107,0, 
0.3333,-13.0,-9.0,9.0,8.4,5.1,7.2,0.3,0,600,0,108,0, 
0.3367,-12.5,-7.4,7.3,7.6,1.6,8.3,3.6,0,606,0,109,0, 
0.3400,-8.7,-6.8,2.9,5.4,0.8,4.2,5.5,0,612,0,110,0, 
0.3433,-4.4,-7.1,-1.2,2.5,3.8,-1.7,5.6,0,618,0,111,0, 
0.3467,-2.4,-7.5,-2.8,-0.2,8.6,-4.0,5.0,0,624,0,112,0, 
0.3500,-3.4,-7.2,-1.4,-1.9,11.6,-0.4,5.1,0,630,0,113,0, 
0.3533,-5.8,-6.3,1.7,-2.3,10.5,6.4,6.5,0,636,0,114,0, 
0.3567,-7.3,-5.1,4.4,-1.9,6.0,10.3,8.3,0,642,0,115,0, 
0.3600,-6.4,-4.7,4.9,-1.2,1.2,7.4,8.8,0,648,0,116,0, 
0.3633,-3.9,-5.8,2.4,-0.4,-1.1,-0.8,6.9,0,654,0,117,0, 
0.3667,-1.6,-8.4,-2.6,0.1,-0.4,-8.1,3.5,0,660,0,118,0, 
0.3700,-0.9,-11.5,-8.1,0.5,1.7,-8.8,0.5,0,666,0,119,0, 
0.3733,-1.8,-13.9,-11.5,0.8,3.2,-2.9,-0.6,0,672,0,120,0, 
0.3767,-3.2,-14.6,-11.4,0.9,3.7,4.2,0.3,0,678,0,121,0, 
0.3800,-3.8,-13.5,-7.9,0.7,4.2,5.9,1.7,0,684,0,122,0, 
0.3833,-3.2,-11.4,-3.2,0.3,5.7,0.4,2.3,0,690,0,123,0, 
0.3867,-1.9,-9.1,0.0,-0.2,8.1,-7.8,1.9,0,696,0,124,0, 
0.3900,-0.6,-7.2,0.2,-0.9,10.3,-11.5,2.0,0,702,0,125,0, 
0.3933,0.5,-6.0,-2.1,-1.8,10.8,-6.6,3.8,0,708,0,126,0, 
0.3967,1.7,-5.3,-5.0,-2.7,9.7,3.9,7.0,0,714,0,127,0, 
0.4000,3.8,-5.1,-7.1,-3.6,7.9,12.6,10.2,0,720,0,128,0, 
0.4033,6.6,-5.3,-8.0,-4.3,6.7,13.4,11.3,0,726,0,129,0, 
0.4067,9.4,-6.1,-8.5,-4.6,6.4,6.1,9.8,0,732,0,130,0, 
0.4100,11.0,-7.3,-9.4,-4.4,6.7,-3.4,6.8,0,738,0,131,0, 
0.4133,10.8,-8.6,-10.7,-3.8,7.0,-8.0,4.2,0,744,0,132,0, 
0.4167,8.9,-9.5,-11.8,-3.1,6.9,-4.7,3.5,0,750,0,133,0, 
0.4200,6.5,-9.9,-12.0,-2.5,6.4,3.2,4.3,0,756,0,134,0, 
0.4233,4.5,-9.9,-10.9,-2.2,5.4,9.3,5.1,0,762,0,135,0, 
0.4267,3.5,-10.1,-8.9,-2.0,3.9,8.4,4.8,0,768,0,136,0, 
0.4300,3.0,-10.9,-6.6,-1.9,2.3,0.5,2.9,0,774,0,137,0, 
0.4333,2.2,-12.5,-5.3,-1.4,1.0,-10.2,0.1,0,780,0,138,0, 
0.4367,0.6,-14.7,-6.0,-0.8,0.6,-18.2,-2.8,0,786,0,139,0, 
0.4400,-1.5,-16.8,-9.2,-0.3,1.2,-20.7,-5.3,0,792,0,140,0, 
0.4433,-3.4,-18.5,-14.1,-0.5,2.2,-18.6,-6.9,0,798,0,141,0, 
0.4467,-4.4,-19.1,-18.2,-1.2,2.7,-14.7,-7.5,0,804,0,142,0, 
0.4500,-4.7,-18.6,-19.1,-2.0,2.0,-11.4,-6.7,0,810,0,143,0, 
0.4533,-4.5,-17.4,-16.1,-2.2,0.1,-9.4,-4.6,0,816,0,144,0, 
0.4567,-4.3,-16.1,-11.1,-1.6,-2.1,-7.9,-2.0,0,822,0,145,0, 
0.4600,-4.0,-15.2,-7.7,-0.3,-3.8,-6.6,-0.2,0,828,0,146,0, 
0.4633,-3.5,-14.9,-7.9,0.8,-4.6,-6.4,-0.4,0,834,0,147,0, 
0.4667,-2.7,-14.6,-10.5,1.0,-4.8,-8.2,-2.4,0,840,0,148,0, 
0.4700,-2.1,-13.7,-11.5,0.2,-4.8,-11.7,-5.3,0,846,0,149,0, 
0.4733,-2.2,-11.5,-7.7,-0.7,-4.9,-15.2,-7.4,0,852,0,150,0, 
0.4767,-3.1,-8.2,0.2,-0.8,-5.1,-15.8,-7.8,0,858,0,151,0, 
0.4800,-4.5,-4.9,7.9,0.4,-4.4,-12.3,-7.0,0,864,0,152,0, 
0.4833,-5.6,-3.0,10.6,2.3,-2.3,-5.7,-5.9,0,870,0,153,0, 
0.4867,-5.9,-3.5,6.6,3.6,1.3,0.9,-5.6,0,876,0,154,0, 
0.4900,-6.1,-6.2,-1.3,3.5,5.4,4.7,-6.0,0,882,0,155,0, 
0.4933,-6.7,-9.8,-8.0,1.9,8.1,4.3,-6.4,0,888,0,156,0, 
0.4967,-8.0,-12.4,-10.2,0.1,8.4,1.0,-5.8,0,894,0,157,0, 
0.5000,-9.2,-12.8,-8.1,-0.5,6.0,-3.0,-3.7,0,900,0,158,0, 
0.5033,-9.1,-11.0,-4.6,0.9,2.7,-5.7,-0.5,0,906,0,159,0, 
0.5067,-6.8,-7.8,-2.3,3.7,0.4,-6.2,3.2,0,912,0,160,0, 
0.5100,-3.1,-4.6,-2.0,6.5,0.4,-4.8,7.1,0,918,0,161,0, 
0.5133,0.4,-2.4,-2.7,7.7,2.4,-1.6,11.5,0,924,0,162,0, 
0.5167,1.7,-1.3,-3.2,6.9,4.8,3.0,16.7,0,930,0,163,0, 
0.5200,0.3,-0.7,-3.3,4.7,6.2,8.4,21.7,0,936,0,164,0, 
0.5233,-2.5,-0.4,-3.5,2.7,6.4,13.3,24.8,0,942,0,165,0, 
0.5267,-4.5,-0.4,-3.4,2.1,6.3,15.7,23.9,0,948,0,166,0, 
0.5300,-4.2,-0.8,-2.5,3.2,6.7,14.1,18.1,0,954,0,167,0, 
0.5333,-1.6,-1.7,-0.1,5.1,7.3,8.5,8.4,0,960,0,168,0, 
0.5367,1.3,-3.0,3.1,6.6,7.4,0.5,-2.1,0,966,0,169,0, 
0.5400,2.4,-4.2,5.8,6.8,6.3,-7.3,-10.0,0,972,0,170,0, 
0.5433,0.5,-4.9,7.1,6.0,4.6,-12.6,-13.7,0,978,0,171,0, 
0.5467,-3.5,-5.1,7.2,5.1,3.5,-14.5,-13.6,0,984,0,172,0, 
0.5500,-7.4,-5.2,6.9,5.0,3.4,-13.5,-11.8,0,990,0,173,0, 
0.5533,-8.9,-5.7,6.3,5.9,3.6,-11.0,-10.6,0,996,0,174,0, 
0.5567,-7.2,-6.7,4.1,6.6,2.5,-8.5,-11.1,0,1002,0,175,0, 
0.5600,-3.4,-8.2,-0.3,6.0,-0.6,-7.6,-12.8,0,1008,0,176,0, 
0.5633,0.2,-10.0,-6.2,3.9,-4.3,-8.8,-14.6,0,1014,0,177,0, 
0.5667,1.5,-11.8,-10.8,1.0,-6.2,-11.5,-15.2,0,1020,0,178,0, 
0.5700,0.3,-13.2,-11.1,-1.1,-5.0,-14.2,-14.2,0,1026,0,179,0, 
0.5733,-2.2,-13.9,-6.5,-1.2,-1.3,-15.0,-11.8,0,1032,0,180,0, 
0.5767,-4.1,-13.6,0.3,0.7,2.3,-12.9,-8.8,0,1038,0,181,0, 
0.5800,-4.3,-12.2,5.1,3.2,3.6,-8.3,-5.9,0,1044,0,182,0, 
0.5833,-3.3,-10.1,5.6,4.5,2.5,-3.2,-3.7,0,1050,0,183,0, 
0.5867,-2.1,-8.0,2.2,3.5,0.9,0.4,-2.8,0,1056,0,184,0, 
0.5900,-1.8,-6.9,-2.3,0.7,1.0,1.4,-3.0,0,1062,0,185,0, 
0.5933,-2.1,-6.9,-5.3,-2.6,3.3,0.3,-3.8,0,1068,0,186,0, 
0.5967,-2.4,-7.9,-6.0,-4.7,6.3,-1.7,-4.4,0,1074,0,187,0, 
0.6000,-1.8,-8.7,-5.2,-4.8,7.7,-3.1,-4.2,0,1080,0,188,0, 
0.6033,-0.2,-8.4,-4.0,-3.3,6.8,-3.8,-3.4,0,1086,0,189,0, 
0.6067,1.9,-7.0,-2.8,-1.1,4.6,-3.7,-2.6,0,1092,0,190,0, 
0.6100,4.0,-5.4,-1.8,0.6,3.3,-2.8,-2.3,0,1098,0,191,0, 
0.6133,5.6,-4.9,-1.5,1.1,3.9,-1.1,-2.4,0,1104,0,192,0, 
0.6167,6.8,-6.4,-2.5,0.6,5.5,1.0,-2.5,0,1110,0,193,0, 
0.6200,7.7,-9.3,-5.1,-0.1,6.0,2.3,-2.4,0,1116,0,194,0, 
0.6233,8.0,-12.6,-8.4,-0.8,4.2,0.8,-2.6,0,1122,0,195,0, 
0.6267,7.5,-15.0,-10.8,-1.2,0.4,-3.9,-4.1,0,1128,0,196,0, 
0.6300,6.4,-15.8,-11.2,-1.8,-3.4,-10.1,-7.2,0,1134,0,197,0, 
0.6333,5.0,-15.2,-9.9,-2.6,-5.2,-14.1,-10.8,0,1140,0,198,0, 
0.6367,3.6,-13.6,-8.3,-3.4,-4.3,-12.9,-12.9,0,1146,0,199,0, 
0.6400,2.5,-11.5,-7.1,-3.5,-1.6,-6.8,-12.1,0,1152,0,200,0, 
0.6433,1.4,-8.8,-6.1,-2.9,1.3,0.2,-8.6,0,1158,0,201,0, 
0.6467,0.5,-5.8,-4.1,-2.0,3.1,2.9,-4.1,0,1164,0,202,0, 
0.6500,0.0,-2.8,-0.4,-1.6,3.5,-0.9,-0.7,0,1170,0,203,0, 
0.6533,0.8,-0.2,4.4,-1.9,2.9,-8.5,0.6,0,1176,0,204,0, 
0.6567,3.0,2.0,8.9,-2.5,2.2,-14.0,0.7,0,1182,0,205,0, 
0.6600,6.0,3.8,11.5,-2.1,2.0,-12.7,1.1,0,1188,0,206,0, 
0.6633,8.6,5.5,11.4,-0.4,2.5,-5.3,2.8,0,1194,0,207,0, 
0.6667,9.9,6.6,8.5,2.2,3.6,3.2,5.1,0,1200,0,208,0, 
0.6700,9.8,6.6,3.4,4.1,5.1,7.0,6.6,0,1206,0,209,0, 
0.6733,9.0,5.5,-1.8,4.1,6.7,4.4,6.8,0,1212,0,210,0, 
0.6767,8.4,4.4,-4.1,2.5,8.2,-1.2,6.0,0,1218,0,211,0, 
0.6800,8.1,5.0,-0.3,1.2,9.2,-4.6,5.4,0,1224,0,212,0, 
0.6833,8.1,8.1,9.4,2.0,9.4,-3.2,5.6,0,1230,0,213,0, 
0.6867,8.3,12.3,20.7,5.1,8.5,1.0,6.4,0,1236,0,214,0, 
0.6900,8.7,14.7,26.7,8.8,6.6,3.5,6.7,0,1242,0,215,0, 
0.6933,9.5,13.3,22.9,10.6,4.5,1.5,5.9,0,1248,0,216,0, 
0.6967,10.0,8.5,11.8,9.7,3.2,-3.4,4.3,0,1254,0,217,0, 
0.7000,9.1,3.3,2.1,7.1,3.1,-7.0,2.7,0,1260,0,218,0, 
0.7033,5.9,1.2,2.0,5.4,3.8,-6.2,1.5,0,1266,0,219,0, 
0.7067,1.1,3.3,12.6,6.1,3.8,-2.0,0.6,0,1272,0,220,0, 
0.7100,-3.6,7.5,26.6,8.2,2.1,1.8,-0.4,0,1278,0,221,0, 
0.7133,-5.9,10.5,33.7,10.0,-1.2,1.7,-1.4,0,1284,0,222,0, 
0.7167,-5.0,10.9,29.0,9.8,-4.2,-2.4,-1.8,0,1290,0,223,0, 
0.7200,-1.5,9.8,17.4,8.2,-4.8,-6.9,-0.8,0,1296,0,224,0, 
0.7233,2.6,10.2,8.6,7.2,-2.3,-7.8,1.8,0,1302,0,225,0, 
0.7267,5.9,13.0,8.5,8.1,2.1,-3.4,5.2,0,1308,0,226,0, 
0.7300,8.6,16.6,14.7,10.4,6.0,3.9,8.1,0,1314,0,227,0, 
0.7333,11.3,17.6,18.7,12.2,7.4,10.2,9.7,0,1320,0,228,0, 
0.7367,14.4,14.5,14.9,11.8,6.1,11.9,9.7,0,1326,0,229,0, 
0.7400,17.3,9.0,5.8,9.6,3.7,8.3,8.9,0,1332,0,230,0, 
0.7433,18.3,5.4,0.0,7.7,2.3,1.5,8.2,0,1338,0,231,0, 
0.7467,16.5,6.7,4.3,7.5,3.0,-4.5,8.5,0,1344,0,232,0, 
0.7500,12.6,12.5,17.2,9.0,5.6,-6.1,10.1,0,1350,0,233,0, 
0.7533,8.3,18.7,29.6,10.5,8.3,-1.5,12.9,0,1356,0,234,0, 
0.7567,5.9,21.2,32.3,10.3,9.4,7.7,15.7,0,1362,0,235,0, 
0.7600,6.3,18.5,22.8,8.4,7.7,16.7,17.3,0,1368,0,236,0, 
0.7633,9.0,12.9,7.3,6.4,3.6,19.9,16.6,0,1374,0,237,0, 
0.7667,12.4,8.2,-4.5,6.1,-1.4,14.5,13.7,0,1380,0,238,0, 
0.7700,14.6,7.3,-6.9,7.8,-4.8,3.0,10.4,0,1386,0,239,0, 
0.7733,14.7,10.0,-0.6,9.8,-4.6,-7.3,9.2,0,1392,0,240,0, 
0.7767,13.0,14.1,8.1,10.1,-0.7,-9.4,11.3,0,1398,0,241,0, 
0.7800,11.0,17.0,13.1,8.2,4.5,-1.5,15.5,0,1404,0,242,0, 
0.7833,10.3,17.5,12.0,4.9,7.9,10.8,19.0,0,1410,0,243,0, 
0.7867,12.0,16.1,6.7,2.4,7.8,19.1,19.6,0,1416,0,244,0, 
0.7900,15.8,14.5,1.4,1.9,4.9,19.1,17.5,0,1422,0,245,0, 
0.7933,19.7,14.3,-0.2,3.1,2.7,14.6,15.9,0,1428,0,246,0, 
0.7967,21.5,16.1,3.4,4.8,3.8,14.2,18.5,0,1434,0,247,0, 
0.8000,20.1,19.5,11.1,5.9,8.4,23.3,26.0,0,1440,0,248,0, 
0.8033,16.6,23.1,19.5,6.0,12.8,38.2,35.0,0,1446,0,249,0, 
0.8067,13.3,25.2,25.1,5.9,12.9,47.3,40.0,0,1452,0,250,0, 
0.8100,12.7,24.7,25.6,6.3,6.6,40.5,37.0,0,1458,0,251,0, 
0.8133,15.3,21.5,21.4,7.3,-4.0,17.7,26.8,0,1464,0,252,0, 
0.8167,19.2,16.7,15.0,8.4,-14.2,-9.9,14.3,0,1470,0,253,0, 
0.8200,21.7,11.8,8.8,8.7,-19.4,-27.3,5.4,0,1476,0,254,0, 
0.8233,21.0,7.7,4.2,7.8,-18.5,-26.8,2.9,0,1482,0,255,0, 
0.8267,17.3,4.6,0.8,6.1,-13.6,-13.0,5.3,0,1488,0,0,0, 
0.8300,12.6,2.3,-2.2,4.5,-8.4,1.6,8.4,0,1494,0,1,0, 
0.8333,9.1,0.7,-4.2,3.7,-5.7,6.2,8.9,0,1500,0,2,0, 
0.8367,7.6,0.4,-4.2,4.2,-6.2,-0.4,6.7,0,1506,0,3,0, 
0.8400,7.5,1.7,-1.4,5.4,-8.5,-10.8,3.9,0,1512,0,4,0, 
0.8433,7.3,4.2,3.1,6.1,-10.8,-16.4,2.6,0,1518,0,5,0, 
0.8467,5.9,7.0,7.0,5.4,-11.8,-13.7,3.4,0,1524,0,6,0, 
0.8500,3.4,8.5,8.2,3.0,-10.9,-6.5,5.0,0,1530,0,7,0, 
0.8533,0.7,8.2,6.6,-0.2,-8.7,-0.8,6.0,0,1536,0,8,0, 
0.8567,-1.1,6.8,3.6,-2.5,-6.1,0.7,6.0,0,1542,0,9,0, 
0.8600,-1.7,5.6,1.1,-2.9,-4.2,0.2,5.6,0,1548,0,10,0, 
0.8633,-1.6,5.8,0.0,-1.2,-4.1,1.6,5.5,0,1554,0,11,0, 
0.8667,-1.1,7.3,0.5,1.5,-5.8,6.4,6.1,0,1560,0,12,0, 
0.8700,-0.6,9.5,2.6,4.0,-8.6,11.9,7.0,0,1566,0,13,0, 
0.8733,0.7,11.4,6.7,5.4,-11.2,14.1,8.1,0,1572,0,14,0, 
0.8767,3.2,12.6,12.7,6.0,-12.2,11.8,10.0,0,1578,0,15,0, 
0.8800,7.0,13.4,18.9,6.1,-11.1,7.3,13.1,0,1584,0,16,0, 
0.8833,10.9,14.1,22.5,5.8,-7.9,4.8,17.2,0,1590,0,17,0, 
0.8867,13.6,14.7,21.3,5.0,-3.4,6.9,21.0,0,1596,0,18,0, 
0.8900,13.9,15.3,15.8,3.3,1.2,12.3,23.0,0,1602,0,19,0, 
0.8933,12.3,15.7,9.2,0.9,4.3,17.3,23.0,0,1608,0,20,0, 
0.8967,10.4,16.4,5.1,-1.1,4.5,19.0,21.5,0,1614,0,21,0, 
0.9000,9.8,17.4,5.1,-2.0,1.8,17.1,19.8,0,1620,0,22,0, 
0.9033,11.0,18.6,7.6,-1.8,-2.0,13.7,18.4,0,1626,0,23,0, 
0.9067,13.1,19.0,9.9,-0.9,-4.2,11.3,17.0,0,1632,0,24,0, 
0.9100,14.3,18.1,10.6,-0.2,-3.1,10.8,14.5,0,1638,0,25,0, 
0.9133,13.6,16.0,10.2,0.2,0.7,10.8,10.6,0,1644,0,26,0, 
0.9167,11.9,13.7,10.4,0.8,4.1,9.3,5.7,0,1650,0,27,0, 
0.9200,11.3,12.2,11.4,1.9,4.2,5.4,1.0,0,1656,0,28,0, 
0.9233,12.9,11.7,11.7,3.1,0.2,0.6,-2.5,0,1662,0,29,0, 
0.9267,16.3,11.3,9.3,3.5,-5.2,-1.7,-4.0,0,1668,0,30,0, 
0.9300,19.6,9.9,4.3,2.6,-7.9,1.3,-3.5,0,1674,0,31,0, 
0.9333,20.6,7.3,-0.9,0.7,-5.7,9.8,-0.7,0,1680,0,32,0, 
0.9367,19.3,4.9,-2.8,-1.2,0.3,20.6,4.2,0,1686,0,33,0, 
0.9400,17.4,4.4,0.3,-1.8,6.1,28.5,10.2,0,1692,0,34,0, 
0.9433,16.6,6.7,6.7,-0.8,8.6,29.9,15.9,0,1698,0,35,0, 
0.9467,17.5,10.8,12.4,0.8,7.5,25.2,19.7,0,1704,0,36,0, 
0.9500,18.6,14.2,13.6,1.7,5.5,18.1,20.8,0,1710,0,37,0, 
0.9533,17.5,14.5,9.1,1.0,5.6,13.1,19.8,0,1716,0,38,0, 
0.9567,13.6,11.3,1.0,-1.2,8.4,12.3,18.0,0,1722,0,39,0, 
0.9600,8.3,6.2,-6.3,-3.4,12.0,14.0,16.5,0,1728,0,40,0, 
0.9633,4.4,2.1,-9.3,-4.4,13.4,15.2,15.4,0,1734,0,41,0, 
0.9667,4.0,0.5,-6.8,-3.3,11.1,14.2,14.3,0,1740,0,42,0, 
0.9700,6.8,1.6,-0.9,-0.8,6.3,12.4,13.0,0,1746,0,43,0, 
0.9733,10.6,4.1,5.0,1.9,1.5,12.6,11.9,0,1752,0,44,0, 
0.9767,13.0,6.7,8.4,3.8,-1.2,16.3,12.0,0,1758,0,45,0, 
0.9800,12.9,8.6,8.9,4.5,-1.4,21.7,13.5,0,1764,0,46,0, 
0.9833,11.4,10.1,7.8,4.2,-0.3,24.7,15.6,0,1770,0,47,0, 
0.9867,10.4,11.4,7.2,3.4,0.7,22.5,16.8,0,1776,0,48,0, 
0.9900,10.7,12.3,7.8,2.6,1.1,15.9,15.8,0,1782,0,49,0, 
0.9933,12.0,12.4,8.8,1.7,1.3,9.1,13.1,0,1788,0,50,0, 
0.9967,12.9,11.6,8.8,0.7,2.0,6.6,10.1,0,1794,0,51,0, 
1.0000,12.3,10.4,7.2,-0.5,3.6,9.6,8.3,0,1800,0,52,0, 
1.0033,10.4,9.4,4.5,-1.5,6.1,15.4,7.8,0,1806,0,53,0, 
1.0067,8.2,8.4,1.7,-2.3,8.4,19.0,7.2,0,1812,0,54,0, 
1.0100,7.0,6.8,-1.2,-3.0,9.3,17.1,4.9,0,1818,0,55,0, 
1.0133,6.9,4.0,-4.3,-4.1,7.8,10.1,0.5,0,1824,0,56,0, 
1.0167,7.3,0.3,-7.6,-5.5,3.9,2.3,-4.1,0,1830,0,57,0, 
1.0200,7.2,-2.5,-9.7,-6.8,-0.8,-1.8,-6.6,0,1836,0,58,0, 
1.0233,6.4,-2.6,-8.2,-7.1,-4.0,-0.2,-5.5,0,1842,0,59,0, 
1.0267,5.4,0.9,-2.1,-5.7,-4.1,4.9,-1.6,0,1848,0,60,0, 
1.0300,5.1,6.4,6.7,-2.6,-1.2,8.8,2.3,0,1854,0,61,0, 
1.0333,6.2,11.3,13.6,0.8,2.5,8.2,3.8,0,1860,0,62,0, 
1.0367,8.1,13.0,14.7,2.9,4.1,3.8,2.5,0,1866,0,63,0, 
1.0400,9.7,10.8,9.5,2.9,2.5,-0.7,0.3,0,1872,0,64,0, 
1.0433,9.7,6.3,1.5,1.5,-0.9,-1.4,-0.3,0,1878,0,65,0, 
1.0467,7.7,2.2,-4.2,-0.1,-3.5,2.0,1.3,0,1884,0,66,0, 
1.0500,4.5,0.0,-5.1,-0.7,-3.4,6.0,3.8,0,1890,0,67,0, 
1.0533,1.6,-0.5,-2.6,-0.6,-0.9,6.2,4.2,0,1896,0,68,0, 
1.0567,0.0,-0.7,-0.9,-0.8,2.1,1.4,1.2,0,1902,0,69,0, 
1.0600,-0.2,-2.0,-2.4,-2.3,3.6,-5.3,-4.2,0,1908,0,70,0, 
1.0633,0.5,-4.2,-6.4,-5.0,3.2,-8.9,-8.8,0,1914,0,71,0, 
1.0667,1.4,-5.8,-9.8,-7.6,2.3,-7.3,-10.0,0,1920,0,72,0, 
1.0700,2.2,-5.2,-9.9,-8.5,2.3,-2.5,-7.2,0,1926,0,73,0, 
1.0733,3.3,-2.4,-7.1,-7.6,3.7,1.0,-2.4,0,1932,0,74,0, 
1.0767,4.8,1.5,-3.5,-5.6,5.3,1.1,2.0,0,1938,0,75,0, 
1.0800,5.9,4.6,-1.2,-3.8,6.0,0.5,4.8,0,1944,0,76,0, 
1.0833,5.8,6.2,-0.1,-2.6,5.3,3.5,6.4,0,1950,0,77,0, 
1.0867,4.0,6.9,1.3,-1.6,4.0,11.7,8.0,0,1956,0,78,0, 
1.0900,1.1,7.9,3.9,-0.3,3.0,21.1,9.8,0,1962,0,79,0, 
1.0933,-1.5,9.8,6.8,1.5,3.0,24.8,10.9,0,1968,0,80,0, 
1.0967,-2.5,12.1,7.8,2.9,3.4,18.7,10.1,0,1974,0,81,0, 
1.1000,-2.3,13.5,6.0,3.0,3.8,5.6,7.2,0,1980,0,82,0, 
1.1033,-2.0,12.6,2.4,1.8,3.5,-6.5,3.2,0,1986,0,83,0, 
1.1067,-3.0,9.4,-0.5,0.2,2.6,-10.9,-0.5,0,1992,0,84,0, 
1.1100,-5.4,5.1,-1.4,-0.5,1.1,-6.8,-2.9,0,1998,0,85,0, 
1.1133,-8.0,1.3,-0.7,0.0,-0.5,0.1,-4.1,0,2004,0,86,0, 
1.1167,-8.9,-0.7,-0.3,1.1,-2.1,3.0,-4.6,0,2010,0,87,0, 
1.1200,-8.0,-0.5,-1.4,1.7,-3.2,-0.3,-4.6,0,2016,0,88,0, 
1.1233,-6.4,1.2,-3.2,1.3,-3.2,-6.2,-3.8,0,2022,0,89,0, 
1.1267,-5.9,3.5,-4.1,0.5,-2.5,-9.2,-2.1,0,2028,0,90,0, 
1.1300,-7.5,5.5,-2.7,0.2,-1.5,-6.4,-0.1,0,2034,0,91,0, 
1.1333,-10.6,6.6,0.4,1.0,-1.1,0.1,1.4,0,2040,0,92,0, 
1.1367,-13.3,6.7,3.5,2.3,-1.3,5.7,2.1,0,2046,0,93,0, 
1.1400,-14.5,6.3,5.2,3.3,-1.1,7.7,2.3,0,2052,0,94,0, 
1.1433,-14.5,6.1,5.6,3.6,0.7,7.1,3.0,0,2058,0,95,0, 
1.1467,-14.3,6.6,6.0,3.4,4.3,6.9,4.6,0,2064,0,96,0, 
1.1500,-15.0,7.9,7.2,3.5,8.1,9.3,6.9,0,2070,0,97,0, 
1.1533,-16.0,9.4,8.8,4.4,9.7,12.9,8.9,0,2076,0,98,0, 
1.1567,-15.9,9.8,8.9,5.6,7.6,14.7,9.8,0,2082,0,99,0, 
1.1600,-13.5,8.5,6.1,6.1,2.9,12.0,9.3,0,2088,0,100,0, 
1.1633,-9.2,5.7,0.8,5.3,-1.4,5.5,8.0,0,2094,0,101,0, 
1.1667,-4.9,2.8,-4.4,3.7,-2.0,-1.1,6.6,0,2100,0,102,0, 
1.1700,-2.4,1.1,-6.2,2.4,2.0,-4.2,5.6,0,2106,0,103,0, 
1.1733,-2.3,1.5,-2.7,2.6,8.4,-2.5,5.2,0,2112,0,104,0, 
1.1767,-3.1,3.2,4.8,4.1,13.3,2.1,5.5,0,2118,0,105,0, 
1.1800,-3.0,5.1,12.5,5.8,13.5,6.0,6.5,0,2124,0,106,0, 
1.1833,-1.3,5.9,16.8,6.2,9.0,6.7,7.9,0,2130,0,107,0, 
1.1867,1.3,5.5,15.8,4.6,2.8,4.0,8.8,0,2136,0,108,0, 
1.1900,3.1,4.4,10.8,1.7,-1.3,0.4,8.4,0,2142,0,109,0, 
1.1933,2.6,3.4,4.4,-1.1,-1.1,-1.4,6.2,0,2148,0,110,0, 
1.1967,0.1,2.5,-1.0,-2.7,2.4,0.2,2.9,0,2154,0,111,0, 
1.2000,-3.0,1.0,-4.2,-2.7,6.6,3.9,-0.3,0,2160,0,112,0, 
1.2033,-5.6,-1.6,-5.4,-1.9,8.6,7.0,-2.2,0,2166,0,113,0, 
1.2067,-7.2,-5.3,-5.5,-1.1,7.8,6.9,-3.1,0,2172,0,114,0, 
1.2100,-8.5,-8.8,-5.0,-0.7,5.4,2.4,-4.1,0,2178,0,115,0, 
1.2133,-10.2,-11.3,-4.8,-0.9,3.2,-5.0,-6.6,0,2184,0,116,0, 
1.2167,-12.3,-12.3,-5.7,-1.3,2.3,-12.3,-10.5,0,2190,0,117,0, 
1.2200,-13.9,-12.2,-8.0,-1.6,1.9,-16.2,-14.6,0,2196,0,118,0, 
1.2233,-13.8,-11.8,-10.9,-1.4,0.8,-15.2,-16.9,0,2202,0,119,0, 
1.2267,-11.8,-11.0,-12.5,-0.9,-1.1,-10.0,-16.2,0,2208,0,120,0, 
1.2300,-8.8,-9.6,-11.4,-0.1,-2.6,-3.4,-12.8,0,2214,0,121,0, 
1.2333,-6.0,-7.1,-8.0,0.7,-2.1,1.6,-8.3,0,2220,0,122,0, 
1.2367,-4.0,-3.9,-4.9,1.4,1.3,3.3,-4.6,0,2226,0,123,0, 
1.2400,-2.5,-0.9,-4.6,1.7,6.3,2.1,-2.3,0,2232,0,124,0, 
1.2433,-0.4,0.8,-7.3,1.9,10.1,0.4,-1.3,0,2238,0,125,0, 
1.2467,2.6,1.2,-10.1,1.9,10.4,0.1,-0.8,0,2244,0,126,0, 
1.2500,5.9,1.0,-9.3,2.1,6.8,1.6,-0.5,0,2250,0,127,0, 
1.2533,8.1,1.3,-4.0,2.1,1.2,3.5,-0.5,0,2256,0,128,0, 
1.2567,8.1,2.2,2.9,1.8,-3.2,3.6,-0.6,0,2262,0,129,0, 
1.2600,6.1,3.3,6.4,1.0,-4.1,0.9,-0.6,0,2268,0,130,0, 
1.2633,3.7,4.0,3.9,0.0,-1.6,-3.8,0.0,0,2274,0,131,0, 
1.2667,2.4,4.2,-2.5,-0.6,2.3,-8.7,1.2,0,2280,0,132,0, 
1.2700,2.6,4.5,-7.3,-0.3,5.0,-12.1,2.2,0,2286,0,133,0, 
1.2733,3.8,5.3,-6.1,1.1,5.3,-13.4,1.6,0,2292,0,134,0, 
1.2767,4.2,6.5,0.4,3.1,3.7,-12.9,-1.1,0,2298,0,135,0, 
1.2800,3.1,7.2,7.4,5.0,1.9,-11.0,-5.2,0,2304,0,136,0, 
1.2833,0.9,6.5,9.6,6.3,1.2,-8.1,-8.7,0,2310,0,137,0, 
1.2867,-0.9,4.5,6.0,6.8,1.8,-5.0,-9.8,0,2316,0,138,0, 
1.2900,-0.9,2.1,0.4,6.7,2.7,-2.5,-8.0,0,2322,0,139,0, 
1.2933,1.2,0.6,-2.3,6.2,3.2,-1.6,-4.7,0,2328,0,140,0, 
1.2967,4.3,0.6,-0.2,5.4,3.2,-2.6,-1.9,0,2334,0,141,0, 
1.3000,6.7,1.6,4.1,4.4,3.5,-4.4,-1.2,0,2340,0,142,0, 
1.3033,7.4,2.2,5.9,3.3,5.0,-5.5,-2.6,0,2346,0,143,0, 
1.3067,6.2,1.5,2.5,2.2,7.6,-5.1,-4.9,0,2352,0,144,0, 
1.3100,4.0,-0.5,-4.8,1.2,9.8,-3.8,-6.6,0,2358,0,145,0, 
1.3133,2.0,-3.4,-11.8,0.4,10.3,-3.2,-6.8,0,2364,0,146,0, 
1.3167,0.4,-6.2,-14.4,-0.3,8.2,-4.2,-5.7,0,2370,0,147,0, 
1.3200,-0.9,-8.3,-11.5,-0.8,4.3,-6.2,-4.0,0,2376,0,148,0, 
1.3233,-2.3,-9.4,-5.2,-0.9,0.9,-7.6,-2.5,0,2382,0,149,0, 
1.3267,-4.0,-9.8,1.0,-0.5,-0.3,-7.3,-1.7,0,2388,0,150,0, 
1.3300,-5.2,-9.8,4.0,0.4,1.3,-5.4,-1.9,0,2394,0,151,0, 
1.3333,-4.8,-10.0,2.3,1.5,4.2,-3.2,-2.9,0,2400,0,152,0, 
1.3367,-2.5,-10.4,-2.8,2.4,6.3,-2.0,-4.5,0,2406,0,153,0, 
1.3400,0.9,-10.9,-8.4,2.9,5.9,-2.3,-6.3,0,2412,0,154,0, 
1.3433,3.6,-10.5,-10.8,3.3,3.4,-3.6,-7.5,0,2418,0,155,0, 
1.3467,3.6,-8.5,-7.7,4.0,0.9,-4.8,-7.8,0,2424,0,156,0, 
1.3500,0.6,-4.7,-0.1,5.1,0.4,-4.9,-7.3,0,2430,0,157,0, 
1.3533,-4.1,-0.5,7.8,6.3,2.6,-3.8,-6.5,0,2436,0,158,0, 
1.3567,-7.8,2.2,11.3,7.0,5.6,-1.8,-5.8,0,2442,0,159,0, 
1.3600,-7.9,2.1,8.1,7.0,6.4,-0.3,-5.5,0,2448,0,160,0, 
1.3633,-4.0,-0.4,0.8,6.5,3.3,-0.4,-5.2,0,2454,0,161,0, 
1.3667,2.2,-3.5,-5.4,6.1,-2.6,-2.7,-4.4,0,2460,0,162,0, 
1.3700,7.1,-4.9,-6.4,5.7,-7.6,-6.5,-2.7,0,2466,0,163,0, 
1.3733,8.1,-3.9,-3.0,5.0,-8.1,-9.9,-0.4,0,2472,0,164,0, 
1.3767,4.4,-1.5,0.7,3.8,-3.1,-11.0,1.8,0,2478,0,165,0, 
1.3800,-2.3,0.7,0.9,2.3,4.6,-9.1,2.9,0,2484,0,166,0, 
1.3833,-9.2,1.9,-1.9,1.4,10.3,-5.6,3.0,0,2490,0,167,0, 
1.3867,-13.9,2.6,-3.6,1.9,10.4,-3.1,2.7,0,2496,0,168,0, 
1.3900,-15.2,3.9,-0.5,3.7,5.0,-3.5,2.8,0,2502,0,169,0, 
1.3933,-13.9,6.0,6.9,5.6,-2.4,-6.7,3.8,0,2508,0,170,0, 
1.3967,-11.0,7.6,13.1,6.1,-7.2,-10.7,5.1,0,2514,0,171,0, 
1.4000,-7.7,6.9,12.7,4.5,-7.3,-12.5,5.3,0,2520,0,172,0, 
1.4033,-4.6,3.5,5.2,1.6,-3.5,-10.6,3.9,0,2526,0,173,0, 
1.4067,-2.4,-1.1,-4.6,-0.8,1.1,-5.4,1.7,0,2532,0,174,0, 
1.4100,-1.2,-4.1,-9.8,-1.4,3.8,0.7,0.5,0,2538,0,175,0, 
1.4133,-0.8,-3.7,-7.2,-0.2,3.6,5.0,1.9,0,2544,0,176,0, 
1.4167,-0.4,-0.3,0.2,1.7,1.6,5.7,5.9,0,2550,0,177,0, 
1.4200,0.9,3.7,6.6,2.8,-0.6,3.5,10.6,0,2556,0,178,0, 
1.4233,3.8,6.0,7.4,2.8,-1.7,0.4,13.8,0,2562,0,179,0, 
1.4267,7.5,5.7,3.0,2.0,-1.4,-1.2,14.2,0,2568,0,180,0, 
1.4300,10.3,3.8,-3.0,1.1,-0.2,-0.2,12.2,0,2574,0,181,0, 
1.4333,10.6,1.8,-7.0,0.2,0.9,2.2,9.3,0,2580,0,182,0, 
1.4367,8.0,0.3,-7.7,-0.8,0.8,3.5,6.7,0,2586,0,183,0, 
1.4400,3.9,-1.2,-6.3,-2.0,-0.8,1.8,4.6,0,2592,0,184,0, 
1.4433,0.3,-3.3,-4.4,-2.9,-3.4,-2.2,2.8,0,2598,0,185,0, 
1.4467,-1.4,-5.6,-2.6,-2.8,-5.4,-5.4,1.1,0,2604,0,186,0, 
1.4500,-1.7,-7.0,-0.8,-1.5,-5.2,-5.1,0.0,0,2610,0,187,0, 
1.4533,-2.0,-6.4,0.6,0.2,-2.3,-1.2,0.3,0,2616,0,188,0, 
1.4567,-3.9,-4.1,0.9,1.1,2.1,3.4,1.6,0,2622,0,189,0, 
1.4600,-7.3,-1.8,-0.4,0.6,5.5,5.0,3.2,0,2628,0,190,0, 
1.4633,-10.7,-1.1,-2.4,-0.6,5.9,2.1,4.0,0,2634,0,191,0, 
1.4667,-12.1,-2.6,-3.6,-1.2,2.9,-2.8,4.0,0,2640,0,192,0, 
1.4700,-10.1,-4.9,-3.1,-0.5,-2.0,-6.3,3.5,0,2646,0,193,0, 
1.4733,-5.5,-6.1,-2.0,0.9,-6.5,-6.1,3.2,0,2652,0,194,0, 
1.4767,0.0,-5.2,-2.0,1.5,-9.0,-3.6,2.8,0,2658,0,195,0, 
1.4800,4.2,-3.0,-3.8,0.5,-9.1,-1.4,1.8,0,2664,0,196,0, 
1.4833,5.9,-1.1,-6.1,-1.8,-7.4,-1.1,0.1,0,2670,0,197,0, 
1.4867,4.9,-1.3,-6.7,-3.5,-4.9,-1.8,-1.7,0,2676,0,198,0, 
1.4900,2.0,-3.4,-4.4,-3.2,-2.4,-2.1,-2.6,0,2682,0,199,0, 
1.4933,-1.5,-6.3,-0.4,-0.9,-1.1,-1.9,-2.3,0,2688,0,200,0, 
1.4967,-4.2,-8.6,2.4,2.0,-1.4,-3.1,-1.8,0,2694,0,201,0, 
1.5000,-5.0,-9.6,1.9,3.4,-3.4,-7.4,-2.5,0,2700,0,202,0, 
1.5033,-3.7,-9.4,-1.7,2.8,-6.3,-13.5,-5.0,0,2706,0,203,0, 
1.5067,-0.9,-8.8,-5.9,1.0,-8.3,-17.6,-8.1,0,2712,0,204,0, 
1.5100,2.0,-8.3,-7.9,0.0,-8.3,-16.1,-9.8,0,2718,0,205,0, 
1.5133,3.7,-7.6,-6.7,1.2,-6.3,-9.4,-8.4,0,2724,0,206,0, 
1.5167,4.0,-6.1,-2.8,4.0,-3.6,-2.0,-4.6,0,2730,0,207,0, 
1.5200,3.4,-3.7,2.0,6.9,-1.8,1.1,-0.1,0,2736,0,208,0, 
1.5233,3.2,-0.7,6.0,8.1,-1.4,-1.5,3.0,0,2742,0,209,0, 
1.5267,4.0,1.8,8.3,7.3,-1.6,-6.2,4.1,0,2748,0,210,0, 
1.5300,5.5,2.7,8.9,5.5,-1.4,-8.1,3.6,0,2754,0,211,0, 
1.5333,7.1,1.9,8.2,4.5,-0.5,-5.3,2.5,0,2760,0,212,0, 
1.5367,8.1,0.1,7.1,5.0,0.2,-0.6,1.2,0,2766,0,213,0, 
1.5400,9.0,-1.3,6.6,6.6,-0.4,1.6,0.0,0,2772,0,214,0, 
1.5433,10.2,-1.0,7.5,7.7,-2.3,-0.8,-0.8,0,2778,0,215,0, 
1.5467,11.9,1.2,9.7,7.2,-4.0,-5.5,-0.7,0,2784,0,216,0, 
1.5500,13.2,4.2,12.2,5.1,-3.6,-8.4,0.6,0,2790,0,217,0, 
1.5533,12.9,6.4,13.2,2.5,-0.5,-7.1,2.8,0,2796,0,218,0, 
1.5567,10.5,6.5,11.5,0.8,4.4,-2.9,4.4,0,2802,0,219,0, 
1.5600,6.8,4.6,6.9,0.5,8.8,1.2,4.5,0,2808,0,220,0, 
1.5633,3.6,1.6,0.4,1.0,10.8,3.7,3.1,0,2814,0,221,0, 
1.5667,2.5,-0.9,-5.9,1.2,9.8,4.9,1.6,0,2820,0,222,0, 
1.5700,3.6,-1.7,-10.0,0.2,6.9,6.2,1.1,0,2826,0,223,0, 
1.5733,5.7,-0.5,-10.2,-1.8,3.7,7.4,2.0,0,2832,0,224,0, 
1.5767,7.1,1.8,-6.4,-3.6,1.5,7.1,3.6,0,2838,0,225,0, 
1.5800,6.6,4.2,0.1,-4.0,0.6,4.8,4.7,0,2844,0,226,0, 
1.5833,4.7,5.7,6.0,-2.9,0.4,2.4,5.0,0,2850,0,227,0, 
1.5867,2.7,5.7,8.6,-1.3,0.6,2.8,5.0,0,2856,0,228,0, 
1.5900,1.7,4.3,6.7,-0.3,0.9,6.7,4.9,0,2862,0,229,0, 
1.5933,1.8,2.1,2.0,-0.3,1.4,10.8,4.6,0,2868,0,230,0, 
1.5967,2.4,-0.3,-2.0,-0.8,2.3,10.6,3.4,0,2874,0,231,0, 
1.6000,2.6,-2.2,-2.8,-0.6,3.6,4.0,0.7,0,2880,0,232,0, 
1.6033,1.8,-3.6,-0.2,1.0,4.5,-5.9,-2.6,0,2886,0,233,0, 
1.6067,0.3,-4.9,3.1,3.4,4.2,-13.4,-5.4,0,2892,0,234,0, 
1.6100,-1.4,-6.8,3.9,5.1,2.0,-15.2,-7.3,0,2898,0,235,0, 
1.6133,-2.7,-9.5,1.1,5.0,-1.6,-12.6,-8.7,0,2904,0,236,0, 
1.6167,-3.5,-12.4,-3.5,3.0,-4.9,-10.1,-10.4,0,2910,0,237,0, 
1.6200,-3.7,-14.3,-6.9,0.0,-6.2,-10.7,-12.4,0,2916,0,238,0, 
1.6233,-3.3,-14.1,-7.2,-2.4,-4.6,-12.2,-13.3,0,2922,0,239,0, 
1.6267,-2.2,-12.0,-5.2,-3.3,-1.1,-10.1,-11.4,0,2928,0,240,0, 
1.6300,-0.5,-9.3,-3.5,-2.9,2.1,-2.3,-6.3,0,2934,0,241,0, 
1.6333,1.5,-7.7,-4.2,-2.2,3.3,7.8,0.1,0,2940,0,242,0, 
1.6367,3.3,-7.8,-6.8,-2.1,1.9,13.6,5.0,0,2946,0,243,0, 
1.6400,4.7,-8.9,-8.8,-2.6,-0.7,11.3,6.8,0,2952,0,244,0, 
1.6433,5.5,-9.5,-7.9,-3.1,-2.8,4.0,6.1,0,2958,0,245,0, 
1.6467,6.3,-8.4,-4.3,-3.0,-3.2,-1.1,5.4,0,2964,0,246,0, 
1.6500,7.6,-5.7,-0.4,-2.0,-2.4,1.4,6.2,0,2970,0,247,0, 
1.6533,9.3,-2.8,1.1,-0.6,-1.2,9.8,8.3,0,2976,0,248,0, 
1.6567,10.7,-0.9,-0.6,0.7,-0.2,16.5,9.5,0,2982,0,249,0, 
1.6600,10.7,-0.6,-3.4,1.2,1.1,14.3,7.7,0,2988,0,250,0, 
1.6633,8.6,-1.4,-4.5,0.9,3.1,2.8,2.9,0,2994,0,251,0, 
1.6667,4.8,-2.3,-2.8,0.2,5.5,-11.2,-2.9,0,3000,0,252,0, 
1.6700,0.8,-2.8,0.2,-0.6,7.1,-19.2,-7.2,0,3006,0,253,0, 
1.6733,-2.0,-2.8,1.9,-1.0,6.2,-17.2,-8.7,0,3012,0,254,0, 
1.6767,-2.9,-2.1,1.0,-0.7,2.7,-8.5,-7.9,0,3018,0,255,0, 
1.6800,-2.4,-0.9,-1.3,0.1,-2.0,-0.5,-6.4,0,3024,0,0,0, 
1.6833,-1.7,1.0,-2.6,1.1,-5.8,1.6,-5.2,0,3030,0,1,0, 
1.6867,-1.4,3.1,-1.2,2.0,-7.4,-1.8,-4.3,0,3036,0,2,0, 
1.6900,-1.1,4.6,2.1,2.4,-6.9,-6.3,-3.0,0,3042,0,3,0, 
1.6933,-0.1,4.8,5.4,2.6,-6.0,-7.6,-1.1,0,3048,0,4,0, 
1.6967,1.9,3.9,7.0,2.9,-6.0,-4.8,1.2,0,3054,0,5,0, 
1.7000,4.3,3.0,6.8,3.5,-6.4,-0.3,3.2,0,3060,0,6,0, 
1.7033,6.0,2.8,5.7,4.2,-6.2,3.9,4.4,0,3066,0,7,0, 
1.7067,6.4,3.2,4.2,4.6,-4.3,7.2,5.1,0,3072,0,8,0, 
1.7100,6.3,3.1,1.9,4.1,-1.1,11.1,5.2,0,3078,0,9,0, 
1.7133,6.8,1.4,-1.6,2.6,1.6,16.2,4.9,0,3084,0,10,0, 
1.7167,8.4,-1.9,-5.3,0.6,2.7,20.9,4.2,0,3090,0,11,0, 
1.7200,10.1,-5.5,-7.2,-1.3,2.4,22.0,3.2,0,3096,0,12,0, 
1.7233,10.4,-7.9,-6.2,-2.4,2.3,17.5,2.3,0,3102,0,13,0, 
1.7267,8.6,-8.2,-2.9,-3.0,3.8,8.7,1.7,0,3108,0,14,0, 
1.7300,5.7,-7.0,-0.3,-3.3,6.6,-0.1,1.3,0,3114,0,15,0, 
1.7333,3.4,-5.5,-0.5,-3.4,8.7,-4.6,0.8,0,3120,0,16,0, 
1.7367,3.1,-4.1,-3.0,-3.0,7.9,-2.9,0.1,0,3126,0,17,0, 
1.7400,4.5,-2.4,-4.8,-1.9,4.1,2.6,-0.1,0,3132,0,18,0, 
1.7433,6.2,0.6,-2.8,-0.3,-1.3,7.9,1.0,0,3138,0,19,0, 
1.7467,7.2,5.2,2.8,1.2,-5.6,9.4,3.9,0,3144,0,20,0, 
1.7500,7.3,10.3,8.9,2.0,-7.3,7.1,7.7,0,3150,0,21,0, 
1.7533,7.6,14.3,11.6,1.8,-6.7,3.8,10.6,0,3156,0,22,0, 
1.7567,8.8,16.1,10.3,1.3,-5.1,3.2,10.9,0,3162,0,23,0, 
1.7600,10.6,16.1,7.7,1.2,-3.8,6.6,8.7,0,3168,0,24,0, 
1.7633,11.7,15.2,7.4,1.8,-3.1,12.2,5.2,0,3174,0,25,0, 
1.7667,11.5,14.4,9.9,2.7,-2.8,16.2,2.3,0,3180,0,26,0, 
1.7700,10.2,13.5,12.1,2.7,-2.8,15.7,0.9,0,3186,0,27,0, 
1.7733,9.1,11.6,10.1,1.2,-3.4,10.5,0.8,0,3192,0,28,0, 
1.7767,9.0,8.2,2.7,-1.6,-4.4,4.0,0.6,0,3198,0,29,0, 
1.7800,9.6,3.8,-6.4,-4.5,-5.2,-0.1,-0.3,0,3204,0,30,0, 
1.7833,9.8,-0.4,-12.3,-6.6,-4.8,0.4,-1.9,0,3210,0,31,0, 
1.7867,8.7,-3.3,-12.3,-7.1,-2.6,4.3,-3.4,0,3216,0,32,0, 
1.7900,6.9,-4.5,-8.4,-6.2,0.3,8.1,-3.9,0,3222,0,33,0, 
1.7933,5.8,-4.1,-5.0,-4.8,2.0,8.8,-3.0,0,3228,0,34,0, 
1.7967,6.4,-2.3,-4.3,-3.1,0.7,5.9,-0.7,0,3234,0,35,0, 
1.8000,8.6,0.9,-4.9,-1.5,-3.4,1.8,2.9,0,3240,0,36,0, 
1.8033,10.9,5.4,-2.8,0.2,-7.9,0.1,7.7,0,3246,0,37,0, 
1.8067,11.9,10.7,4.0,1.7,-10.1,3.1,13.4,0,3252,0,38,0, 
1.8100,11.3,15.3,13.3,3.0,-8.6,9.6,18.4,0,3258,0,39,0, 
1.8133,9.7,17.7,20.0,3.7,-4.3,15.9,20.9,0,3264,0,40,0, 
1.8167,8.4,17.3,20.7,3.9,0.3,18.3,19.7,0,3270,0,41,0, 
1.8200,8.3,14.5,16.3,3.6,2.7,15.6,14.9,0,3276,0,42,0, 
1.8233,8.9,11.0,10.7,3.1,2.4,10.0,8.5,0,3282,0,43,0, 
1.8267,9.6,8.4,7.5,2.4,0.3,5.8,3.3,0,3288,0,44,0, 
1.8300,9.7,7.2,7.0,1.7,-2.0,5.7,1.0,0,3294,0,45,0, 
1.8333,9.3,6.7,6.4,1.2,-3.5,9.4,1.3,0,3300,0,46,0, 
1.8367,8.9,5.7,3.3,1.0,-3.8,13.4,2.4,0,3306,0,47,0, 
1.8400,9.1,3.5,-1.7,0.9,-3.4,13.6,2.6,0,3312,0,48,0, 
1.8433,9.9,0.7,-5.0,0.9,-2.7,8.6,1.0,0,3318,0,49,0, 
1.8467,11.0,-1.4,-2.9,0.8,-1.7,0.3,-1.2,0,3324,0,50,0, 
1.8500,11.8,-1.5,4.1,1.1,-0.4,-6.6,-2.4,0,3330,0,51,0, 
1.8533,11.9,0.4,11.7,1.9,1.0,-8.4,-1.6,0,3336,0,52,0, 
1.8567,11.2,3.1,14.0,3.3,2.1,-4.6,0.7,0,3342,0,53,0, 
1.8600,9.8,4.9,8.7,4.3,2.5,1.9,3.2,0,3348,0,54,0, 
1.8633,7.8,5.2,-1.4,4.0,2.4,7.0,4.4,0,3354,0,55,0, 
1.8667,5.8,4.5,-9.6,2.0,1.9,7.6,3.7,0,3360,0,56,0, 
1.8700,4.0,4.5,-10.2,-0.8,1.7,4.4,2.2,0,3366,0,57,0, 
1.8733,3.1,6.3,-2.6,-2.9,1.9,0.4,1.3,0,3372,0,58,0, 
1.8767,3.0,9.9,8.5,-2.9,2.3,-0.8,1.8,0,3378,0,59,0, 
1.8800,3.9,13.8,16.4,-1.0,2.3,1.8,3.6,0,3384,0,60,0, 
1.8833,5.1,16.1,17.2,1.1,1.2,6.3,5.9,0,3390,0,61,0, 
1.8867,6.1,16.0,12.1,1.8,-0.8,9.6,7.4,0,3396,0,62,0, 
1.8900,6.6,13.7,5.8,0.7,-2.8,9.6,7.5,0,3402,0,63,0, 
1.8933,6.3,10.3,2.6,-1.1,-3.6,7.0,6.6,0,3408,0,64,0, 
1.8967,5.7,7.1,3.1,-1.7,-2.1,4.0,5.3,0,3414,0,65,0, 
1.9000,5.2,4.7,5.1,-0.5,0.9,2.7,4.2,0,3420,0,66,0, 
1.9033,5.2,3.4,6.0,2.0,3.9,2.6,3.5,0,3426,0,67,0, 
1.9067,5.3,3.1,5.4,3.9,5.2,2.3,3.0,0,3432,0,68,0, 
1.9100,5.0,3.1,4.7,4.1,4.2,0.8,2.5,0,3438,0,69,0, 
1.9133,3.8,2.7,4.8,2.4,2.5,-1.0,1.5,0,3444,0,70,0, 
1.9167,1.7,0.8,4.2,-0.3,1.6,-1.1,-0.1,0,3450,0,71,0, 
1.9200,-1.1,-3.0,0.6,-2.8,2.1,1.5,-2.0,0,3456,0,72,0, 
1.9233,-3.8,-7.8,-5.8,-4.6,3.1,5.3,-3.8,0,3462,0,73,0, 
1.9267,-6.0,-11.7,-11.6,-5.2,2.7,7.4,-4.7,0,3468,0,74,0, 
1.9300,-7.3,-12.5,-12.2,-4.9,0.6,6.0,-3.9,0,3474,0,75,0, 
1.9333,-7.6,-9.5,-5.9,-4.1,-1.3,2.5,-1.3,0,3480,0,76,0, 
1.9367,-7.0,-4.0,3.7,-2.9,-0.6,-0.1,2.5,0,3486,0,77,0, 
1.9400,-5.6,1.3,9.9,-1.8,3.4,0.7,6.2,0,3492,0,78,0, 
1.9433,-3.9,4.2,8.7,-0.9,8.6,4.3,8.4,0,3498,0,79,0, 
1.9467,-2.5,4.6,2.2,0.2,11.2,8.3,9.1,0,3504,0,80,0, 
1.9500,-1.9,3.9,-2.9,1.9,9.1,10.2,8.9,0,3510,0,81,0, 
1.9533,-2.3,4.4,-1.2,4.4,3.9,9.5,9.0,0,3516,0,82,0, 
1.9567,-3.5,6.5,7.1,7.0,-0.5,8.2,9.9,0,3522,0,83,0, 
1.9600,-5.3,9.3,15.9,8.5,-0.9,7.5,11.1,0,3528,0,84,0, 
1.9633,-7.0,10.8,18.4,8.1,2.4,7.2,11.3,0,3534,0,85,0, 
1.9667,-8.0,9.8,12.7,5.7,5.9,5.5,9.7,0,3540,0,86,0, 
1.9700,-8.0,6.6,2.4,2.7,6.0,1.5,6.4,0,3546,0,87,0, 
1.9733,-7.1,2.4,-6.6,0.3,2.1,-3.3,2.4,0,3552,0,88,0, 
1.9767,-6.1,-1.7,-10.7,-0.7,-2.6,-6.1,-1.1,0,3558,0,89,0, 
1.9800,-6.0,-5.6,-10.6,-0.5,-4.4,-5.5,-3.9,0,3564,0,90,0, 
1.9833,-7.3,-9.8,-9.3,0.1,-2.3,-2.7,-6.3,0,3570,0,91,0, 
1.9867,-9.5,-14.5,-9.3,0.7,1.4,-0.8,-8.9,0,3576,0,92,0, 
1.9900,-11.7,-18.9,-10.4,1.0,3.1,-1.8,-11.6,0,3582,0,93,0, 
1.9933,-12.8,-22.1,-11.4,1.3,1.4,-4.9,-13.7,0,3588,0,94,0, 
1.9967,-12.5,-23.3,-11.4,2.0,-1.8,-7.2,-14.6,0,3594,0,95,0, 
2.0000,-11.4,-22.5,-10.4,2.8,-3.2,-6.6,-14.1,0,3600,0,96,0, 
2.0033,-10.6,-20.6,-9.4,3.6,-0.9,-3.7,-12.9,0,3606,0,97,0, 
2.0067,-10.5,-18.1,-8.6,4.1,3.2,-1.4,-11.8,0,3612,0,98,0, 
2.0100,-11.0,-15.2,-8.2,4.4,5.7,-2.1,-11.1,0,3618,0,99,0, 
2.0133,-11.7,-11.6,-7.7,4.5,4.1,-5.5,-10.4,0,3624,0,100,0, 
2.0167,-12.6,-7.5,-7.1,4.4,-0.7,-8.7,-9.4,0,3630,0,101,0, 
2.0200,-14.0,-3.5,-5.5,4.0,-5.2,-9.2,-8.1,0,3636,0,102,0, 
2.0233,-16.1,-0.3,-2.1,3.7,-6.4,-6.6,-6.9,0,3642,0,103,0, 
2.0267,-18.1,1.7,3.1,3.6,-4.1,-3.7,-6.1,0,3648,0,104,0, 
2.0300,-18.8,2.7,8.5,3.7,-0.4,-3.3,-5.7,0,3654,0,105,0, 
2.0333,-17.3,3.3,11.0,3.9,1.8,-6.0,-5.4,0,3660,0,106,0, 
2.0367,-13.9,3.9,8.9,4.0,1.6,-9.8,-4.9,0,3666,0,107,0, 
2.0400,-10.6,4.2,3.7,4.0,-0.1,-11.4,-4.2,0,3672,0,108,0, 
2.0433,-8.9,3.8,-0.9,4.2,-1.4,-8.9,-3.5,0,3678,0,109,0, 
2.0467,-9.4,2.6,-1.7,4.9,-1.7,-3.5,-3.0,0,3684,0,110,0, 
2.0500,-10.6,1.1,1.3,6.0,-1.0,1.7,-2.3,0,3690,0,111,0, 
2.0533,-11.2,0.4,4.9,6.8,-0.4,3.9,-0.7,0,3696,0,112,0, 
2.0567,-10.5,0.9,5.5,6.8,0.1,2.2,1.6,0,3702,0,113,0, 
2.0600,-9.7,2.3,3.0,6.1,0.7,-1.6,3.9,0,3708,0,114,0, 
2.0633,-10.3,3.7,-0.1,5.2,1.7,-4.7,5.2,0,3714,0,115,0, 
2.0667,-12.9,4.0,-0.7,4.9,2.6,-5.0,4.9,0,3720,0,116,0, 
2.0700,-16.0,3.1,1.0,5.2,2.6,-2.5,3.6,0,3726,0,117,0, 
2.0733,-17.4,1.6,2.4,5.5,1.6,0.9,2.2,0,3732,0,118,0, 
2.0767,-16.0,0.4,1.2,5.3,0.8,2.6,1.2,0,3738,0,119,0, 
2.0800,-12.5,0.3,-1.6,4.6,1.5,1.7,0.6,0,3744,0,120,0, 
2.0833,-9.2,1.2,-2.0,4.3,4.0,-1.2,-0.3,0,3750,0,121,0, 
2.0867,-7.8,2.4,2.2,5.0,7.0,-3.7,-1.9,0,3756,0,122,0, 
2.0900,-8.5,3.0,9.2,6.5,8.2,-4.2,-4.2,0,3762,0,123,0, 
2.0933,-9.7,2.2,13.4,7.8,6.1,-2.7,-6.7,0,3768,0,124,0, 
2.0967,-9.8,0.2,10.9,7.8,1.2,-1.2,-8.9,0,3774,0,125,0, 
2.1000,-8.3,-2.2,3.1,6.5,-4.1,-1.9,-10.8,0,3780,0,126,0, 
2.1033,-5.9,-3.5,-3.3,5.0,-7.2,-5.2,-12.2,0,3786,0,127,0, 
2.1067,-4.1,-2.8,-2.6,4.5,-6.9,-9.2,-12.8,0,3792,0,128,0, 
2.1100,-3.7,0.2,5.3,5.3,-3.9,-10.9,-12.0,0,3798,0,129,0, 
2.1133,-4.4,4.1,14.1,6.2,-0.4,-8.6,-9.8,0,3804,0,130,0, 
2.1167,-5.4,7.2,16.6,5.9,2.0,-3.5,-7.2,0,3810,0,131,0, 
2.1200,-6.0,8.3,10.5,4.1,3.0,1.2,-5.3,0,3816,0,132,0, 
2.1233,-6.3,7.3,0.5,1.9,3.0,2.9,-4.6,0,3822,0,133,0, 
2.1267,-6.8,5.8,-5.6,0.8,3.0,1.8,-4.7,0,3828,0,134,0, 
2.1300,-7.9,5.3,-3.2,1.5,3.4,0.8,-4.0,0,3834,0,135,0, 
2.1333,-9.8,6.4,5.6,3.2,4.3,2.3,-1.9,0,3840,0,136,0, 
2.1367,-11.8,8.1,14.1,4.2,5.2,6.2,0.9,0,3846,0,137,0, 
2.1400,-13.0,8.8,16.5,3.3,6.0,9.2,2.8,0,3852,0,138,0, 
2.1433,-12.8,7.8,11.5,1.2,6.5,8.0,2.5,0,3858,0,139,0, 
2.1467,-11.2,6.1,3.6,-0.4,6.6,2.6,0.8,0,3864,0,140,0, 
2.1500,-9.1,5.7,-1.6,0.0,6.4,-3.4,-0.3,0,3870,0,141,0, 
2.1533,-7.5,8.0,-0.5,2.5,6.0,-4.9,1.2,0,3876,0,142,0, 
2.1567,-7.2,12.5,6.1,5.4,5.4,-0.6,5.1,0,3882,0,143,0, 
2.1600,-8.1,16.7,13.9,6.7,4.8,6.4,9.0,0,3888,0,144,0, 
2.1633,-9.5,18.2,18.5,5.2,4.0,10.1,10.3,0,3894,0,145,0, 
2.1667,-10.4,16.1,17.4,1.7,2.9,7.0,8.0,0,3900,0,146,0, 
2.1700,-10.2,11.8,11.6,-1.7,1.5,-1.1,3.8,0,3906,0,147,0, 
2.1733,-8.8,8.2,4.5,-3.3,0.3,-8.5,0.6,0,3912,0,148,0, 
2.1767,-7.1,7.7,0.3,-2.6,-0.6,-10.2,0.8,0,3918,0,149,0, 
2.1800,-5.6,10.4,1.2,-0.4,-0.9,-5.6,4.2,0,3924,0,150,0, 
2.1833,-5.0,14.6,6.6,1.8,-0.7,1.0,8.6,0,3930,0,151,0, 
2.1867,-5.4,17.8,13.4,3.0,-0.4,4.6,11.2,0,3936,0,152,0, 
2.1900,-6.5,18.5,17.9,3.1,0.0,3.1,10.8,0,3942,0,153,0, 
2.1933,-7.8,17.1,18.4,2.7,0.4,-1.6,8.1,0,3948,0,154,0, 
2.1967,-8.9,15.1,16.1,2.7,0.9,-5.8,5.2,0,3954,0,155,0, 
2.2000,-9.4,14.3,14.0,3.6,1.1,-7.2,3.7,0,3960,0,156,0, 
2.2033,-9.3,14.9,14.0,5.2,1.2,-6.1,4.0,0,3966,0,157,0, 
2.2067,-8.9,15.9,15.7,6.9,1.4,-4.0,5.2,0,3972,0,158,0, 
2.2100,-8.3,16.0,16.7,8.1,2.7,-1.9,5.6,0,3978,0,159,0, 
2.2133,-7.8,14.4,15.0,8.2,5.4,0.2,4.1,0,3984,0,160,0, 
2.2167,-7.1,12.1,11.3,7.3,9.0,2.9,1.1,0,3990,0,161,0, 
2.2200,-6.1,10.7,8.4,6.0,11.9,5.7,-2.0,0,3996,0,162,0, 
2.2233,-4.9,10.8,8.6,4.6,12.5,6.7,-3.7,0,4002,0,163,0, 
2.2267,-3.9,12.1,11.5,3.4,10.7,4.6,-3.4,0,4008,0,164,0, 
2.2300,-3.4,12.6,14.0,2.1,7.8,-0.1,-2.0,0,4014,0,165,0, 
2.2333,-3.9,11.0,13.0,0.7,6.1,-5.3,-0.5,0,4020,0,166,0, 
2.2367,-5.2,7.5,8.1,-0.8,6.9,-8.3,0.5,0,4026,0,167,0, 
2.2400,-6.8,3.4,2.3,-1.9,9.4,-7.8,1.2,0,4032,0,168,0, 
2.2433,-7.8,0.4,-1.1,-2.3,11.4,-5.1,2.2,0,4038,0,169,0, 
2.2467,-7.6,-0.8,-1.0,-2.1,10.7,-2.5,3.4,0,4044,0,170,0, 
2.2500,-6.2,-0.9,0.6,-1.7,7.4,-2.2,3.6,0,4050,0,171,0, 
2.2533,-3.9,-0.9,0.9,-1.8,3.4,-4.0,1.9,0,4056,0,172,0, 
2.2567,-2.0,-0.8,-0.5,-2.3,1.1,-5.9,-1.1,0,4062,0,173,0, 
2.2600,-1.2,0.1,-1.3,-2.2,1.7,-5.2,-3.8,0,4068,0,174,0, 
2.2633,-2.1,2.4,1.2,-0.8,4.0,-1.2,-4.4,0,4074,0,175,0, 
2.2667,-4.2,4.9,6.8,2.0,5.9,3.5,-3.0,0,4080,0,176,0, 
2.2700,-6.3,5.4,11.2,4.7,5.8,4.6,-1.7,0,4086,0,177,0, 
2.2733,-7.2,2.4,9.6,5.4,4.0,-0.8,-2.8,0,4092,0,178,0, 
2.2767,-6.8,-3.4,1.1,3.0,1.6,-11.2,-6.9,0,4098,0,179,0, 
2.2800,-5.8,-9.3,-9.9,-1.7,-0.1,-21.0,-11.6,0,4104,0,180,0, 
2.2833,-5.8,-12.2,-16.0,-6.3,-1.3,-23.9,-13.7,0,4110,0,181,0, 
2.2867,-8.1,-11.6,-13.5,-8.5,-2.8,-17.9,-12.0,0,4116,0,182,0, 
2.2900,-12.6,-10.2,-5.2,-7.8,-5.3,-7.3,-8.6,0,4122,0,183,0, 
2.2933,-17.7,-11.8,0.9,-5.4,-7.9,-0.2,-7.5,0,4128,0,184,0, 
2.2967,-21.8,-17.9,-1.8,-3.7,-8.9,-2.5,-11.4,0,4134,0,185,0, 
2.3000,-24.0,-26.8,-13.4,-4.1,-7.3,-13.9,-19.4,0,4140,0,186,0, 
2.3033,-24.8,-34.2,-27.7,-6.5,-4.0,-27.8,-27.4,0,4146,0,187,0, 
2.3067,-25.2,-36.7,-36.6,-9.6,-1.6,-36.7,-31.5,0,4152,0,188,0, 
2.3100,-26.5,-34.1,-36.3,-11.7,-2.2,-36.8,-30.3,0,4158,0,189,0, 
2.3133,-28.4,-29.0,-29.6,-11.9,-5.9,-30.1,-26.1,0,4164,0,190,0, 
2.3167,-30.5,-24.9,-22.3,-10.6,-10.8,-22.1,-21.9,0,4170,0,191,0, 
2.3200,-32.0,-23.4,-19.2,-8.9,-14.3,-17.1,-19.9,0,4176,0,192,0, 
2.3233,-32.8,-24.1,-20.6,-7.8,-14.9,-16.1,-19.8,0,4182,0,193,0, 
2.3267,-33.3,-25.3,-23.7,-7.6,-13.1,-17.9,-20.4,0,4188,0,194,0, 
2.3300,-33.8,-26.2,-25.5,-8.4,-10.6,-20.4,-20.7,0,4194,0,195,0, 
2.3333,-34.3,-27.2,-25.2,-9.5,-8.8,-22.9,-20.8,0,4200,0,196,0, 
2.3367,-34.7,-29.1,-24.2,-10.2,-8.1,-25.3,-21.4,0,4206,0,197,0, 
2.3400,-35.0,-32.1,-24.1,-10.3,-8.5,-27.5,-22.7,0,4212,0,198,0, 
2.3433,-35.6,-35.3,-25.6,-9.8,-9.8,-29.2,-24.4,0,4218,0,199,0, 
2.3467,-36.6,-37.3,-28.2,-9.2,-12.4,-30.2,-26.0,0,4224,0,200,0, 
2.3500,-37.7,-37.7,-30.5,-9.3,-16.2,-30.7,-27.5,0,4230,0,201,0, 
2.3533,-38.2,-36.6,-31.2,-10.4,-20.0,-30.7,-29.1,0,4236,0,202,0, 
2.3567,-37.4,-34.9,-29.5,-12.1,-21.6,-29.7,-30.3,0,4242,0,203,0, 
2.3600,-35.3,-33.3,-25.3,-13.4,-19.4,-27.0,-30.5,0,4248,0,204,0, 
2.3633,-32.6,-32.2,-20.4,-13.4,-13.7,-22.5,-28.8,0,4254,0,205,0, 
2.3667,-29.7,-31.9,-17.9,-12.3,-7.4,-17.7,-25.5,0,4260,0,206,0, 
2.3700,-27.1,-32.4,-19.9,-10.9,-3.7,-14.9,-22.2,0,4266,0,207,0, 
2.3733,-24.8,-33.4,-25.6,-10.0,-4.6,-15.4,-20.7,0,4272,0,208,0, 
2.3767,-23.1,-34.4,-30.7,-9.8,-8.6,-18.4,-21.7,0,4278,0,209,0, 
2.3800,-22.4,-34.3,-30.0,-9.4,-12.7,-21.8,-24.5,0,4284,0,210,0, 
2.3833,-22.9,-33.0,-22.0,-7.8,-13.8,-24.0,-27.5,0,4290,0,211,0, 
2.3867,-24.2,-31.2,-10.1,-4.7,-11.8,-24.9,-29.2,0,4296,0,212,0, 
2.3900,-25.1,-30.0,-1.6,-0.8,-8.7,-25.6,-29.2,0,4302,0,213,0, 
2.3933,-24.0,-30.1,-1.5,2.2,-7.0,-26.2,-28.0,0,4308,0,214,0, 
2.3967,-20.6,-30.9,-9.3,3.3,-7.7,-25.2,-26.5,0,4314,0,215,0, 
2.4000,-16.0,-31.0,-18.6,2.4,-9.2,-21.3,-24.8,0,4320,0,216,0, 
2.4033,-11.9,-29.1,-22.2,0.4,-9.2,-15.2,-22.8,0,4326,0,217,0, 
2.4067,-10.1,-25.1,-17.4,-1.5,-6.8,-9.8,-20.2,0,4332,0,218,0, 
2.4100,-10.7,-19.9,-7.3,-2.6,-3.4,-8.2,-16.9,0,4338,0,219,0, 
2.4133,-12.5,-15.2,1.4,-3.1,-1.3,-11.0,-13.5,0,4344,0,220,0, 
2.4167,-14.1,-12.0,3.7,-3.4,-1.7,-15.7,-11.0,0,4350,0,221,0, 
2.4200,-14.5,-10.7,-0.5,-3.6,-4.0,-18.8,-10.2,0,4356,0,222,0, 
2.4233,-13.9,-10.9,-7.1,-3.7,-6.4,-18.7,-11.6,0,4362,0,223,0, 
2.4267,-13.0,-12.0,-11.1,-3.1,-7.4,-17.0,-14.8,0,4368,0,224,0, 
2.4300,-12.3,-13.7,-10.3,-1.5,-7.1,-16.9,-18.3,0,4374,0,225,0, 
2.4333,-11.6,-15.4,-6.0,0.7,-6.9,-19.7,-20.4,0,4380,0,226,0, 
2.4367,-10.6,-16.9,-2.0,2.9,-7.7,-23.9,-20.0,0,4386,0,227,0, 
2.4400,-9.3,-17.8,-0.9,4.3,-9.3,-26.7,-17.6,0,4392,0,228,0, 
2.4433,-8.0,-18.1,-3.2,4.5,-10.7,-26.8,-14.7,0,4398,0,229,0, 
2.4467,-7.4,-17.7,-6.7,3.6,-11.0,-25.1,-12.8,0,4404,0,230,0, 
2.4500,-7.4,-16.8,-8.8,2.2,-9.9,-23.4,-12.2,0,4410,0,231,0, 
2.4533,-7.7,-15.2,-8.0,0.8,-8.0,-22.0,-11.4,0,4416,0,232,0, 
2.4567,-7.4,-12.9,-5.0,-0.1,-5.6,-19.0,-8.4,0,4422,0,233,0, 
2.4600,-5.9,-10.1,-1.7,-0.6,-3.2,-13.0,-2.5,0,4428,0,234,0, 
2.4633,-3.3,-7.1,-0.1,-1.1,-1.2,-4.7,5.2,0,4434,0,235,0, 
2.4667,-0.5,-4.6,-0.6,-1.6,-0.1,1.8,11.8,0,4440,0,236,0, 
2.4700,1.8,-2.9,-1.9,-2.4,-0.4,3.0,14.6,0,4446,0,237,0, 
2.4733,3.0,-2.3,-2.5,-3.4,-1.8,-1.3,13.1,0,4452,0,238,0, 
2.4767,3.5,-2.1,-1.7,-4.2,-2.9,-6.9,9.0,0,4458,0,239,0, 
2.4800,4.2,-1.9,-0.1,-4.6,-2.7,-8.2,5.0,0,4464,0,240,0, 
2.4833,5.9,-1.2,0.6,-4.1,-1.2,-3.3,3.2,0,4470,0,241,0, 
2.4867,8.9,-0.1,-0.4,-2.6,-0.4,4.3,3.9,0,4476,0,242,0, 
2.4900,12.6,0.5,-2.5,-0.5,-1.8,8.0,5.3,0,4482,0,243,0, 
2.4933,15.7,-0.4,-4.3,1.5,-5.6,3.6,4.9,0,4488,0,244,0, 
2.4967,17.1,-3.5,-4.7,2.6,-9.7,-7.4,1.4,0,4494,0,245,0, 
2.5000,16.2,-8.8,-3.6,2.5,-11.2,-18.4,-4.9,0,4500,0,246,0, 
2.5033,13.3,-15.5,-2.4,1.5,-9.1,-23.3,-12.4,0,4506,0,247,0, 
2.5067,9.8,-22.2,-2.1,0.5,-5.2,-20.9,-19.0,0,4512,0,248,0, 
2.5100,7.3,-27.4,-3.4,-0.1,-2.7,-15.3,-23.4,0,4518,0,249,0, 
2.5133,6.6,-30.1,-5.5,-0.2,-3.9,-12.4,-25.0,0,4524,0,250,0, 
2.5167,7.7,-30.2,-7.0,-0.3,-7.8,-14.5,-23.9,0,4530,0,251,0, 
2.5200,9.2,-28.1,-6.6,-0.8,-11.3,-19.0,-20.6,0,4536,0,252,0, 
2.5233,10.1,-24.4,-3.7,-1.7,-11.7,-20.6,-15.6,0,4542,0,253,0, 
2.5267,10.0,-20.2,0.7,-2.3,-8.4,-15.8,-9.4,0,4548,0,254,0, 
2.5300,10.0,-16.5,4.5,-2.3,-3.5,-6.4,-3.0,0,4554,0,255,0, 
2.5333,11.4,-14.1,5.2,-1.7,-0.1,3.0,3.1,0,4560,0,0,0, 
2.5367,14.8,-13.1,1.8,-0.9,0.3,7.6,8.2,0,4566,0,1,0, 
2.5400,19.4,-12.8,-4.0,-0.4,-1.9,6.6,12.3,0,4572,0,2,0, 
2.5433,23.3,-11.8,-8.2,0.2,-4.9,2.9,15.6,0,4578,0,3,0, 
2.5467,24.9,-9.5,-7.2,1.3,-6.9,0.0,18.1,0,4584,0,4,0, 
2.5500,24.2,-6.2,-0.7,3.2,-7.1,0.0,20.0,0,4590,0,5,0, 
2.5533,22.8,-4.0,6.7,5.3,-5.6,2.2,21.3,0,4596,0,6,0, 
2.5567,22.4,-4.8,8.8,6.5,-3.2,4.6,21.9,0,4602,0,7,0, 
2.5600,23.7,-9.3,2.3,5.7,-0.9,5.6,21.7,0,4608,0,8,0, 
2.5633,25.3,-15.9,-10.3,3.1,0.4,5.2,20.4,0,4614,0,9,0, 
2.5667,25.2,-21.6,-21.6,-0.5,0.4,3.8,17.6,0,4620,0,10,0, 
2.5700,22.3,-24.0,-25.3,-4.0,-0.2,1.7,13.1,0,4626,0,11,0, 
2.5733,17.6,-22.3,-20.6,-6.7,-0.5,-1.0,7.8,0,4632,0,12,0, 
2.5767,13.7,-17.6,-12.6,-8.5,0.2,-3.7,2.9,0,4638,0,13,0, 
2.5800,12.8,-11.8,-7.8,-9.5,1.6,-5.2,-0.1,0,4644,0,14,0, 
2.5833,14.9,-6.4,-8.4,-9.7,2.2,-4.2,-1.1,0,4650,0,15,0, 
2.5867,17.7,-1.4,-10.5,-8.4,0.5,-0.9,-0.9,0,4656,0,16,0, 
2.5900,18.3,3.4,-7.8,-5.3,-3.2,2.7,-1.1,0,4662,0,17,0, 
2.5933,15.2,8.3,2.6,-0.8,-7.4,4.2,-2.5,0,4668,0,18,0, 
2.5967,9.9,12.6,16.9,3.7,-9.9,2.4,-4.3,0,4674,0,19,0, 
2.6000,5.3,15.7,27.1,6.9,-9.7,-1.0,-5.0,0,4680,0,20,0, 
2.6033,4.2,17.4,27.3,8.1,-7.3,-3.2,-3.2,0,4686,0,21,0, 
2.6067,6.8,18.1,18.4,7.8,-4.2,-1.6,1.0,0,4692,0,22,0, 
2.6100,11.3,18.9,7.2,6.9,-1.9,3.8,6.0,0,4698,0,23,0, 
2.6133,15.2,20.3,1.4,6.7,-0.3,10.7,10.4,0,4704,0,24,0, 
2.6167,17.1,22.4,4.1,7.5,0.8,16.5,13.5,0,4710,0,25,0, 
2.6200,17.4,24.3,12.4,8.8,1.9,19.6,15.9,0,4716,0,26,0, 
2.6233,17.0,25.3,20.0,9.7,2.9,20.1,18.0,0,4722,0,27,0, 
2.6267,16.8,24.8,21.9,9.5,3.9,19.1,19.9,0,4728,0,28,0, 
2.6300,16.2,22.7,17.7,7.7,5.2,17.7,20.6,0,4734,0,29,0, 
2.6333,14.2,19.1,10.5,4.6,7.7,16.4,19.8,0,4740,0,30,0, 
2.6367,10.6,14.7,4.3,1.1,11.4,15.8,17.6,0,4746,0,31,0, 
2.6400,6.4,10.2,1.2,-1.8,15.1,16.1,15.3,0,4752,0,32,0, 
2.6433,3.1,6.3,0.4,-3.4,16.8,17.4,13.7,0,4758,0,33,0, 
2.6467,1.8,3.3,-0.2,-3.6,15.2,19.0,12.7,0,4764,0,34,0, 
2.6500,2.2,0.9,-2.2,-3.2,10.8,19.5,11.4,0,4770,0,35,0, 
2.6533,2.9,-1.3,-5.7,-2.9,5.4,17.7,9.1,0,4776,0,36,0, 
2.6567,2.8,-3.8,-9.2,-3.0,1.4,13.6,5.9,0,4782,0,37,0, 
2.6600,2.0,-6.1,-11.1,-3.4,-0.2,8.6,3.1,0,4788,0,38,0, 
2.6633,1.6,-7.1,-10.0,-3.5,0.1,4.4,1.9,0,4794,0,39,0, 
2.6667,2.5,-5.9,-6.2,-3.0,1.0,2.8,2.9,0,4800,0,40,0, 
2.6700,4.7,-2.1,-0.8,-1.8,1.8,4.2,5.6,0,4806,0,41,0, 
2.6733,7.3,3.6,4.4,-0.5,2.3,8.4,9.4,0,4812,0,42,0, 
2.6767,9.3,9.6,8.1,0.8,3.0,14.7,13.7,0,4818,0,43,0, 
2.6800,10.8,15.0,10.0,2.3,3.8,21.5,18.2,0,4824,0,44,0, 
2.6833,12.2,19.5,11.3,4.0,4.3,26.9,22.5,0,4830,0,45,0, 
2.6867,14.3,23.5,13.4,6.0,4.1,28.6,25.6,0,4836,0,46,0, 
2.6900,16.6,27.4,16.9,7.7,3.7,25.5,26.5,0,4842,0,47,0, 
2.6933,18.1,31.0,21.0,8.4,3.8,18.5,25.0,0,4848,0,48,0, 
2.6967,18.0,33.8,24.2,8.0,4.7,10.2,21.8,0,4854,0,49,0, 
2.7000,16.8,35.3,25.2,7.1,5.6,4.1,18.3,0,4860,0,50,0, 
2.7033,15.5,35.7,24.4,6.3,5.7,2.6,16.4,0,4866,0,51,0, 
2.7067,15.3,35.7,22.7,6.1,5.2,5.7,17.0,0,4872,0,52,0, 
2.7100,16.0,35.8,21.3,6.2,5.5,11.4,19.8,0,4878,0,53,0, 
2.7133,16.1,35.7,19.9,6.3,7.9,17.0,24.0,0,4884,0,54,0, 
2.7167,14.4,34.9,17.7,6.0,12.2,20.1,27.7,0,4890,0,55,0, 
2.7200,10.7,33.1,13.9,5.6,15.9,19.6,29.5,0,4896,0,56,0, 
2.7233,6.7,30.5,9.3,5.3,15.8,16.0,29.1,0,4902,0,57,0, 
2.7267,4.4,28.2,5.8,5.2,10.6,10.9,27.0,0,4908,0,58,0, 
2.7300,4.7,27.0,5.3,4.9,2.9,6.7,25.0,0,4914,0,59,0, 
2.7333,6.5,27.3,8.1,4.2,-2.7,5.7,24.8,0,4920,0,60,0, 
2.7367,8.0,28.5,12.7,3.2,-2.6,8.9,27.3,0,4926,0,61,0, 
2.7400,8.1,29.7,16.6,2.5,2.9,15.4,31.8,0,4932,0,62,0, 
2.7433,7.5,30.2,17.6,2.9,9.7,22.5,36.4,0,4938,0,63,0, 
2.7467,7.7,30.0,15.3,4.3,13.2,27.1,38.9,0,4944,0,64,0, 
2.7500,9.7,29.1,11.0,6.0,11.4,27.6,38.3,0,4950,0,65,0, 
2.7533,13.2,28.0,7.0,7.0,6.5,24.7,35.1,0,4956,0,66,0, 
2.7567,16.0,26.9,5.5,6.7,2.6,20.9,30.6,0,4962,0,67,0, 
2.7600,16.3,25.9,7.0,5.3,2.5,18.2,26.1,0,4968,0,68,0, 
2.7633,13.8,25.1,10.8,3.7,5.6,17.1,22.5,0,4974,0,69,0, 
2.7667,10.0,24.4,15.0,2.8,8.5,15.8,19.7,0,4980,0,70,0, 
2.7700,7.0,23.4,17.6,2.9,8.5,12.6,17.4,0,4986,0,71,0, 
2.7733,6.3,22.0,17.9,3.8,5.3,7.0,15.1,0,4992,0,72,0, 
2.7767,7.6,19.9,15.7,4.6,1.3,0.7,12.7,0,4998,0,73,0, 
2.7800,9.5,17.7,11.4,4.8,-0.6,-3.6,10.4,0,5004,0,74,0, 
2.7833,10.8,16.2,6.3,3.9,0.8,-3.8,8.8,0,5010,0,75,0, 
2.7867,10.9,16.2,1.6,2.4,4.3,-0.2,8.7,0,5016,0,76,0, 
2.7900,10.6,17.7,-0.6,0.9,7.3,5.5,10.6,0,5022,0,77,0, 
2.7933,10.8,20.1,0.9,0.0,8.1,10.5,14.0,0,5028,0,78,0, 
2.7967,11.6,22.2,5.8,0.1,6.6,12.8,17.9,0,5034,0,79,0, 
2.8000,12.5,23.1,11.4,0.4,4.3,12.2,20.6,0,5040,0,80,0, 
2.8033,12.3,22.4,13.9,0.3,3.1,10.0,21.0,0,5046,0,81,0, 
2.8067,10.1,20.6,11.5,-0.6,4.0,8.2,19.0,0,5052,0,82,0, 
2.8100,6.3,18.7,5.7,-1.9,6.6,8.5,16.2,0,5058,0,83,0, 
2.8133,1.8,17.9,1.1,-2.5,9.3,11.3,14.0,0,5064,0,84,0, 
2.8167,-1.8,18.7,1.9,-1.7,10.8,15.7,13.8,0,5070,0,85,0, 
2.8200,-3.6,20.7,8.2,0.3,10.1,20.1,15.5,0,5076,0,86,0, 
2.8233,-3.6,22.9,15.9,2.5,7.4,23.2,18.1,0,5082,0,87,0, 
2.8267,-2.6,24.0,19.5,3.8,3.6,24.2,20.2,0,5088,0,88,0, 
2.8300,-1.9,23.2,16.8,4.0,-0.1,23.3,20.7,0,5094,0,89,0, 
2.8333,-2.4,20.7,10.7,3.9,-2.6,20.6,19.3,0,5100,0,90,0, 
2.8367,-4.4,17.5,6.4,4.5,-3.2,16.3,16.3,0,5106,0,91,0, 
2.8400,-7.4,14.6,7.0,5.8,-2.0,10.7,12.5,0,5112,0,92,0, 
2.8433,-10.5,12.6,10.7,7.2,0.2,5.4,8.8,0,5118,0,93,0, 
2.8467,-13.0,11.2,12.8,7.5,2.2,2.6,6.4,0,5124,0,94,0, 
2.8500,-14.7,10.1,9.9,6.4,3.4,4.3,5.8,0,5130,0,95,0, 
2.8533,-15.5,9.1,3.5,4.6,3.6,10.6,7.0,0,5136,0,96,0, 
2.8567,-15.2,8.8,-1.8,3.3,3.1,18.5,9.1,0,5142,0,97,0, 
2.8600,-13.4,9.6,-2.1,3.1,2.8,23.8,10.6,0,5148,0,98,0, 
2.8633,-9.6,11.6,2.1,3.5,2.7,23.1,11.1,0,5154,0,99,0, 
2.8667,-4.0,14.1,7.0,3.8,2.7,16.9,10.5,0,5160,0,100,0, 
2.8700,2.1,16.2,8.9,3.5,2.0,9.0,9.7,0,5166,0,101,0, 
2.8733,7.0,17.3,7.5,3.1,0.6,4.3,9.7,0,5172,0,102,0, 
2.8767,9.5,17.5,5.8,3.4,-1.1,5.3,10.7,0,5178,0,103,0, 
2.8800,9.6,17.5,6.1,4.4,-2.1,10.5,12.1,0,5184,0,104,0, 
2.8833,8.4,17.7,8.4,5.2,-1.8,15.6,13.0,0,5190,0,105,0, 
2.8867,7.5,17.9,10.2,4.9,-0.5,16.6,12.7,0,5196,0,106,0, 
2.8900,7.8,17.6,9.3,3.4,0.5,12.6,11.4,0,5202,0,107,0, 
2.8933,8.9,16.5,6.4,1.8,0.3,6.0,9.7,0,5208,0,108,0, 
2.8967,9.4,14.9,4.2,1.4,-1.3,0.9,8.2,0,5214,0,109,0, 
2.9000,8.5,13.4,4.7,2.7,-3.4,0.2,7.7,0,5220,0,110,0, 
2.9033,6.1,12.6,7.5,4.9,-4.8,4.0,8.2,0,5226,0,111,0, 
2.9067,3.4,12.7,10.1,6.5,-4.5,10.4,9.5,0,5232,0,112,0, 
2.9100,1.7,13.3,10.6,6.6,-2.4,16.2,11.2,0,5238,0,113,0, 
2.9133,1.7,13.7,9.4,5.7,1.0,19.0,12.3,0,5244,0,114,0, 
2.9167,2.9,13.6,8.7,4.8,4.6,18.0,12.2,0,5250,0,115,0, 
2.9200,4.4,13.0,10.1,5.0,7.1,14.2,10.7,0,5256,0,116,0, 
2.9233,5.3,12.1,13.1,6.3,7.2,9.5,8.0,0,5262,0,117,0, 
2.9267,5.6,11.1,15.1,7.4,4.8,6.2,5.2,0,5268,0,118,0, 
2.9300,5.5,10.0,13.8,7.3,1.3,5.5,3.1,0,5274,0,119,0, 
2.9333,5.4,8.6,8.5,5.5,-1.0,7.2,1.8,0,5280,0,120,0, 
2.9367,5.1,6.4,1.1,2.7,-0.2,9.0,0.7,0,5286,0,121,0, 
2.9400,4.5,3.5,-5.4,0.1,3.4,8.5,-0.9,0,5292,0,122,0, 
2.9433,3.6,0.3,-8.1,-1.2,7.2,4.3,-3.5,0,5298,0,123,0, 
2.9467,2.7,-2.1,-5.8,-0.8,8.0,-2.4,-6.7,0,5304,0,124,0, 
2.9500,1.9,-2.8,0.7,0.8,4.7,-8.9,-9.3,0,5310,0,125,0, 
2.9533,1.2,-1.5,8.3,2.6,-0.4,-12.0,-10.4,0,5316,0,126,0, 
2.9567,0.2,1.0,13.3,3.7,-3.2,-10.7,-9.8,0,5322,0,127,0, 
2.9600,-1.3,2.8,13.0,3.8,-1.0,-6.7,-8.3,0,5328,0,128,0, 
2.9633,-2.9,2.6,7.4,3.4,4.8,-3.1,-7.3,0,5334,0,129,0, 
2.9667,-3.7,0.4,-0.6,3.3,9.9,-2.4,-7.2,0,5340,0,130,0, 
2.9700,-2.7,-2.1,-6.7,3.9,10.3,-4.0,-7.9,0,5346,0,131,0, 
2.9733,0.3,-3.1,-8.4,5.1,5.9,-5.3,-8.1,0,5352,0,132,0, 
2.9767,4.2,-1.3,-5.7,6.0,0.6,-3.8,-6.9,0,5358,0,133,0, 
2.9800,7.4,2.5,-0.6,6.0,-1.3,1.1,-4.3,0,5364,0,134,0, 
2.9833,8.6,6.4,4.7,5.2,1.5,7.1,-1.4,0,5370,0,135,0, 
2.9867,7.7,8.5,9.4,4.6,6.2,10.5,0.5,0,5376,0,136,0, 
2.9900,5.9,8.2,13.3,5.2,8.5,9.1,0.4,0,5382,0,137,0, 
2.9933,4.7,6.2,15.6,7.1,6.2,3.5,-1.3,0,5388,0,138,0, 
2.9967,5.3,3.6,14.6,9.2,1.5,-2.8,-3.6,0,5394,0,139,0, 
3.0000,7.4,1.2,9.0,9.9,-2.0,-6.4,-5.5,0,5400,0,140,0, 
3.0033,9.5,-0.8,0.5,8.7,-1.6,-5.3,-6.4,0,5406,0,141,0, 
3.0067,10.3,-2.6,-6.5,6.6,1.6,-0.3,-6.4,0,5412,0,142,0, 
3.0100,9.2,-3.9,-7.5,5.4,4.6,6.0,-6.2,0,5418,0,143,0, 
3.0133,7.3,-4.2,-1.6,6.3,4.9,10.8,-5.6,0,5424,0,144,0, 
3.0167,6.1,-3.2,6.8,8.8,2.7,12.3,-4.8,0,5430,0,145,0, 
3.0200,6.3,-1.6,11.6,10.9,0.7,10.2,-3.5,0,5436,0,146,0, 
3.0233,7.4,-0.9,9.0,10.6,0.8,5.2,-2.2,0,5442,0,147,0, 
3.0267,7.9,-2.3,0.5,7.4,3.0,-0.6,-1.9,0,5448,0,148,0, 
3.0300,6.6,-6.2,-8.4,3.1,5.4,-5.2,-3.4,0,5454,0,149,0, 
3.0333,3.5,-11.3,-12.6,-0.1,6.2,-7.1,-6.4,0,5460,0,150,0, 
3.0367,0.3,-15.7,-11.0,-0.5,5.2,-6.0,-10.0,0,5466,0,151,0, 
3.0400,-1.4,-17.9,-7.1,1.5,3.7,-3.1,-12.4,0,5472,0,152,0, 
3.0433,-0.8,-17.8,-5.1,3.7,3.1,-0.3,-12.9,0,5478,0,153,0, 
3.0467,1.2,-16.4,-7.0,4.2,3.2,0.8,-11.8,0,5484,0,154,0, 
3.0500,3.0,-15.1,-11.3,2.4,3.1,-0.4,-10.7,0,5490,0,155,0, 
3.0533,3.4,-14.8,-14.4,-0.5,2.1,-3.3,-10.9,0,5496,0,156,0, 
3.0567,2.4,-15.3,-14.2,-2.8,1.1,-6.8,-12.6,0,5502,0,157,0, 
3.0600,1.1,-15.9,-10.9,-3.1,1.4,-9.5,-14.5,0,5508,0,158,0, 
3.0633,0.7,-15.8,-6.9,-1.6,3.9,-10.4,-15.1,0,5514,0,159,0, 
3.0667,1.5,-14.1,-4.2,0.3,7.3,-8.8,-13.5,0,5520,0,160,0, 
3.0700,3.1,-11.1,-3.6,1.3,9.1,-5.3,-10.5,0,5526,0,161,0, 
3.0733,4.5,-7.4,-4.1,1.1,7.7,-1.8,-7.6,0,5532,0,162,0, 
3.0767,5.4,-3.9,-4.3,0.4,3.4,-0.7,-6.4,0,5538,0,163,0, 
3.0800,5.4,-1.8,-3.3,0.1,-1.3,-3.5,-6.9,0,5544,0,164,0, 
3.0833,4.7,-1.3,-1.3,0.7,-3.8,-8.8,-8.0,0,5550,0,165,0, 
3.0867,3.6,-2.4,0.8,1.2,-2.9,-12.6,-7.8,0,5556,0,166,0, 
3.0900,2.1,-3.8,1.7,0.8,0.3,-10.8,-5.4,0,5562,0,167,0, 
3.0933,0.5,-4.8,0.8,-0.9,3.8,-2.3,-1.3,0,5568,0,168,0, 
3.0967,-0.7,-4.5,-2.1,-2.8,6.0,9.2,3.2,0,5574,0,169,0, 
3.1000,-1.0,-3.3,-5.9,-3.4,6.5,17.0,6.5,0,5580,0,170,0, 
3.1033,-0.5,-1.6,-8.8,-1.8,5.6,15.9,7.8,0,5586,0,171,0, 
3.1067,0.5,0.0,-9.1,1.0,3.8,6.0,7.3,0,5592,0,172,0, 
3.1100,1.3,1.4,-6.2,3.3,1.3,-6.6,5.8,0,5598,0,173,0, 
3.1133,1.9,2.5,-0.8,3.7,-1.5,-14.5,3.9,0,5604,0,174,0, 
3.1167,2.6,3.2,4.8,2.3,-3.7,-13.3,2.0,0,5610,0,175,0, 
3.1200,3.7,3.1,8.1,1.0,-4.0,-4.8,0.1,0,5616,0,176,0, 
3.1233,5.3,1.8,7.6,1.3,-1.8,4.7,-2.0,0,5622,0,177,0, 
3.1267,6.7,-0.6,3.8,3.2,1.6,8.6,-3.9,0,5628,0,178,0, 
3.1300,6.6,-3.7,-0.9,5.4,4.0,5.1,-5.7,0,5634,0,179,0, 
3.1333,4.2,-6.8,-3.9,5.8,3.6,-2.5,-7.2,0,5640,0,180,0, 
3.1367,-0.5,-9.8,-4.1,4.0,0.1,-8.5,-8.9,0,5646,0,181,0, 
3.1400,-6.1,-13.1,-2.8,1.0,-4.3,-9.2,-11.1,0,5652,0,182,0, 
3.1433,-11.1,-17.1,-2.6,-1.1,-6.9,-5.3,-13.9,0,5658,0,183,0, 
3.1467,-14.0,-21.0,-5.6,-1.4,-6.4,-1.0,-16.8,0,5664,0,184,0, 
3.1500,-14.3,-23.3,-11.1,-0.1,-3.7,-0.5,-18.8,0,5670,0,185,0, 
3.1533,-12.5,-22.4,-15.6,1.5,-1.4,-4.7,-18.9,0,5676,0,186,0, 
3.1567,-9.9,-17.7,-15.4,2.8,-1.5,-10.6,-16.9,0,5682,0,187,0, 
3.1600,-7.8,-10.6,-9.0,3.7,-4.2,-13.6,-13.4,0,5688,0,188,0, 
3.1633,-6.5,-3.9,0.8,4.9,-7.2,-11.2,-9.5,0,5694,0,189,0, 
3.1667,-5.9,-0.1,8.8,6.5,-8.4,-4.9,-6.4,0,5700,0,190,0, 
3.1700,-5.2,-0.2,10.7,7.7,-6.9,1.3,-4.8,0,5706,0,191,0, 
3.1733,-3.8,-3.1,6.7,7.4,-4.3,3.6,-4.4,0,5712,0,192,0, 
3.1767,-2.1,-6.7,0.5,5.3,-3.2,1.6,-4.7,0,5718,0,193,0, 
3.1800,-1.2,-9.0,-3.0,2.4,-4.5,-1.9,-4.8,0,5724,0,194,0, 
3.1833,-2.2,-9.2,-2.0,0.1,-6.7,-3.1,-4.3,0,5730,0,195,0, 
3.1867,-4.9,-7.9,1.2,-0.6,-6.9,-0.3,-3.3,0,5736,0,196,0, 
3.1900,-7.8,-6.2,2.6,-0.2,-3.5,4.4,-2.3,0,5742,0,197,0, 
3.1933,-8.9,-4.9,-0.5,0.3,2.4,7.2,-2.0,0,5748,0,198,0, 
3.1967,-7.0,-4.3,-6.3,0.2,7.0,5.1,-2.5,0,5754,0,199,0, 
3.2000,-2.5,-4.1,-10.5,-0.1,7.0,-1.6,-3.6,0,5760,0,200,0, 
3.2033,2.0,-4.0,-9.3,0.4,2.2,-9.4,-4.7,0,5766,0,201,0, 
3.2067,4.2,-3.4,-2.8,2.4,-4.2,-14.3,-4.7,0,5772,0,202,0, 
3.2100,3.3,-2.4,5.0,5.1,-7.7,-14.2,-3.3,0,5778,0,203,0, 
3.2133,0.4,-1.3,8.8,6.9,-6.4,-10.0,-1.0,0,5784,0,204,0, 
3.2167,-1.7,-0.6,5.8,6.5,-1.8,-5.1,1.1,0,5790,0,205,0, 
3.2200,-1.4,-0.8,-2.0,3.9,2.0,-2.7,1.8,0,5796,0,206,0, 
3.2233,1.1,-1.7,-9.5,0.6,1.9,-3.8,0.7,0,5802,0,207,0, 
3.2267,4.0,-2.4,-11.9,-1.8,-2.0,-7.1,-1.4,0,5808,0,208,0, 
3.2300,5.1,-2.3,-8.0,-2.2,-6.5,-9.6,-3.0,0,5814,0,209,0, 
3.2333,3.8,-1.5,-1.0,-1.3,-8.4,-9.4,-2.9,0,5820,0,210,0, 
3.2367,1.1,-0.9,4.2,-0.2,-6.5,-7.0,-1.3,0,5826,0,211,0, 
3.2400,-1.1,-1.5,4.4,-0.1,-2.6,-4.8,0.6,0,5832,0,212,0, 
3.2433,-2.0,-3.3,0.6,-1.1,0.6,-5.3,1.1,0,5838,0,213,0, 
3.2467,-1.9,-5.5,-3.3,-2.4,1.3,-8.7,-0.2,0,5844,0,214,0, 
3.2500,-2.1,-6.5,-3.6,-3.2,-0.2,-11.9,-2.2,0,5850,0,215,0, 
3.2533,-3.5,-5.8,-0.2,-3.3,-2.0,-11.3,-3.2,0,5856,0,216,0, 
3.2567,-5.8,-4.4,3.6,-3.0,-2.8,-5.6,-2.6,0,5862,0,217,0, 
3.2600,-7.8,-4.5,3.3,-3.0,-2.2,2.1,-1.1,0,5868,0,218,0, 
3.2633,-8.5,-7.0,-2.6,-3.4,-0.8,6.1,-0.7,0,5874,0,219,0, 
3.2667,-7.8,-11.4,-10.9,-3.7,0.4,2.3,-2.6,0,5880,0,220,0, 
3.2700,-6.6,-14.9,-16.2,-3.2,0.8,-8.3,-5.8,0,5886,0,221,0, 
3.2733,-5.9,-15.3,-14.5,-1.8,0.4,-19.2,-7.8,0,5892,0,222,0, 
3.2767,-6.2,-12.2,-7.0,-0.2,-0.5,-23.4,-6.5,0,5898,0,223,0, 
3.2800,-6.8,-7.7,1.3,0.7,-1.4,-18.2,-1.9,0,5904,0,224,0, 
3.2833,-6.8,-4.4,4.8,0.1,-1.7,-7.1,3.5,0,5910,0,225,0, 
3.2867,-5.7,-3.9,2.0,-1.7,-1.1,3.0,6.4,0,5916,0,226,0, 
3.2900,-3.9,-5.3,-4.3,-3.6,0.4,7.0,5.3,0,5922,0,227,0, 
3.2933,-1.9,-6.5,-8.7,-4.5,1.6,4.7,1.6,0,5928,0,228,0, 
3.2967,-0.3,-5.7,-7.9,-3.8,1.4,0.3,-1.3,0,5934,0,229,0, 
3.3000,1.1,-2.7,-2.9,-2.2,-0.8,-2.2,-1.0,0,5940,0,230,0, 
3.3033,2.7,0.7,2.8,-0.5,-4.1,-1.7,2.4,0,5946,0,231,0, 
3.3067,4.2,2.8,5.7,0.6,-6.8,-0.5,6.4,0,5952,0,232,0, 
3.3100,5.0,2.9,5.4,1.1,-7.6,-0.5,8.1,0,5958,0,233,0, 
3.3133,4.3,1.8,4.1,1.3,-5.9,-1.4,6.3,0,5964,0,234,0, 
3.3167,2.0,0.7,4.4,1.4,-3.2,-1.0,2.6,0,5970,0,235,0, 
3.3200,-0.7,0.5,6.6,1.3,-1.1,2.5,-0.2,0,5976,0,236,0, 
3.3233,-1.9,1.1,8.8,0.6,-1.1,8.1,-0.3,0,5982,0,237,0, 
3.3267,-0.3,2.0,8.6,-0.6,-2.8,12.6,2.7,0,5988,0,238,0, 
3.3300,3.5,3.0,5.3,-2.1,-4.6,13.6,7.0,0,5994,0,239,0, 
3.3333,7.3,3.9,0.4,-3.3,-4.6,12.2,10.8,0,6000,0,240,0, 
3.3367,9.1,4.7,-3.3,-4.2,-1.9,11.9,12.9,0,6006,0,241,0, 
3.3400,8.1,4.7,-4.5,-4.6,2.9,15.1,13.0,0,6012,0,242,0, 
3.3433,5.4,3.7,-3.2,-4.7,7.3,20.1,11.5,0,6018,0,243,0, 
3.3467,3.1,2.1,-0.5,-4.2,8.7,22.3,9.1,0,6024,0,244,0, 
3.3500,2.6,1.2,2.9,-2.7,6.1,18.5,6.7,0,6030,0,245,0, 
3.3533,3.3,2.6,6.8,-0.7,0.6,10.1,5.4,0,6036,0,246,0, 
3.3567,3.6,6.6,11.3,1.0,-4.4,3.3,5.9,0,6042,0,247,0, 
3.3600,2.0,11.5,15.3,1.5,-6.0,4.1,8.1,0,6048,0,248,0, 
3.3633,-1.2,14.7,17.2,0.5,-3.2,12.7,10.9,0,6054,0,249,0, 
3.3667,-4.6,13.9,15.6,-1.2,2.1,23.1,12.3,0,6060,0,250,0, 
3.3700,-6.2,9.0,11.0,-2.4,6.5,26.9,11.2,0,6066,0,251,0, 
3.3733,-5.3,2.3,5.6,-2.2,7.4,20.7,7.5,0,6072,0,252,0, 
3.3767,-2.8,-2.9,1.7,-1.2,4.8,8.6,3.0,0,6078,0,253,0, 
3.3800,0.0,-4.5,0.1,-0.4,1.0,-0.7,-0.1,0,6084,0,254,0, 
3.3833,2.3,-2.5,-0.2,-1.0,-1.4,-1.1,-0.3,0,6090,0,255,0, 
3.3867,3.8,1.0,-0.6,-2.6,-1.1,6.2,2.1,0,6096,0,0,0, 
3.3900,4.8,3.4,-1.8,-4.2,1.1,14.1,5.0,0,6102,0,1,0, 
3.3933,5.0,3.8,-2.4,-4.3,3.6,15.9,6.4,0,6108,0,2,0, 
3.3967,4.1,2.7,-0.7,-2.7,5.0,10.6,5.7,0,6114,0,3,0, 
3.4000,2.0,1.6,3.4,-0.5,5.3,3.4,3.9,0,6120,0,4,0, 
3.4033,-0.6,1.6,7.9,0.8,5.1,0.9,3.0,0,6126,0,5,0, 
3.4067,-2.3,2.5,9.6,0.3,4.9,5.5,4.1,0,6132,0,6,0, 
3.4100,-2.1,3.1,6.3,-1.9,5.0,13.6,6.8,0,6138,0,7,0, 
3.4133,-0.1,2.7,-1.1,-4.4,5.6,19.3,9.5,0,6144,0,8,0, 
3.4167,2.0,1.6,-8.9,-6.0,6.6,19.5,10.7,0,6150,0,9,0, 
3.4200,2.7,1.1,-12.8,-6.0,8.3,15.6,10.3,0,6156,0,10,0, 
3.4233,1.7,2.4,-10.2,-4.3,9.9,11.9,9.4,0,6162,0,11,0, 
3.4267,-0.1,5.8,-2.2,-1.6,10.3,11.4,9.4,0,6168,0,12,0, 
3.4300,-0.9,10.1,7.4,1.3,8.5,13.9,10.8,0,6174,0,13,0, 
3.4333,0.0,13.4,13.9,3.4,4.6,16.6,12.7,0,6180,0,14,0, 
3.4367,2.3,14.6,14.7,4.3,0.4,17.2,13.9,0,6186,0,15,0, 
3.4400,4.4,13.3,9.9,3.7,-2.0,15.6,13.4,0,6192,0,16,0, 
3.4433,4.8,10.7,2.7,2.0,-1.7,13.0,11.6,0,6198,0,17,0, 
3.4467,3.0,7.9,-2.8,0.1,0.4,10.7,9.5,0,6204,0,18,0, 
3.4500,-0.3,5.7,-3.9,-1.3,2.2,8.5,7.8,0,6210,0,19,0, 
3.4533,-3.9,3.9,-0.3,-1.6,2.4,6.0,6.4,0,6216,0,20,0, 
3.4567,-6.6,2.2,5.6,-1.1,1.6,3.3,5.0,0,6222,0,21,0, 
3.4600,-7.7,0.4,10.0,-0.2,1.7,2.2,3.2,0,6228,0,22,0, 
3.4633,-7.0,-1.3,9.9,0.5,3.7,3.9,1.8,0,6234,0,23,0, 
3.4667,-4.8,-2.2,4.6,0.6,6.7,8.4,1.6,0,6240,0,24,0, 
3.4700,-1.8,-1.8,-3.6,-0.1,8.2,13.5,3.1,0,6246,0,25,0, 
3.4733,1.2,-0.2,-10.5,-1.0,6.7,16.5,5.7,0,6252,0,26,0, 
3.4767,3.0,1.9,-11.8,-1.4,2.9,16.2,7.8,0,6258,0,27,0, 
3.4800,3.3,3.8,-6.0,-0.7,-0.3,13.8,8.0,0,6264,0,28,0, 
3.4833,2.6,5.0,4.5,0.8,0.1,11.6,6.1,0,6270,0,29,0, 
3.4867,2.1,5.1,14.2,2.1,4.1,11.3,3.2,0,6276,0,30,0, 
3.4900,2.6,4.3,17.5,2.1,8.9,12.7,1.3,0,6282,0,31,0, 
3.4933,4.1,3.0,12.4,0.0,10.6,14.0,1.7,0,6288,0,32,0, 
3.4967,5.7,1.9,1.8,-3.1,7.6,13.4,4.1,0,6294,0,33,0, 
3.5000,6.4,1.4,-8.1,-5.6,1.7,10.3,7.2,0,6300,0,34,0, 
3.5033,6.0,1.7,-11.9,-6.0,-3.0,5.7,9.2,0,6306,0,35,0, 
3.5067,5.3,2.7,-8.5,-4.2,-3.4,1.5,9.6,0,6312,0,36,0, 
3.5100,5.4,3.7,-1.2,-1.8,0.3,-0.8,9.2,0,6318,0,37,0, 
3.5133,6.7,4.5,4.8,-0.5,5.3,0.0,9.4,0,6324,0,38,0, 
3.5167,8.4,4.9,6.0,-1.2,8.2,3.3,11.0,0,6330,0,39,0, 
3.5200,9.6,5.2,2.8,-2.8,7.5,7.7,13.1,0,6336,0,40,0, 
3.5233,9.9,5.4,-2.0,-3.6,4.3,10.8,14.1,0,6342,0,41,0, 
3.5267,9.9,5.5,-5.3,-2.5,0.7,10.5,12.7,0,6348,0,42,0, 
3.5300,10.3,5.3,-6.0,0.0,-1.4,6.2,9.2,0,6354,0,43,0, 
3.5333,11.2,4.8,-4.3,2.4,-1.8,-0.3,5.4,0,6360,0,44,0, 
3.5367,11.5,4.3,-0.6,3.2,-0.9,-5.3,2.9,0,6366,0,45,0, 
3.5400,9.9,4.2,4.2,2.2,0.9,-5.3,2.1,0,6372,0,46,0, 
3.5433,6.4,4.7,9.1,0.4,3.3,0.5,2.1,0,6378,0,47,0, 
3.5467,2.5,5.4,11.9,-1.0,5.8,9.0,1.6,0,6384,0,48,0, 
3.5500,0.2,5.8,10.7,-1.4,7.0,14.4,0.1,0,6390,0,49,0, 
3.5533,0.8,5.7,5.4,-1.1,5.6,12.3,-1.5,0,6396,0,50,0, 
3.5567,3.2,5.0,-1.3,-0.8,1.5,2.3,-2.3,0,6402,0,51,0, 
3.5600,5.3,4.0,-5.6,-0.9,-3.6,-10.8,-2.2,0,6408,0,52,0, 
3.5633,5.0,2.8,-5.2,-1.3,-6.9,-20.3,-2.2,0,6414,0,53,0, 
3.5667,2.2,1.2,-1.9,-1.7,-6.6,-21.6,-3.4,0,6420,0,54,0, 
3.5700,-1.2,-0.9,0.2,-2.1,-3.3,-15.3,-5.7,0,6426,0,55,0, 
3.5733,-2.7,-3.0,-1.9,-2.4,0.2,-6.4,-7.8,0,6432,0,56,0, 
3.5767,-1.5,-4.4,-7.4,-2.7,0.9,-0.6,-8.2,0,6438,0,57,0, 
3.5800,1.3,-4.5,-11.5,-2.5,-1.9,-0.2,-6.5,0,6444,0,58,0, 
3.5833,3.7,-3.1,-10.3,-1.9,-6.6,-3.6,-3.8,0,6450,0,59,0, 
3.5867,4.0,-1.1,-3.8,-0.9,-10.2,-6.7,-1.9,0,6456,0,60,0, 
3.5900,2.4,0.5,3.4,-0.2,-10.4,-6.6,-1.5,0,6462,0,61,0, 
3.5933,0.5,1.0,6.0,-0.4,-7.4,-3.5,-2.1,0,6468,0,62,0, 
3.5967,-0.2,0.2,2.1,-1.6,-2.9,0.0,-2.4,0,6474,0,63,0, 
3.6000,0.7,-1.3,-4.9,-3.2,1.0,1.3,-1.9,0,6480,0,64,0, 
3.6033,2.0,-2.9,-9.5,-4.2,3.0,-0.4,-1.3,0,6486,0,65,0, 
3.6067,2.2,-4.7,-8.5,-4.1,3.3,-3.5,-2.0,0,6492,0,66,0, 
3.6100,0.2,-6.8,-3.7,-3.0,2.7,-5.8,-4.8,0,6498,0,67,0, 
3.6133,-3.1,-9.5,-0.1,-1.8,2.1,-6.1,-9.0,0,6504,0,68,0, 
3.6167,-6.2,-12.4,-1.6,-1.4,1.8,-5.0,-13.0,0,6510,0,69,0, 
3.6200,-7.4,-14.6,-8.0,-2.0,1.3,-4.4,-15.4,0,6516,0,70,0, 
3.6233,-6.0,-15.5,-15.2,-2.9,0.1,-6.1,-15.7,0,6522,0,71,0, 
3.6267,-2.9,-14.9,-19.2,-3.3,-2.0,-10.1,-14.2,0,6528,0,72,0, 
3.6300,0.3,-13.4,-18.1,-2.9,-4.4,-14.4,-12.1,0,6534,0,73,0, 
3.6333,1.8,-11.8,-13.9,-1.9,-5.8,-16.3,-10.1,0,6540,0,74,0, 
3.6367,0.9,-11.2,-9.5,-1.1,-5.2,-13.8,-8.7,0,6546,0,75,0, 
3.6400,-2.0,-11.8,-7.3,-1.3,-2.6,-8.1,-8.4,0,6552,0,76,0, 
3.6433,-5.8,-13.5,-7.4,-2.6,0.3,-3.2,-9.7,0,6558,0,77,0, 
3.6467,-9.2,-15.6,-9.2,-4.5,1.6,-3.6,-12.7,0,6564,0,78,0, 
3.6500,-11.7,-17.5,-11.7,-6.6,-0.3,-10.5,-16.8,0,6570,0,79,0, 
3.6533,-13.5,-19.1,-14.9,-8.1,-5.0,-20.8,-21.0,0,6576,0,80,0, 
3.6567,-15.2,-20.7,-18.5,-9.1,-10.3,-28.4,-24.2,0,6582,0,81,0, 
3.6600,-17.4,-22.8,-21.5,-9.8,-13.9,-29.0,-26.2,0,6588,0,82,0, 
3.6633,-20.4,-25.6,-22.8,-10.4,-14.4,-23.8,-27.7,0,6594,0,83,0, 
3.6667,-23.7,-28.8,-21.9,-10.9,-12.6,-18.4,-29.6,0,6600,0,84,0, 
3.6700,-27.1,-31.9,-20.1,-11.4,-10.4,-18.7,-32.5,0,6606,0,85,0, 
3.6733,-30.3,-34.3,-19.9,-11.7,-9.4,-25.8,-36.0,0,6612,0,86,0, 
3.6767,-33.3,-36.1,-23.6,-11.8,-9.7,-35.1,-39.1,0,6618,0,87,0, 
3.6800,-36.6,-38.0,-31.3,-12.3,-10.3,-39.9,-40.5,0,6624,0,88,0, 
3.6833,-40.6,-40.6,-40.6,-13.2,-10.2,-37.0,-40.2,0,6630,0,89,0, 
3.6867,-45.2,-43.6,-47.5,-14.6,-9.5,-29.4,-38.9,0,6636,0,90,0, 
3.6900,-49.7,-46.1,-49.0,-15.8,-9.2,-23.4,-37.6,0,6642,0,91,0, 
3.6933,-53.1,-47.0,-44.3,-16.0,-10.2,-23.4,-37.3,0,6648,0,92,0, 
3.6967,-54.6,-45.6,-35.8,-15.1,-12.6,-28.9,-38.0,0,6654,0,93,0, 
3.7000,-54.3,-42.9,-27.8,-13.9,-15.1,-35.0,-39.2,0,6660,0,94,0, 
3.7033,-53.0,-40.2,-24.0,-13.4,-16.4,-37.6,-39.9,0,6666,0,95,0, 
3.7067,-51.5,-38.8,-25.3,-14.2,-15.5,-35.9,-39.6,0,6672,0,96,0, 
3.7100,-50.5,-38.6,-29.6,-15.9,-12.9,-32.3,-38.4,0,6678,0,97,0, 
3.7133,-50.0,-38.5,-32.8,-17.3,-9.8,-29.5,-36.7,0,6684,0,98,0, 
3.7167,-49.9,-37.1,-32.2,-17.3,-7.6,-27.9,-35.1,0,6690,0,99,0, 
3.7200,-49.8,-34.3,-28.4,-16.1,-7.5,-25.9,-33.9,0,6696,0,100,0, 
3.7233,-49.8,-31.6,-24.8,-14.9,-10.0,-22.7,-33.5,0,6702,0,101,0, 
3.7267,-49.9,-31.0,-25.2,-15.0,-14.5,-20.2,-34.0,0,6708,0,102,0, 
3.7300,-50.2,-33.5,-30.2,-16.8,-19.6,-21.5,-35.4,0,6714,0,103,0, 
3.7333,-50.2,-38.0,-36.8,-18.9,-23.5,-28.1,-37.5,0,6720,0,104,0, 
3.7367,-49.9,-42.1,-39.8,-19.7,-24.6,-37.8,-39.8,0,6726,0,105,0, 
3.7400,-49.2,-43.5,-36.6,-18.3,-22.7,-45.0,-41.4,0,6732,0,106,0, 
3.7433,-48.4,-42.0,-29.5,-15.5,-19.0,-45.0,-41.4,0,6738,0,107,0, 
3.7467,-47.3,-39.0,-23.9,-13.0,-15.7,-37.1,-39.2,0,6744,0,108,0, 
3.7500,-45.4,-36.7,-23.9,-12.2,-14.0,-25.7,-34.8,0,6750,0,109,0, 
3.7533,-42.2,-35.8,-28.5,-12.7,-13.9,-17.2,-29.5,0,6756,0,110,0, 
3.7567,-37.5,-35.7,-32.2,-13.2,-14.3,-15.5,-25.1,0,6762,0,111,0, 
3.7600,-32.3,-34.7,-29.4,-12.4,-14.2,-19.7,-22.7,0,6768,0,112,0, 
3.7633,-28.2,-32.0,-19.7,-10.3,-13.5,-25.0,-22.4,0,6774,0,113,0, 
3.7667,-26.2,-28.7,-8.9,-7.9,-12.9,-26.4,-23.4,0,6780,0,114,0, 
3.7700,-25.6,-26.7,-4.4,-6.5,-12.9,-22.0,-24.4,0,6786,0,115,0, 
3.7733,-25.0,-27.3,-9.6,-6.7,-12.8,-14.3,-24.9,0,6792,0,116,0, 
3.7767,-22.7,-30.3,-20.9,-7.6,-11.3,-8.3,-25.0,0,6798,0,117,0, 
3.7800,-18.5,-33.6,-30.3,-8.3,-7.8,-7.5,-25.4,0,6804,0,118,0, 
3.7833,-13.8,-35.0,-31.7,-8.1,-3.7,-11.7,-25.7,0,6810,0,119,0, 
3.7867,-10.3,-33.3,-24.5,-7.3,-1.2,-17.7,-25.2,0,6816,0,120,0, 
3.7900,-9.0,-29.0,-13.3,-6.5,-2.2,-21.4,-22.9,0,6822,0,121,0, 
3.7933,-9.3,-24.0,-4.3,-5.9,-5.9,-21.4,-19.2,0,6828,0,122,0, 
3.7967,-9.5,-20.2,-1.1,-5.7,-9.6,-19.1,-15.6,0,6834,0,123,0, 
3.8000,-8.5,-19.0,-3.5,-5.7,-10.2,-17.2,-14.3,0,6840,0,124,0, 
3.8033,-6.5,-20.2,-9.1,-5.9,-7.1,-16.4,-16.0,0,6846,0,125,0, 
3.8067,-5.1,-22.9,-14.9,-6.2,-2.3,-15.5,-19.5,0,6852,0,126,0, 
3.8100,-5.5,-25.3,-18.6,-6.6,0.7,-12.6,-22.2,0,6858,0,127,0, 
3.8133,-7.7,-25.8,-18.4,-6.4,0.0,-7.9,-22.3,0,6864,0,128,0, 
3.8167,-10.3,-24.0,-13.7,-5.4,-3.4,-4.0,-20.2,0,6870,0,129,0, 
3.8200,-11.5,-20.4,-5.5,-3.5,-6.7,-4.3,-17.9,0,6876,0,130,0, 
3.8233,-10.2,-16.4,2.8,-1.4,-7.4,-9.1,-17.4,0,6882,0,131,0, 
3.8267,-6.7,-13.1,7.1,0.3,-5.6,-15.1,-18.4,0,6888,0,132,0, 
3.8300,-2.4,-10.8,5.1,1.2,-3.4,-17.4,-18.7,0,6894,0,133,0, 
3.8333,1.1,-9.1,-1.7,1.7,-2.9,-13.7,-15.8,0,6900,0,134,0, 
3.8367,3.2,-7.4,-8.7,2.5,-4.2,-6.4,-9.0,0,6906,0,135,0, 
3.8400,3.6,-5.1,-11.0,4.1,-5.2,-0.9,-0.7,0,6912,0,136,0, 
3.8433,3.1,-2.2,-7.0,6.2,-3.7,-1.0,5.5,0,6918,0,137,0, 
3.8467,2.4,1.0,1.0,8.1,0.6,-5.8,7.6,0,6924,0,138,0, 
3.8500,2.1,4.4,8.5,9.1,5.3,-10.1,6.2,0,6930,0,139,0, 
3.8533,2.5,7.9,12.0,9.0,7.2,-9.1,4.2,0,6936,0,140,0, 
3.8567,3.5,11.1,11.6,8.2,4.7,-1.8,4.3,0,6942,0,141,0, 
3.8600,4.9,13.5,10.0,7.2,-1.1,7.1,7.0,0,6948,0,142,0, 
3.8633,6.3,14.7,10.6,6.9,-7.0,11.6,10.2,0,6954,0,143,0, 
3.8667,7.4,14.5,14.8,7.2,-9.8,8.3,11.3,0,6960,0,144,0, 
3.8700,8.3,13.5,21.0,7.9,-8.7,-0.4,9.6,0,6966,0,145,0, 
3.8733,9.1,12.3,25.7,8.7,-5.2,-8.0,6.2,0,6972,0,146,0, 
3.8767,9.8,10.8,25.9,8.9,-1.7,-8.8,3.4,0,6978,0,147,0, 
3.8800,9.9,8.7,20.6,8.1,0.1,-1.7,2.5,0,6984,0,148,0, 
3.8833,8.9,5.8,11.7,6.3,0.1,8.4,2.8,0,6990,0,149,0, 
3.8867,7.1,2.1,2.5,3.7,-0.7,14.4,2.4,0,6996,0,150,0, 
3.8900,5.2,-1.4,-3.7,0.6,-1.5,11.8,0.4,0,7002,0,151,0, 
3.8933,4.3,-3.7,-5.7,-2.1,-1.8,1.9,-2.4,0,7008,0,152,0, 
3.8967,4.8,-4.2,-4.4,-3.5,-1.6,-8.6,-3.8,0,7014,0,153,0, 
3.9000,6.7,-3.0,-1.5,-3.2,-0.6,-12.2,-1.7,0,7020,0,154,0, 
3.9033,9.0,-0.5,1.7,-1.4,1.6,-6.1,3.8,0,7026,0,155,0, 
3.9067,11.2,3.0,5.1,1.1,4.8,6.1,10.7,0,7032,0,156,0, 
3.9100,13.4,7.3,9.3,3.0,7.9,16.9,15.9,0,7038,0,157,0, 
3.9133,15.9,11.9,14.6,3.7,9.4,20.0,17.9,0,7044,0,158,0, 
3.9167,19.0,16.0,20.1,3.3,8.4,15.2,17.0,0,7050,0,159,0, 
3.9200,21.8,18.6,23.7,2.7,5.8,7.5,15.3,0,7056,0,160,0, 
3.9233,23.4,19.1,24.0,2.5,3.8,3.4,15.2,0,7062,0,161,0, 
3.9267,23.2,18.2,20.8,2.8,4.4,5.5,17.4,0,7068,0,162,0, 
3.9300,21.7,16.9,15.9,3.3,7.6,11.0,20.7,0,7074,0,163,0, 
3.9333,19.9,16.3,11.8,3.0,11.6,15.0,23.0,0,7080,0,164,0, 
3.9367,18.7,16.5,10.6,2.0,14.0,14.9,22.7,0,7086,0,165,0, 
3.9400,18.0,16.8,12.8,1.0,13.4,12.4,19.9,0,7092,0,166,0, 
3.9433,17.0,16.0,17.1,1.1,10.3,11.2,16.0,0,7098,0,167,0, 
3.9467,15.3,13.6,21.2,2.8,6.4,12.5,12.8,0,7104,0,168,0, 
3.9500,13.3,10.0,22.4,5.1,3.4,14.3,10.8,0,7110,0,169,0, 
3.9533,12.0,6.0,19.5,6.6,2.0,12.8,9.3,0,7116,0,170,0, 
3.9567,11.8,2.4,12.9,5.9,2.3,7.4,7.4,0,7122,0,171,0, 
3.9600,12.1,-0.4,5.2,3.1,3.9,1.4,4.7,0,7128,0,172,0, 
3.9633,11.7,-2.3,-0.6,-0.3,6.5,-0.3,1.7,0,7134,0,173,0, 
3.9667,9.7,-3.0,-2.1,-2.3,9.0,4.0,-0.3,0,7140,0,174,0, 
3.9700,6.8,-2.8,0.8,-1.8,10.4,10.9,-0.8,0,7146,0,175,0, 
3.9733,4.9,-1.6,5.9,0.7,9.6,14.2,-0.4,0,7152,0,176,0, 
3.9767,5.4,0.1,10.4,3.5,6.8,10.6,-0.1,0,7158,0,177,0, 
3.9800,8.5,1.7,12.7,4.8,3.4,2.4,-0.3,0,7164,0,178,0, 
3.9833,12.5,3.0,12.4,4.1,1.1,-4.6,-0.4,0,7170,0,179,0, 
3.9867,15.2,3.8,10.5,2.4,0.8,-5.8,0.4,0,7176,0,180,0, 
3.9900,15.2,4.1,7.5,0.8,1.9,-1.9,2.4,0,7182,0,181,0, 
3.9933,13.0,3.9,3.9,0.2,3.6,3.1,4.6,0,7188,0,182,0, 
3.9967,10.0,3.4,0.0,0.2,4.7,5.0,5.7,0,7194,0,183,0, 
4.0000,8.0,2.9,-2.7,0.2,5.3,3.6,5.1,0,7200,0,184,0, 
4.0033,7.8,3.2,-2.6,-0.6,5.4,2.0,3.7,0,7206,0,185,0, 
4.0067,8.9,4.3,0.9,-1.8,5.1,2.6,3.1,0,7212,0,186,0, 
4.0100,10.3,5.7,5.9,-2.4,3.7,4.8,3.7,0,7218,0,187,0, 
4.0133,11.1,6.4,8.8,-1.8,1.1,5.2,4.7,0,7224,0,188,0, 
4.0167,10.9,5.5,7.4,0.1,-1.7,1.6,4.4,0,7230,0,189,0, 
4.0200,9.8,3.2,2.5,2.3,-2.9,-4.4,2.6,0,7236,0,190,0, 
4.0233,8.4,1.2,-2.1,3.8,-1.4,-8.2,0.6,0,7242,0,191,0, 
4.0267,7.7,1.2,-2.5,3.9,2.2,-6.3,0.6,0,7248,0,192,0, 
4.0300,8.1,4.1,2.0,2.9,5.5,0.2,3.5,0,7254,0,193,0, 
4.0333,9.6,8.4,8.4,1.5,6.2,6.1,7.8,0,7260,0,194,0, 
4.0367,11.5,11.8,12.2,0.6,3.8,6.7,10.6,0,7266,0,195,0, 
4.0400,13.0,12.3,11.4,0.5,0.1,1.8,9.8,0,7272,0,196,0, 
4.0433,13.4,9.9,7.8,0.8,-2.4,-3.9,6.1,0,7278,0,197,0, 
4.0467,13.0,6.5,5.0,1.1,-2.2,-5.1,2.5,0,7284,0,198,0, 
4.0500,12.4,4.2,5.3,1.2,0.1,0.1,1.7,0,7290,0,199,0, 
4.0533,12.3,4.1,7.0,1.2,2.2,7.8,4.0,0,7296,0,200,0, 
4.0567,12.9,4.9,6.8,1.4,2.4,11.9,6.9,0,7302,0,201,0, 
4.0600,13.4,4.8,3.0,2.1,0.5,8.8,7.3,0,7308,0,202,0, 
4.0633,12.9,2.7,-2.6,3.4,-2.4,0.3,4.0,0,7314,0,203,0, 
4.0667,11.1,-0.8,-5.8,5.1,-4.7,-8.2,-1.6,0,7320,0,204,0, 
4.0700,8.7,-3.6,-4.2,6.6,-5.5,-11.8,-6.1,0,7326,0,205,0, 
4.0733,6.9,-4.1,1.0,7.4,-5.1,-9.4,-6.8,0,7332,0,206,0, 
4.0767,6.9,-1.9,5.7,7.1,-4.4,-3.6,-3.5,0,7338,0,207,0, 
4.0800,8.6,1.8,6.8,5.9,-4.3,1.4,2.1,0,7344,0,208,0, 
4.0833,11.2,5.5,4.7,4.3,-4.8,3.4,7.1,0,7350,0,209,0, 
4.0867,13.5,8.4,2.4,2.9,-5.4,3.1,9.9,0,7356,0,210,0, 
4.0900,14.7,10.6,2.9,1.8,-5.4,2.6,10.9,0,7362,0,211,0, 
4.0933,14.8,12.7,6.0,0.8,-4.0,3.7,11.4,0,7368,0,212,0, 
4.0967,14.4,14.9,9.2,-0.1,-1.4,6.5,12.9,0,7374,0,213,0, 
4.1000,13.8,17.0,10.8,-1.0,1.1,9.4,15.7,0,7380,0,214,0, 
4.1033,13.0,18.1,11.0,-1.3,2.0,10.4,18.4,0,7386,0,215,0, 
4.1067,11.9,17.8,12.0,-0.7,0.6,8.3,18.8,0,7392,0,216,0, 
4.1100,10.5,16.0,14.7,0.7,-2.3,3.2,15.9,0,7398,0,217,0, 
4.1133,9.1,13.1,17.0,1.9,-4.6,-3.0,10.2,0,7404,0,218,0, 
4.1167,7.9,9.5,15.7,2.1,-4.6,-7.6,4.1,0,7410,0,219,0, 
4.1200,7.0,6.0,9.4,1.1,-2.1,-7.8,0.8,0,7416,0,220,0, 
4.1233,6.3,3.6,0.6,-0.5,1.2,-2.6,1.6,0,7422,0,221,0, 
4.1267,5.5,3.0,-5.7,-1.4,3.3,6.7,5.9,0,7428,0,222,0, 
4.1300,5.2,4.5,-6.0,-0.9,3.1,16.4,10.9,0,7434,0,223,0, 
4.1333,5.9,7.8,-0.9,0.7,1.6,22.5,14.1,0,7440,0,224,0, 
4.1367,7.9,11.8,5.6,2.7,0.1,22.8,14.5,0,7446,0,225,0, 
4.1400,10.6,15.3,9.7,4.3,-0.4,18.0,13.1,0,7452,0,226,0, 
4.1433,13.0,17.6,10.3,4.9,-0.4,11.4,12.0,0,7458,0,227,0, 
4.1467,13.8,18.5,9.4,4.8,-1.3,6.5,12.0,0,7464,0,228,0, 
4.1500,12.6,18.2,9.8,4.2,-3.4,4.9,12.6,0,7470,0,229,0, 
4.1533,10.2,17.1,12.3,3.6,-6.0,5.9,12.3,0,7476,0,230,0, 
4.1567,7.6,15.6,15.7,3.0,-7.4,7.3,9.7,0,7482,0,231,0, 
4.1600,5.9,13.8,17.9,2.6,-6.7,7.0,5.3,0,7488,0,232,0, 
4.1633,5.3,11.8,17.5,2.1,-4.2,5.0,0.8,0,7494,0,233,0, 
4.1667,5.6,9.7,14.5,1.3,-1.5,2.7,-1.8,0,7500,0,234,0, 
4.1700,6.5,7.8,9.7,0.0,0.3,2.1,-1.5,0,7506,0,235,0, 
4.1733,8.0,6.6,4.4,-1.7,1.4,4.8,1.4,0,7512,0,236,0, 
4.1767,10.1,6.5,0.3,-3.1,2.7,10.3,5.8,0,7518,0,237,0, 
4.1800,12.8,7.7,-1.4,-3.5,4.8,17.0,10.5,0,7524,0,238,0, 
4.1833,15.4,9.6,0.0,-2.6,7.0,22.2,14.8,0,7530,0,239,0, 
4.1867,17.3,11.1,3.2,-0.9,7.9,24.1,18.1,0,7536,0,240,0, 
4.1900,17.6,11.0,5.5,0.3,6.7,22.3,19.5,0,7542,0,241,0, 
4.1933,16.2,8.6,4.7,0.1,3.7,18.3,18.6,0,7548,0,242,0, 
4.1967,13.4,4.6,0.4,-1.4,0.8,13.8,15.4,0,7554,0,243,0, 
4.2000,9.9,1.0,-4.6,-3.1,-0.3,10.6,10.8,0,7560,0,244,0, 
4.2033,6.9,-0.3,-6.5,-3.7,1.2,8.4,6.6,0,7566,0,245,0, 
4.2067,5.2,1.6,-3.6,-2.8,4.7,6.6,4.5,0,7572,0,246,0, 
4.2100,5.0,5.7,2.3,-1.3,8.6,4.5,5.1,0,7578,0,247,0, 
4.2133,5.9,10.5,7.3,-0.4,10.9,2.8,8.2,0,7584,0,248,0, 
4.2167,6.8,14.1,8.3,-0.8,10.7,3.2,12.6,0,7590,0,249,0, 
4.2200,6.9,16.2,5.8,-2.1,8.3,6.7,17.0,0,7596,0,250,0, 
4.2233,5.9,17.0,3.4,-2.8,5.0,12.3,20.3,0,7602,0,251,0, 
4.2267,4.7,17.3,4.2,-2.1,2.3,17.0,21.7,0,7608,0,252,0, 
4.2300,4.4,17.3,8.3,-0.3,1.4,18.0,21.3,0,7614,0,253,0, 
4.2333,5.9,16.7,12.4,1.3,2.3,14.7,19.5,0,7620,0,254,0, 
4.2367,8.6,15.3,12.3,1.2,4.2,9.9,17.2,0,7626,0,255,0, 
4.2400,11.0,13.7,7.3,-0.7,6.2,7.8,15.6,0,7632,0,0,0, 
4.2433,11.5,12.7,0.7,-3.3,7.8,10.7,15.5,0,7638,0,1,0, 
4.2467,9.9,13.2,-1.7,-4.7,8.7,16.8,16.7,0,7644,0,2,0, 
4.2500,7.5,15.2,3.3,-4.0,8.8,21.5,18.6,0,7650,0,3,0, 
4.2533,6.2,17.8,14.0,-1.5,7.5,20.6,19.8,0,7656,0,4,0, 
4.2567,7.3,19.5,24.4,1.5,4.3,13.5,19.5,0,7662,0,5,0, 
4.2600,10.1,19.3,28.2,3.9,-0.3,4.2,17.5,0,7668,0,6,0, 
4.2633,12.7,16.9,23.3,4.9,-4.3,-1.9,14.6,0,7674,0,7,0, 
4.2667,13.3,13.2,12.8,5.0,-5.6,-1.5,11.8,0,7680,0,8,0, 
4.2700,11.3,9.5,3.1,4.7,-3.4,4.0,10.1,0,7686,0,9,0, 
4.2733,8.1,6.8,-0.9,4.5,0.8,10.3,9.8,0,7692,0,10,0, 
4.2767,5.7,5.7,1.0,4.3,3.3,12.8,10.4,0,7698,0,11,0, 
4.2800,5.6,5.4,4.9,3.7,1.7,10.0,11.0,0,7704,0,12,0, 
4.2833,7.7,4.6,5.9,2.1,-3.8,3.7,10.5,0,7710,0,13,0, 
4.2867,10.4,2.2,2.2,-0.1,-9.5,-2.6,8.2,0,7716,0,14,0, 
4.2900,12.2,-1.8,-4.1,-2.4,-11.2,-6.7,4.2,0,7722,0,15,0, 
4.2933,12.2,-6.4,-8.5,-3.7,-7.3,-8.4,-0.5,0,7728,0,16,0, 
4.2967,11.2,-9.4,-8.0,-3.6,0.0,-8.7,-4.4,0,7734,0,17,0, 
4.3000,10.2,-9.3,-3.0,-2.2,5.9,-8.2,-5.9,0,7740,0,18,0, 
4.3033,10.3,-6.0,3.0,-0.3,6.6,-6.9,-4.4,0,7746,0,19,0, 
4.3067,11.3,-1.2,6.4,1.1,2.0,-4.3,-0.4,0,7752,0,20,0, 
4.3100,12.5,3.2,6.3,1.5,-4.7,-0.8,4.9,0,7758,0,21,0, 
4.3133,13.1,5.6,4.3,1.0,-9.1,1.7,9.3,0,7764,0,22,0, 
4.3167,12.9,6.0,3.1,0.4,-9.0,1.5,11.6,0,7770,0,23,0, 
4.3200,12.4,5.5,4.2,0.2,-5.3,-1.7,11.4,0,7776,0,24,0, 
4.3233,11.8,5.1,6.5,0.8,-1.1,-6.0,9.2,0,7782,0,25,0, 
4.3267,11.0,5.0,8.2,1.6,0.7,-8.3,6.6,0,7788,0,26,0, 
4.3300,9.8,4.7,7.9,2.2,0.2,-6.5,4.6,0,7794,0,27,0, 
4.3333,8.1,3.5,6.1,2.0,-0.9,-1.3,3.7,0,7800,0,28,0, 
4.3367,6.5,1.6,3.9,1.1,-0.3,4.0,3.7,0,7806,0,29,0, 
4.3400,5.8,-0.8,2.1,-0.4,2.4,5.6,3.9,0,7812,0,30,0, 
4.3433,6.6,-2.9,0.3,-2.1,5.6,2.5,3.9,0,7818,0,31,0, 
4.3467,8.3,-4.2,-2.2,-3.6,6.9,-2.7,4.1,0,7824,0,32,0, 
4.3500,9.5,-4.6,-5.1,-4.6,5.0,-5.1,4.9,0,7830,0,33,0, 
4.3533,8.6,-4.0,-6.8,-4.8,1.0,-1.4,6.3,0,7836,0,34,0, 
4.3567,5.2,-2.4,-5.1,-4.1,-2.5,7.2,7.4,0,7842,0,35,0, 
4.3600,0.2,0.0,0.3,-2.4,-3.9,15.2,6.9,0,7848,0,36,0, 
4.3633,-4.5,2.4,7.2,-0.4,-3.3,16.8,3.8,0,7854,0,37,0, 
4.3667,-7.4,3.6,11.7,1.4,-2.5,10.1,-1.2,0,7860,0,38,0, 
4.3700,-7.9,2.8,10.8,2.2,-2.9,-1.5,-6.3,0,7866,0,39,0, 
4.3733,-6.6,0.4,4.2,2.0,-4.7,-11.8,-9.7,0,7872,0,40,0, 
4.3767,-4.7,-2.5,-4.7,0.8,-6.3,-16.5,-10.6,0,7878,0,41,0, 
4.3800,-3.1,-4.2,-11.1,-0.6,-6.1,-15.7,-9.9,0,7884,0,42,0, 
4.3833,-2.2,-4.2,-11.8,-1.8,-3.9,-13.0,-9.1,0,7890,0,43,0, 
4.3867,-1.9,-2.9,-7.1,-2.7,-1.1,-11.8,-9.1,0,7896,0,44,0, 
4.3900,-2.2,-1.7,-0.5,-3.3,0.9,-11.9,-9.6,0,7902,0,45,0, 
4.3933,-2.8,-1.7,3.8,-3.8,1.8,-10.9,-9.5,0,7908,0,46,0, 
4.3967,-3.7,-3.2,3.6,-4.4,2.6,-6.8,-8.3,0,7914,0,47,0, 
4.4000,-4.9,-5.3,-0.3,-4.6,4.4,-1.0,-6.4,0,7920,0,48,0, 
4.4033,-5.9,-6.9,-4.9,-4.3,6.8,2.8,-4.8,0,7926,0,49,0, 
4.4067,-6.5,-7.7,-7.5,-3.4,8.0,1.8,-4.5,0,7932,0,50,0, 
4.4100,-6.6,-8.0,-7.6,-2.3,6.2,-3.0,-5.4,0,7938,0,51,0, 
4.4133,-6.5,-8.4,-6.7,-1.3,1.5,-7.8,-6.4,0,7944,0,52,0, 
4.4167,-6.5,-9.1,-6.3,-0.5,-3.9,-9.0,-6.4,0,7950,0,53,0, 
4.4200,-6.5,-9.6,-6.5,0.3,-7.2,-6.4,-5.0,0,7956,0,54,0, 
4.4233,-6.4,-8.8,-6.1,1.6,-7.2,-2.3,-2.4,0,7962,0,55,0, 
4.4267,-5.7,-6.5,-3.8,3.3,-4.8,0.5,0.4,0,7968,0,56,0, 
4.4300,-3.9,-3.1,0.2,5.1,-2.0,1.7,2.6,0,7974,0,57,0, 
4.4333,-1.3,0.4,4.1,6.1,-0.7,2.7,3.7,0,7980,0,58,0, 
4.4367,1.4,2.7,5.8,5.7,-0.8,4.2,3.8,0,7986,0,59,0, 
4.4400,3.1,3.1,4.5,3.9,-1.5,4.7,2.8,0,7992,0,60,0, 
4.4433,2.8,1.7,1.4,1.5,-2.1,1.4,0.5,0,7998,0,61,0, 
4.4467,0.5,-1.4,-2.4,-0.8,-2.8,-6.2,-2.9,0,8004,0,62,0, 
4.4500,-3.0,-5.6,-6.2,-2.6,-4.0,-15.5,-7.4,0,8010,0,63,0, 
4.4533,-6.5,-10.3,-10.5,-3.6,-5.1,-22.1,-12.0,0,8016,0,64,0, 
4.4567,-9.1,-14.3,-15.4,-4.3,-5.1,-23.1,-15.7,0,8022,0,65,0, 
4.4600,-10.5,-16.5,-19.5,-4.7,-3.2,-19.7,-17.3,0,8028,0,66,0, 
4.4633,-10.9,-16.1,-20.6,-4.9,-0.1,-15.6,-16.6,0,8034,0,67,0, 
4.4667,-10.7,-13.2,-17.5,-5.1,2.5,-13.7,-14.1,0,8040,0,68,0, 
4.4700,-10.3,-9.5,-11.5,-5.4,2.9,-13.4,-11.2,0,8046,0,69,0, 
4.4733,-9.7,-6.6,-5.7,-5.8,1.3,-11.9,-9.2,0,8052,0,70,0, 
4.4767,-9.1,-5.4,-3.4,-6.1,-0.6,-6.7,-8.6,0,8058,0,71,0, 
4.4800,-8.7,-5.5,-5.0,-5.9,-0.6,1.0,-8.6,0,8064,0,72,0, 
4.4833,-8.1,-5.7,-8.5,-4.9,1.7,7.6,-8.1,0,8070,0,73,0, 
4.4867,-7.2,-5.2,-11.2,-3.4,4.6,9.0,-6.5,0,8076,0,74,0, 
4.4900,-5.7,-4.4,-12.1,-2.4,5.6,3.8,-4.7,0,8082,0,75,0, 
4.4933,-3.9,-4.6,-12.1,-2.6,3.7,-5.4,-4.0,0,8088,0,76,0, 
4.4967,-2.7,-6.9,-13.2,-4.3,0.1,-14.4,-5.5,0,8094,0,77,0, 
4.5000,-2.8,-10.7,-15.9,-6.6,-2.7,-18.9,-9.0,0,8100,0,78,0, 
4.5033,-4.6,-14.2,-18.8,-8.2,-2.8,-17.4,-12.9,0,8106,0,79,0, 
4.5067,-7.2,-15.3,-19.3,-8.0,-0.5,-10.8,-15.1,0,8112,0,80,0, 
4.5100,-9.3,-13.3,-16.1,-6.2,2.5,-2.1,-14.3,0,8118,0,81,0, 
4.5133,-9.8,-9.2,-9.8,-3.8,4.5,5.0,-10.8,0,8124,0,82,0, 
4.5167,-8.7,-5.1,-2.4,-2.0,4.8,7.9,-5.8,0,8130,0,83,0, 
4.5200,-6.9,-2.3,3.6,-1.2,4.4,6.7,-1.1,0,8136,0,84,0, 
4.5233,-5.3,-1.3,6.4,-1.2,4.0,3.4,2.0,0,8142,0,85,0, 
4.5267,-4.6,-1.4,5.6,-1.6,4.1,1.3,2.6,0,8148,0,86,0, 
4.5300,-4.6,-2.1,1.9,-1.9,4.2,1.8,1.1,0,8154,0,87,0, 
4.5333,-5.1,-3.4,-3.3,-2.5,3.9,4.1,-1.9,0,8160,0,88,0, 
4.5367,-5.9,-5.9,-8.0,-3.6,3.7,4.9,-5.3,0,8166,0,89,0, 
4.5400,-7.1,-9.4,-10.8,-5.2,4.2,1.6,-8.1,0,8172,0,90,0, 
4.5433,-8.5,-13.1,-11.3,-6.8,5.6,-5.5,-9.8,0,8178,0,91,0, 
4.5467,-9.1,-15.1,-10.3,-8.0,7.5,-12.8,-9.9,0,8184,0,92,0, 
4.5500,-8.0,-14.5,-9.3,-8.8,8.5,-15.9,-8.7,0,8190,0,93,0, 
4.5533,-5.2,-11.4,-9.3,-9.3,7.9,-13.1,-6.4,0,8196,0,94,0, 
4.5567,-1.7,-7.3,-10.0,-9.7,5.7,-6.7,-3.5,0,8202,0,95,0, 
4.5600,0.8,-4.2,-10.4,-9.9,2.9,-0.9,-0.6,0,8208,0,96,0, 
4.5633,1.2,-2.9,-9.7,-9.5,0.6,1.2,1.7,0,8214,0,97,0, 
4.5667,-0.2,-2.6,-8.2,-8.3,-0.5,0.0,3.1,0,8220,0,98,0, 
4.5700,-1.9,-2.4,-6.7,-6.6,-0.8,-1.8,3.7,0,8226,0,99,0, 
4.5733,-2.7,-1.3,-5.7,-5.0,-0.8,-2.0,3.8,0,8232,0,100,0, 
4.5767,-2.2,0.1,-5.0,-3.9,-1.3,-1.5,3.2,0,8238,0,101,0, 
4.5800,-1.6,0.8,-3.9,-3.4,-2.6,-2.7,1.6,0,8244,0,102,0, 
4.5833,-2.2,-0.2,-2.4,-3.3,-4.5,-7.3,-1.4,0,8250,0,103,0, 
4.5867,-4.6,-2.3,-1.5,-3.1,-6.2,-13.9,-5.6,0,8256,0,104,0, 
4.5900,-8.2,-4.1,-2.0,-2.7,-6.4,-18.4,-9.5,0,8262,0,105,0, 
4.5933,-11.4,-4.3,-3.6,-2.3,-4.6,-17.4,-11.4,0,8268,0,106,0, 
4.5967,-12.9,-3.0,-5.2,-2.1,-1.2,-11.7,-10.3,0,8274,0,107,0, 
4.6000,-12.4,-1.5,-5.3,-2.2,1.9,-5.6,-7.2,0,8280,0,108,0, 
4.6033,-10.4,-1.3,-4.1,-2.4,2.8,-3.9,-4.3,0,8286,0,109,0, 
4.6067,-8.0,-2.8,-3.0,-2.5,0.9,-7.9,-3.2,0,8292,0,110,0, 
4.6100,-6.3,-5.0,-3.4,-2.5,-2.5,-13.9,-3.6,0,8298,0,111,0, 
4.6133,-5.6,-6.0,-5.0,-2.4,-5.3,-16.5,-3.5,0,8304,0,112,0, 
4.6167,-5.9,-4.9,-5.9,-2.2,-6.0,-12.8,-0.9,0,8310,0,113,0, 
4.6200,-6.5,-2.3,-4.0,-1.7,-5.3,-5.2,3.8,0,8316,0,114,0, 
4.6233,-6.8,-0.1,0.4,-0.5,-5.2,0.6,8.2,0,8322,0,115,0, 
4.6267,-6.3,0.2,5.0,1.2,-7.1,0.3,9.1,0,8328,0,116,0, 
4.6300,-5.2,-1.8,6.5,3.0,-9.8,-5.6,5.6,0,8334,0,117,0, 
4.6333,-3.6,-4.9,3.6,4.1,-10.4,-11.8,-0.3,0,8340,0,118,0, 
4.6367,-1.8,-7.6,-2.2,3.9,-6.5,-12.7,-5.2,0,8346,0,119,0, 
4.6400,0.2,-9.2,-8.0,2.3,0.7,-6.8,-6.6,0,8352,0,120,0, 
4.6433,2.5,-9.8,-11.0,-0.1,7.4,2.4,-5.3,0,8358,0,121,0, 
4.6467,5.1,-10.0,-10.4,-2.4,9.3,8.7,-3.9,0,8364,0,122,0, 
4.6500,7.7,-9.8,-6.9,-3.9,5.2,8.0,-4.5,0,8370,0,123,0, 
4.6533,9.7,-8.8,-2.2,-4.1,-1.5,1.5,-6.3,0,8376,0,124,0, 
4.6567,10.5,-6.6,2.4,-3.4,-5.9,-5.7,-6.5,0,8382,0,125,0, 
4.6600,9.8,-3.9,5.4,-2.5,-4.8,-8.6,-2.9,0,8388,0,126,0, 
4.6633,8.2,-2.0,5.5,-1.9,0.4,-6.0,3.9,0,8394,0,127,0, 
4.6667,6.4,-2.0,2.3,-1.9,5.0,-1.5,10.1,0,8400,0,128,0, 
4.6700,5.1,-4.3,-3.3,-2.4,5.1,-0.1,11.0,0,8406,0,129,0, 
4.6733,4.1,-8.0,-8.5,-3.0,0.1,-4.4,5.2,0,8412,0,130,0, 
4.6767,3.1,-11.6,-10.9,-3.3,-6.5,-12.5,-5.1,0,8418,0,131,0, 
4.6800,1.5,-14.2,-10.0,-3.3,-10.4,-19.4,-14.6,0,8424,0,132,0, 
4.6833,-0.9,-15.7,-7.8,-3.4,-9.9,-20.9,-19.1,0,8430,0,133,0, 
4.6867,-3.6,-16.2,-7.1,-3.6,-6.6,-16.9,-17.9,0,8436,0,134,0, 
4.6900,-6.0,-15.9,-8.8,-3.9,-4.0,-11.3,-13.8,0,8442,0,135,0, 
4.6933,-7.4,-14.4,-10.6,-3.8,-4.4,-8.4,-10.5,0,8448,0,136,0, 
4.6967,-8.0,-11.8,-9.3,-2.6,-7.0,-9.7,-9.7,0,8454,0,137,0, 
4.7000,-8.0,-8.9,-3.9,-0.5,-9.5,-12.3,-10.6,0,8460,0,138,0, 
4.7033,-7.8,-7.0,3.0,1.6,-9.6,-11.8,-10.9,0,8466,0,139,0, 
4.7067,-7.3,-6.9,6.4,2.6,-7.3,-6.3,-9.2,0,8472,0,140,0, 
4.7100,-6.2,-8.7,3.6,1.7,-4.6,1.4,-6.1,0,8478,0,141,0, 
4.7133,-4.7,-10.9,-3.7,-1.0,-3.0,5.8,-3.7,0,8484,0,142,0, 
4.7167,-3.3,-12.5,-9.9,-4.1,-2.8,3.1,-3.9,0,8490,0,143,0, 
4.7200,-3.0,-13.0,-10.2,-6.3,-2.3,-6.0,-6.7,0,8496,0,144,0, 
4.7233,-3.8,-13.2,-4.8,-7.0,-0.5,-16.5,-11.1,0,8502,0,145,0, 
4.7267,-5.2,-14.2,1.5,-6.6,2.1,-23.3,-15.5,0,8508,0,146,0, 
4.7300,-5.9,-16.4,2.8,-6.1,3.7,-24.2,-18.8,0,8514,0,147,0, 
4.7333,-5.0,-18.6,-2.5,-5.8,2.7,-20.8,-20.6,0,8520,0,148,0, 
4.7367,-3.0,-19.3,-10.7,-5.8,-0.4,-16.0,-20.6,0,8526,0,149,0, 
4.7400,-1.2,-17.8,-15.3,-5.4,-3.2,-11.8,-18.6,0,8532,0,150,0, 
4.7433,-1.0,-14.7,-12.8,-4.4,-3.6,-8.3,-14.5,0,8538,0,151,0, 
4.7467,-2.2,-11.8,-5.4,-3.3,-1.5,-5.5,-9.6,0,8544,0,152,0, 
4.7500,-3.7,-10.7,0.8,-3.1,0.7,-4.2,-5.7,0,8550,0,153,0, 
4.7533,-4.1,-11.6,0.3,-4.3,0.9,-5.5,-4.3,0,8556,0,154,0, 
4.7567,-3.5,-13.6,-7.1,-6.5,-1.1,-8.5,-5.8,0,8562,0,155,0, 
4.7600,-3.0,-15.0,-16.7,-8.6,-2.9,-10.5,-8.7,0,8568,0,156,0, 
4.7633,-4.0,-15.0,-22.1,-9.6,-1.8,-8.1,-11.2,0,8574,0,157,0, 
4.7667,-6.5,-13.4,-19.7,-9.2,2.4,-1.4,-12.0,0,8580,0,158,0, 
4.7700,-8.9,-11.0,-10.8,-8.1,6.8,5.8,-11.4,0,8586,0,159,0, 
4.7733,-9.4,-8.5,-0.1,-7.0,7.6,7.6,-10.3,0,8592,0,160,0, 
4.7767,-7.5,-6.3,7.5,-6.5,3.5,1.3,-9.1,0,8598,0,161,0, 
4.7800,-4.5,-4.3,9.6,-6.3,-3.0,-10.2,-7.7,0,8604,0,162,0, 
4.7833,-2.7,-2.8,7.2,-6.2,-7.2,-19.7,-6.1,0,8610,0,163,0, 
4.7867,-3.0,-2.1,2.9,-5.7,-6.3,-21.2,-4.6,0,8616,0,164,0, 
4.7900,-4.7,-2.5,-0.5,-4.8,-1.0,-14.1,-4.2,0,8622,0,165,0, 
4.7933,-5.7,-3.9,-1.8,-3.9,4.4,-3.5,-5.2,0,8628,0,166,0, 
4.7967,-4.3,-5.5,-1.2,-2.9,6.0,4.3,-7.1,0,8634,0,167,0, 
4.8000,-0.9,-6.3,-0.1,-1.7,3.1,6.0,-7.9,0,8640,0,168,0, 
4.8033,3.1,-5.8,0.2,-0.1,-1.8,3.6,-6.0,0,8646,0,169,0, 
4.8067,5.9,-4.1,-0.4,1.5,-4.9,1.7,-1.4,0,8652,0,170,0, 
4.8100,7.1,-1.6,-0.7,2.6,-4.3,3.2,4.4,0,8658,0,171,0, 
4.8133,7.5,0.8,0.9,2.7,-1.0,6.9,9.5,0,8664,0,172,0, 
4.8167,8.0,3.1,5.7,2.0,1.8,9.3,12.4,0,8670,0,173,0, 
4.8200,8.6,5.1,12.9,1.2,1.7,7.3,13.1,0,8676,0,174,0, 
4.8233,8.5,7.0,19.7,0.7,-1.5,1.3,12.3,0,8682,0,175,0, 
4.8267,7.1,8.1,22.4,0.3,-5.7,-5.5,10.7,0,8688,0,176,0, 
4.8300,4.3,7.4,18.7,-0.7,-8.0,-9.3,8.0,0,8694,0,177,0, 
4.8333,1.0,4.1,9.3,-2.7,-6.5,-8.4,4.1,0,8700,0,178,0, 
4.8367,-2.2,-1.8,-2.2,-5.4,-2.0,-4.4,-0.5,0,8706,0,179,0, 
4.8400,-5.1,-8.6,-11.0,-7.6,3.0,-0.3,-4.7,0,8712,0,180,0, 
4.8433,-8.3,-14.2,-13.9,-8.1,5.4,1.4,-7.4,0,8718,0,181,0, 
4.8467,-11.9,-16.7,-11.0,-6.8,3.7,0.4,-8.2,0,8724,0,182,0, 
4.8500,-15.3,-16.1,-5.0,-4.9,-0.9,-2.0,-7.6,0,8730,0,183,0, 
4.8533,-17.4,-13.5,0.5,-3.8,-5.5,-3.8,-6.7,0,8736,0,184,0, 
4.8567,-17.2,-10.6,3.5,-4.2,-7.4,-3.9,-6.0,0,8742,0,185,0, 
4.8600,-14.8,-8.5,3.8,-5.5,-6.4,-2.8,-5.4,0,8748,0,186,0, 
4.8633,-11.2,-7.5,2.7,-6.3,-4.4,-1.7,-4.6,0,8754,0,187,0, 
4.8667,-8.0,-7.1,1.4,-5.8,-3.8,-1.9,-4.0,0,8760,0,188,0, 
4.8700,-6.2,-6.9,0.3,-4.2,-5.7,-3.7,-4.5,0,8766,0,189,0, 
4.8733,-5.8,-7.3,-0.9,-2.8,-8.7,-6.2,-6.4,0,8772,0,190,0, 
4.8767,-6.3,-8.6,-2.1,-2.4,-10.7,-8.2,-9.4,0,8778,0,191,0, 
4.8800,-6.8,-10.6,-2.9,-2.9,-10.7,-8.5,-12.1,0,8784,0,192,0, 
4.8833,-6.9,-12.3,-2.8,-3.3,-9.3,-6.8,-13.2,0,8790,0,193,0, 
4.8867,-6.7,-12.3,-1.8,-3.1,-8.3,-4.1,-12.2,0,8796,0,194,0, 
4.8900,-6.2,-9.9,-0.6,-2.1,-8.4,-2.3,-9.8,0,8802,0,195,0, 
4.8933,-4.9,-5.6,-0.1,-1.1,-9.0,-3.0,-7.5,0,8808,0,196,0, 
4.8967,-2.4,-0.8,0.0,-0.7,-8.7,-6.2,-6.2,0,8814,0,197,0, 
4.9000,1.7,2.8,0.2,-0.8,-7.2,-9.9,-5.7,0,8820,0,198,0, 
4.9033,6.3,4.5,1.1,-1.0,-5.5,-11.3,-5.1,0,8826,0,199,0, 
4.9067,9.7,4.4,2.5,-0.8,-5.0,-8.1,-4.0,0,8832,0,200,0, 
4.9100,10.5,3.3,3.4,-0.5,-5.7,-0.9,-2.3,0,8838,0,201,0, 
4.9133,8.4,2.1,3.0,-0.4,-6.5,7.0,-0.6,0,8844,0,202,0, 
4.9167,5.1,1.6,1.9,-0.7,-6.0,11.8,0.5,0,8850,0,203,0, 
4.9200,3.1,2.0,1.7,-1.1,-4.0,11.1,1.4,0,8856,0,204,0, 
4.9233,4.5,3.2,3.2,-0.8,-1.9,6.8,2.7,0,8862,0,205,0, 
4.9267,9.2,5.3,5.9,0.2,-0.9,3.2,5.2,0,8868,0,206,0, 
4.9300,14.8,7.8,8.4,1.4,-1.1,4.3,8.6,0,8874,0,207,0, 
4.9333,18.3,10.3,9.5,1.9,-1.3,10.5,11.8,0,8880,0,208,0, 
4.9367,17.6,12.2,9.6,1.1,-0.2,17.9,13.1,0,8886,0,209,0, 
4.9400,12.9,13.0,10.2,-0.3,1.5,20.6,11.4,0,8892,0,210,0, 
4.9433,6.4,12.6,12.0,-1.5,2.2,15.1,6.9,0,8898,0,211,0, 
4.9467,0.6,11.3,14.0,-1.7,0.7,2.9,0.9,0,8904,0,212,0, 
4.9500,-2.5,9.9,13.9,-1.3,-2.5,-9.8,-4.5,0,8910,0,213,0, 
4.9533,-2.7,9.3,10.4,-0.9,-5.3,-16.4,-7.2,0,8916,0,214,0, 
4.9567,-1.0,10.0,4.6,-0.9,-5.6,-14.1,-6.3,0,8922,0,215,0, 
4.9600,1.4,11.7,-0.6,-1.3,-3.1,-5.1,-2.7,0,8928,0,216,0, 
4.9633,3.0,13.1,-2.6,-1.3,0.2,4.7,1.5,0,8934,0,217,0, 
4.9667,3.3,13.3,-1.2,-0.6,2.2,9.8,3.9,0,8940,0,218,0, 
4.9700,2.7,11.6,1.4,0.3,1.7,8.2,3.2,0,8946,0,219,0, 
4.9733,1.8,8.9,2.9,0.6,-0.6,1.8,-0.3,0,8952,0,220,0, 
4.9767,1.7,6.2,2.7,-0.2,-3.4,-5.1,-4.6,0,8958,0,221,0, 
4.9800,2.5,4.5,1.8,-1.9,-5.2,-8.8,-7.6,0,8964,0,222,0, 
4.9833,3.8,3.6,1.0,-3.9,-5.8,-8.0,-8.2,0,8970,0,223,0, 
4.9867,4.5,2.4,-0.3,-5.6,-5.3,-3.7,-6.7,0,8976,0,224,0, 
4.9900,3.5,0.0,-3.5,-6.6,-3.9,1.7,-4.3,0,8982,0,225,0, 
4.9933,0.8,-3.1,-8.2,-7.3,-1.9,6.2,-2.1,0,8988,0,226,0, 
4.9967,-2.5,-5.0,-11.4,-7.5,0.1,8.7,-0.2,0,8994,0,227,0, 
5.0000,-5.0,-3.7,-9.5,-7.2,1.3,9.3,1.8,0,9000,0,228,0, 
5.0033,-5.6,1.2,-1.3,-6.2,0.9,8.3,4.4,0,9006,0,229,0, 
5.0067,-4.5,7.9,9.4,-4.7,-0.8,6.2,6.9,0,9012,0,230,0, 
5.0100,-2.7,13.3,15.9,-3.4,-2.6,3.6,8.2,0,9018,0,231,0, 
5.0133,-1.5,15.1,13.9,-2.8,-2.7,1.4,7.7,0,9024,0,232,0, 
5.0167,-1.3,13.3,5.0,-2.9,-0.3,1.0,6.0,0,9030,0,233,0, 
5.0200,-1.7,10.3,-4.2,-3.2,4.1,3.3,5.0,0,9036,0,234,0, 
5.0233,-1.5,8.7,-7.1,-2.6,8.6,7.9,6.3,0,9042,0,235,0, 
5.0267,0.3,9.7,-1.9,-1.2,11.2,13.1,9.7,0,9048,0,236,0, 
5.0300,4.1,12.4,6.6,0.3,10.9,16.3,13.4,0,9054,0,237,0, 
5.0333,9.0,14.5,11.8,0.9,8.1,16.1,15.0,0,9060,0,238,0, 
5.0367,13.8,14.6,10.0,-0.1,4.0,12.8,13.3,0,9066,0,239,0, 
5.0400,17.1,12.7,3.4,-2.3,0.3,8.3,9.2,0,9072,0,240,0, 
5.0433,17.9,10.2,-2.5,-4.3,-1.9,4.3,4.9,0,9078,0,241,0, 
5.0467,16.3,8.1,-4.1,-5.2,-2.3,1.7,2.0,0,9084,0,242,0, 
5.0500,13.0,6.7,-2.1,-4.6,-1.2,0.0,0.7,0,9090,0,243,0, 
5.0533,8.9,5.1,0.0,-3.4,0.4,-1.2,-0.2,0,9096,0,244,0, 
5.0567,4.8,3.0,-0.7,-2.7,1.6,-1.1,-1.7,0,9102,0,245,0, 
5.0600,1.1,1.0,-3.0,-3.3,2.1,1.7,-3.6,0,9108,0,246,0, 
5.0633,-1.9,0.3,-3.4,-4.5,2.0,7.4,-4.8,0,9114,0,247,0, 
5.0667,-4.1,1.7,0.7,-5.2,1.9,13.4,-4.1,0,9120,0,248,0, 
5.0700,-5.4,4.6,8.0,-4.6,2.2,15.8,-2.0,0,9126,0,249,0, 
5.0733,-5.8,7.0,13.5,-2.6,3.0,11.8,0.1,0,9132,0,250,0, 
5.0767,-5.5,7.3,12.8,-0.3,4.0,2.8,0.7,0,9138,0,251,0, 
5.0800,-4.8,5.5,5.7,1.0,4.8,-6.0,-0.2,0,9144,0,252,0, 
5.0833,-4.0,3.3,-3.6,0.8,4.9,-9.1,-0.8,0,9150,0,253,0, 
5.0867,-3.2,2.7,-8.8,-0.1,4.6,-4.7,0.4,0,9156,0,254,0, 
5.0900,-2.5,4.6,-6.4,-0.8,4.0,3.7,3.9,0,9162,0,255,0, 
5.0933,-1.9,8.2,1.7,-0.3,3.4,10.2,8.5,0,9168,0,0,0, 
5.0967,-1.6,11.2,9.7,1.0,3.1,10.9,12.0,0,9174,0,1,0, 
5.1000,-1.6,12.0,12.4,2.0,3.1,6.7,13.2,0,9180,0,2,0, 
5.1033,-1.5,10.4,8.5,1.8,3.3,2.4,12.1,0,9186,0,3,0, 
5.1067,-0.7,8.1,1.9,0.5,3.8,2.0,9.8,0,9192,0,4,0, 
5.1100,0.8,6.7,-2.1,-1.1,4.5,5.9,7.4,0,9198,0,5,0, 
5.1133,2.7,6.6,-0.5,-1.7,5.1,10.4,5.6,0,9204,0,6,0, 
5.1167,3.9,6.9,4.9,-1.1,5.2,11.8,4.1,0,9210,0,7,0, 
5.1200,4.1,6.3,9.4,0.2,4.4,9.4,2.9,0,9216,0,8,0, 
5.1233,3.3,4.7,9.5,1.0,3.1,6.4,2.2,0,9222,0,9,0, 
5.1267,2.4,3.2,5.7,1.0,1.7,6.8,2.7,0,9228,0,10,0, 
5.1300,2.3,3.3,2.0,0.8,0.9,11.7,4.3,0,9234,0,11,0, 
5.1333,3.4,5.7,2.1,1.4,1.1,18.1,6.6,0,9240,0,12,0, 
5.1367,5.0,9.2,6.2,3.1,2.2,21.2,8.8,0,9246,0,13,0, 
5.1400,6.6,12.1,10.5,5.4,3.7,18.1,10.2,0,9252,0,14,0, 
5.1433,7.7,13.4,11.6,7.0,4.9,10.2,10.9,0,9258,0,15,0, 
5.1467,8.7,13.5,9.3,7.5,5.3,2.2,11.2,0,9264,0,16,0, 
5.1500,9.9,13.9,7.5,7.3,4.9,-1.7,11.6,0,9270,0,17,0, 
5.1533,10.9,15.5,10.5,7.4,3.8,-0.7,12.1,0,9276,0,18,0, 
5.1567,10.8,17.8,17.9,8.2,2.5,2.6,12.3,0,9282,0,19,0, 
5.1600,9.2,19.0,24.6,8.9,1.2,4.6,11.4,0,9288,0,20,0, 
5.1633,6.2,17.3,24.2,8.4,0.2,3.2,9.0,0,9294,0,21,0, 
5.1667,3.3,12.7,14.9,5.9,-0.5,-0.7,4.9,0,9300,0,22,0, 
5.1700,1.7,6.8,1.4,2.4,-0.9,-4.8,0.1,0,9306,0,23,0, 
5.1733,1.9,1.6,-8.5,-0.5,-1.1,-7.0,-4.2,0,9312,0,24,0, 
5.1767,2.8,-1.4,-9.7,-1.4,-1.2,-6.9,-6.4,0,9318,0,25,0, 
5.1800,3.0,-2.5,-3.9,-0.3,-0.9,-5.3,-6.2,0,9324,0,26,0, 
5.1833,1.3,-2.6,2.9,1.6,-0.2,-2.8,-4.2,0,9330,0,27,0, 
5.1867,-1.8,-2.2,5.6,2.9,1.3,0.5,-1.7,0,9336,0,28,0, 
5.1900,-5.2,-1.2,3.8,2.9,3.5,4.8,-0.1,0,9342,0,29,0, 
5.1933,-7.5,1.2,1.5,2.0,5.6,9.7,0.5,0,9348,0,30,0, 
5.1967,-8.0,4.9,2.4,1.1,6.6,13.3,1.0,0,9354,0,31,0, 
5.2000,-7.2,8.6,5.8,0.4,5.9,13.9,2.4,0,9360,0,32,0, 
5.2033,-6.1,10.5,8.2,0.0,3.4,10.8,4.9,0,9366,0,33,0, 
5.2067,-5.4,9.5,6.8,-0.2,0.3,5.4,7.5,0,9372,0,34,0, 
5.2100,-5.4,6.5,2.7,-0.1,-2.1,0.3,8.9,0,9378,0,35,0, 
5.2133,-5.7,3.3,-0.4,0.5,-2.6,-2.1,8.2,0,9384,0,36,0, 
5.2167,-5.9,1.7,0.4,1.6,-1.3,-1.5,6.3,0,9390,0,37,0, 
5.2200,-5.7,2.0,3.2,2.6,0.9,0.7,4.5,0,9396,0,38,0, 
5.2233,-5.2,3.1,3.8,2.4,2.6,2.6,4.0,0,9402,0,39,0, 
5.2267,-4.7,3.4,-0.6,1.1,2.9,3.1,5.0,0,9408,0,40,0, 
5.2300,-4.3,2.5,-7.7,-0.6,2.0,2.1,6.3,0,9414,0,41,0, 
5.2333,-3.7,1.5,-11.5,-1.5,0.8,0.2,6.8,0,9420,0,42,0, 
5.2367,-2.5,2.0,-7.4,-0.8,0.0,-1.5,6.0,0,9426,0,43,0, 
5.2400,0.0,4.6,3.0,0.9,0.1,-2.5,4.7,0,9432,0,44,0, 
5.2433,3.7,8.5,12.8,2.0,0.9,-2.0,4.3,0,9438,0,45,0, 
5.2467,7.7,11.2,14.7,1.3,1.8,0.8,5.1,0,9444,0,46,0, 
5.2500,10.2,11.2,7.1,-0.9,2.2,5.7,6.6,0,9450,0,47,0, 
5.2533,10.2,8.4,-4.5,-3.4,1.9,11.2,7.5,0,9456,0,48,0, 
5.2567,7.3,4.8,-12.0,-4.3,0.9,14.2,6.9,0,9462,0,49,0, 
5.2600,2.7,2.6,-10.7,-2.9,-0.6,12.0,4.8,0,9468,0,50,0, 
5.2633,-1.8,2.9,-2.7,-0.3,-2.0,4.3,2.3,0,9474,0,51,0, 
5.2667,-4.5,4.4,5.2,2.0,-3.4,-6.3,0.3,0,9480,0,52,0, 
5.2700,-5.1,5.0,7.1,2.8,-5.0,-14.8,-0.8,0,9486,0,53,0, 
5.2733,-4.7,3.0,2.1,2.1,-7.0,-17.8,-1.4,0,9492,0,54,0, 
5.2767,-4.7,-1.4,-5.9,1.1,-9.1,-14.7,-2.0,0,9498,0,55,0, 
5.2800,-5.8,-6.1,-11.3,0.8,-10.2,-8.8,-2.8,0,9504,0,56,0, 
5.2833,-7.5,-8.7,-11.3,1.3,-9.0,-4.1,-3.3,0,9510,0,57,0, 
5.2867,-8.4,-8.0,-6.6,2.2,-4.8,-2.5,-2.5,0,9516,0,58,0, 
5.2900,-7.1,-4.5,-0.4,2.7,1.5,-2.6,0.4,0,9522,0,59,0, 
5.2933,-3.6,0.0,4.5,2.5,7.5,-1.2,5.2,0,9528,0,60,0, 
5.2967,0.9,3.7,7.5,2.0,10.4,3.6,10.7,0,9534,0,61,0, 
5.3000,4.5,5.6,8.8,1.7,9.0,10.1,15.1,0,9540,0,62,0, 
5.3033,5.9,5.4,8.7,1.4,4.3,14.3,17.0,0,9546,0,63,0, 
5.3067,5.7,3.7,6.7,0.9,-0.9,12.7,16.0,0,9552,0,64,0, 
5.3100,5.3,1.5,2.8,-0.3,-3.8,5.6,12.9,0,9558,0,65,0, 
5.3133,5.8,-0.4,-1.7,-1.8,-3.3,-3.0,9.1,0,9564,0,66,0, 
5.3167,7.3,-1.1,-4.3,-2.6,-0.7,-8.5,5.8,0,9570,0,67,0, 
5.3200,8.7,-0.1,-3.2,-1.6,1.9,-9.0,3.4,0,9576,0,68,0, 
5.3233,8.9,2.0,1.8,1.1,2.3,-6.7,1.5,0,9582,0,69,0, 
5.3267,7.6,4.2,7.9,4.6,0.0,-5.8,-0.4,0,9588,0,70,0, 
5.3300,6.0,5.1,11.8,7.3,-3.6,-8.5,-2.4,0,9594,0,71,0, 
5.3333,5.3,4.1,11.5,8.0,-6.6,-13.1,-3.9,0,9600,0,72,0, 
5.3367,5.9,2.0,7.6,6.8,-7.3,-15.3,-4.0,0,9606,0,73,0, 
5.3400,7.1,0.3,2.6,4.7,-5.3,-12.0,-2.7,0,9612,0,74,0, 
5.3433,7.7,0.1,-1.0,3.0,-1.7,-4.3,-0.9,0,9618,0,75,0, 
5.3467,7.3,1.0,-2.1,2.6,1.4,2.8,-0.4,0,9624,0,76,0, 
5.3500,6.2,1.8,-1.5,3.2,2.5,4.5,-2.4,0,9630,0,77,0, 
5.3533,5.2,0.9,-0.4,3.6,1.1,0.0,-6.8,0,9636,0,78,0, 
5.3567,4.8,-1.6,0.1,3.1,-1.5,-7.1,-11.9,0,9642,0,79,0, 
5.3600,4.5,-4.6,0.3,1.5,-3.2,-11.3,-15.3,0,9648,0,80,0, 
5.3633,3.7,-6.0,0.7,-0.5,-2.3,-10.0,-15.5,0,9654,0,81,0, 
5.3667,2.5,-5.2,1.4,-1.8,1.2,-5.3,-13.0,0,9660,0,82,0, 
5.3700,1.6,-2.8,2.0,-1.9,5.7,-2.4,-9.5,0,9666,0,83,0, 
5.3733,1.9,-0.7,2.1,-1.1,9.1,-4.3,-6.9,0,9672,0,84,0, 
5.3767,3.1,-0.2,1.7,-0.1,10.0,-9.5,-5.8,0,9678,0,85,0, 
5.3800,4.2,-1.2,1.3,0.1,8.4,-12.3,-5.5,0,9684,0,86,0, 
5.3833,3.5,-2.3,1.8,-0.7,5.5,-8.0,-4.3,0,9690,0,87,0, 
5.3867,0.7,-2.3,2.7,-1.8,3.1,2.9,-1.8,0,9696,0,88,0, 
5.3900,-3.2,-1.1,2.8,-2.7,2.2,14.5,1.3,0,9702,0,89,0, 
5.3933,-6.2,0.0,0.6,-2.7,2.7,18.9,3.2,0,9708,0,90,0, 
5.3967,-7.2,-0.3,-4.1,-2.2,3.5,12.8,2.7,0,9714,0,91,0, 
5.4000,-6.5,-2.2,-9.5,-1.6,3.0,-0.3,0.4,0,9720,0,92,0, 
5.4033,-5.8,-4.5,-12.3,-1.4,0.4,-12.8,-2.2,0,9726,0,93,0, 
5.4067,-6.4,-5.8,-9.9,-1.6,-3.7,-18.0,-3.5,0,9732,0,94,0, 
5.4100,-8.6,-5.6,-3.0,-1.8,-7.2,-14.9,-3.4,0,9738,0,95,0, 
5.4133,-11.2,-4.5,4.8,-1.9,-7.9,-7.6,-3.0,0,9744,0,96,0, 
5.4167,-12.4,-3.8,8.7,-2.0,-4.7,-1.7,-3.4,0,9750,0,97,0, 
5.4200,-11.4,-4.1,6.5,-2.5,0.8,0.2,-4.6,0,9756,0,98,0, 
5.4233,-8.5,-4.8,-0.3,-3.5,5.5,-1.0,-5.3,0,9762,0,99,0, 
5.4267,-5.5,-4.9,-7.1,-4.6,6.5,-2.8,-4.1,0,9768,0,100,0, 
5.4300,-4.2,-3.9,-9.4,-5.2,3.9,-4.0,-1.4,0,9774,0,101,0, 
5.4333,-5.4,-2.8,-6.0,-5.0,0.7,-5.2,0.9,0,9780,0,102,0, 
5.4367,-8.3,-2.8,0.4,-4.2,0.5,-7.1,0.8,0,9786,0,103,0, 
5.4400,-11.0,-4.5,5.6,-3.4,4.4,-8.6,-2.1,0,9792,0,104,0, 
5.4433,-11.6,-6.9,6.4,-3.0,10.1,-7.4,-6.1,0,9798,0,105,0, 
5.4467,-9.7,-8.5,2.9,-3.1,13.3,-2.5,-8.5,0,9804,0,106,0, 
5.4500,-6.3,-8.1,-2.2,-3.4,11.3,4.2,-7.9,0,9810,0,107,0, 
5.4533,-3.4,-5.9,-5.5,-3.3,4.9,8.2,-4.9,0,9816,0,108,0, 
5.4567,-2.4,-3.2,-5.1,-2.4,-2.0,6.5,-1.3,0,9822,0,109,0, 
5.4600,-3.1,-1.3,-1.5,-0.8,-5.8,0.6,1.2,0,9828,0,110,0, 
5.4633,-4.3,-0.7,2.7,1.1,-5.2,-4.3,2.4,0,9834,0,111,0, 
5.4667,-4.7,-1.2,5.0,2.4,-2.1,-3.3,3.3,0,9840,0,112,0, 
5.4700,-4.0,-2.3,4.0,2.7,0.8,4.0,4.7,0,9846,0,113,0, 
5.4733,-3.2,-3.7,0.3,1.9,1.9,12.5,6.2,0,9852,0,114,0, 
5.4767,-3.1,-5.6,-4.3,0.3,2.0,15.9,6.6,0,9858,0,115,0, 
5.4800,-4.1,-7.6,-7.3,-1.2,2.4,11.6,5.2,0,9864,0,116,0, 
5.4833,-5.2,-8.7,-6.9,-2.2,4.0,3.0,2.4,0,9870,0,117,0, 
5.4867,-5.3,-8.1,-3.2,-2.4,6.2,-3.4,0.0,0,9876,0,118,0, 
5.4900,-4.1,-5.7,2.3,-1.9,7.9,-3.6,-0.2,0,9882,0,119,0, 
5.4933,-2.3,-2.6,6.8,-1.0,8.2,1.2,2.2,0,9888,0,120,0, 
5.4967,-1.3,-0.4,8.4,0.1,7.1,5.9,6.0,0,9894,0,121,0, 
5.5000,-1.7,-0.5,6.2,1.2,5.6,6.3,9.2,0,9900,0,122,0, 
5.5033,-3.2,-2.7,1.4,2.2,4.7,3.0,10.3,0,9906,0,123,0, 
5.5067,-4.9,-6.0,-4.0,2.8,4.9,0.5,9.0,0,9912,0,124,0, 
5.5100,-6.1,-8.5,-7.8,2.6,5.7,2.6,6.1,0,9918,0,125,0, 
5.5133,-6.7,-9.6,-8.8,1.9,6.4,8.4,3.0,0,9924,0,126,0, 
5.5167,-7.5,-9.2,-6.8,1.4,5.9,12.7,0.4,0,9930,0,127,0, 
5.5200,-9.1,-8.3,-2.8,1.7,3.8,10.0,-1.7,0,9936,0,128,0, 
5.5233,-11.3,-7.7,1.6,3.2,0.5,0.1,-3.3,0,9942,0,129,0, 
5.5267,-13.0,-7.6,4.5,5.3,-2.5,-12.0,-4.4,0,9948,0,130,0, 
5.5300,-13.1,-7.7,4.5,6.4,-4.0,-19.3,-4.8,0,9954,0,131,0, 
5.5333,-11.2,-7.8,1.3,5.7,-3.7,-18.9,-4.6,0,9960,0,132,0, 
5.5367,-7.9,-8.3,-4.3,3.3,-2.4,-13.6,-4.3,0,9966,0,133,0, 
5.5400,-4.4,-9.4,-10.1,0.2,-1.6,-9.3,-4.8,0,9972,0,134,0, 
5.5433,-2.2,-10.9,-13.8,-1.8,-1.9,-9.1,-6.5,0,9978,0,135,0, 
5.5467,-1.6,-12.0,-13.4,-1.9,-2.4,-11.3,-8.3,0,9984,0,136,0, 
5.5500,-2.4,-11.6,-8.6,-0.6,-1.6,-11.2,-8.4,0,9990,0,137,0, 
5.5533,-3.7,-9.3,-0.6,1.2,1.3,-5.9,-5.4,0,9996,0,138,0, 
5.5567,-4.5,-5.8,7.3,2.2,5.2,2.3,0.0,0,10002,0,139,0, 
5.5600,-4.3,-2.5,11.9,2.3,7.3,8.1,5.5,0,10008,0,140,0, 
5.5633,-3.2,-0.9,11.2,2.0,5.8,7.9,8.2,0,10014,0,141,0, 
5.5667,-1.7,-0.9,6.0,1.8,0.9,2.9,7.0,0,10020,0,142,0, 
5.5700,-0.3,-1.4,-0.4,2.1,-4.5,-2.1,3.1,0,10026,0,143,0, 
5.5733,0.4,-0.9,-4.0,2.6,-6.8,-3.1,-1.3,0,10032,0,144,0, 
5.5767,0.6,0.9,-2.9,2.7,-4.6,-0.8,-4.2,0,10038,0,145,0, 
5.5800,0.5,3.2,1.6,2.6,0.6,0.8,-5.3,0,10044,0,146,0, 
5.5833,0.5,4.6,6.1,2.4,4.9,-1.8,-5.5,0,10050,0,147,0, 
5.5867,1.1,4.5,7.6,2.7,4.9,-7.9,-5.6,0,10056,0,148,0, 
5.5900,2.6,3.6,6.2,3.7,0.0,-13.1,-5.3,0,10062,0,149,0, 
5.5933,4.8,3.0,4.2,4.9,-7.2,-13.3,-4.1,0,10068,0,150,0, 
5.5967,7.5,3.3,3.7,5.7,-12.2,-8.2,-2.3,0,10074,0,151,0, 
5.6000,10.0,3.9,5.1,5.5,-12.2,-1.3,-0.8,0,10080,0,152,0, 
5.6033,11.7,3.9,6.8,4.2,-7.4,3.4,-0.5,0,10086,0,153,0, 
5.6067,12.2,3.3,7.5,2.5,-1.1,5.0,-1.2,0,10092,0,154,0, 
5.6100,11.6,3.4,8.1,1.4,2.4,5.9,-1.2,0,10098,0,155,0, 
5.6133,10.3,5.2,10.6,1.6,1.0,8.6,0.8,0,10104,0,156,0, 
5.6167,9.2,8.5,15.2,2.5,-4.6,12.8,4.5,0,10110,0,157,0, 
5.6200,9.0,11.1,19.1,3.2,-10.7,15.3,7.5,0,10116,0,158,0, 
5.6233,9.7,10.3,17.4,2.3,-13.7,13.1,7.7,0,10122,0,159,0, 
5.6267,10.4,5.3,8.0,-0.3,-12.5,6.4,4.8,0,10128,0,160,0, 
5.6300,9.9,-1.6,-5.6,-3.3,-8.4,-1.2,0.9,0,10134,0,161,0, 
5.6333,7.3,-6.9,-15.6,-4.8,-4.2,-5.3,-1.0,0,10140,0,162,0, 
5.6367,2.7,-7.9,-15.2,-3.7,-2.1,-4.3,-0.3,0,10146,0,163,0, 
5.6400,-2.7,-5.2,-4.6,-0.4,-2.4,-0.5,1.4,0,10152,0,164,0, 
5.6433,-6.8,-2.1,8.9,3.2,-3.7,2.5,1.1,0,10158,0,165,0, 
5.6467,-8.4,-1.7,16.2,4.9,-4.6,2.6,-2.5,0,10164,0,166,0, 
5.6500,-7.6,-4.5,13.1,4.3,-4.6,1.0,-7.5,0,10170,0,167,0, 
5.6533,-5.7,-8.2,3.4,2.6,-4.5,0.3,-10.7,0,10176,0,168,0, 
5.6567,-4.9,-9.6,-4.4,1.7,-5.2,2.0,-10.1,0,10182,0,169,0, 
5.6600,-6.0,-7.4,-3.7,2.5,-7.4,4.9,-6.6,0,10188,0,170,0, 
5.6633,-8.3,-3.2,4.8,4.3,-10.5,5.8,-3.3,0,10194,0,171,0, 
5.6667,-9.7,0.2,14.1,5.5,-13.3,2.9,-2.7,0,10200,0,172,0, 
5.6700,-8.7,0.8,16.9,4.8,-14.7,-2.5,-4.6,0,10206,0,173,0, 
5.6733,-5.1,-0.8,10.7,2.6,-14.0,-6.1,-6.4,0,10212,0,174,0, 
5.6767,-0.5,-2.0,0.0,0.7,-11.6,-4.5,-5.3,0,10218,0,175,0, 
5.6800,3.2,-0.6,-7.7,0.6,-8.7,2.4,-0.8,0,10224,0,176,0, 
5.6833,4.8,3.6,-6.9,2.5,-6.2,10.7,4.7,0,10230,0,177,0, 
5.6867,5.0,8.8,2.0,5.0,-4.8,14.8,8.3,0,10236,0,178,0, 
5.6900,5.2,12.6,13.7,6.3,-4.0,12.4,8.5,0,10242,0,179,0, 
5.6933,7.0,13.6,21.4,5.5,-3.3,5.9,6.5,0,10248,0,180,0, 
5.6967,10.6,12.3,21.5,3.0,-2.2,1.3,4.5,0,10254,0,181,0, 
5.7000,14.8,10.2,15.0,0.4,-1.0,3.3,4.4,0,10260,0,182,0, 
5.7033,18.0,9.0,6.6,-1.1,-0.4,12.0,6.3,0,10266,0,183,0, 
5.7067,19.3,9.1,1.5,-1.2,-0.5,22.1,8.6,0,10272,0,184,0, 
5.7100,18.8,10.2,1.7,-0.6,-0.3,27.0,9.9,0,10278,0,185,0, 
5.7133,17.5,11.2,5.3,0.0,1.3,23.9,9.8,0,10284,0,186,0, 
5.7167,16.2,11.2,8.2,0.1,4.8,15.6,8.8,0,10290,0,187,0, 
5.7200,15.2,9.8,7.7,-0.3,8.9,8.4,7.7,0,10296,0,188,0, 
5.7233,13.8,7.7,4.4,-0.8,10.9,7.1,6.6,0,10302,0,189,0, 
5.7267,11.6,5.7,2.2,-0.8,8.6,10.9,5.5,0,10308,0,190,0, 
5.7300,8.7,4.8,4.4,-0.5,2.0,14.9,4.0,0,10314,0,191,0, 
5.7333,5.7,5.2,10.8,0.0,-6.2,13.8,2.2,0,10320,0,192,0, 
5.7367,3.8,5.9,16.5,-0.1,-12.0,7.2,0.4,0,10326,0,193,0, 
5.7400,3.0,5.2,15.9,-1.0,-12.9,-0.6,-0.9,0,10332,0,194,0, 
5.7433,3.0,2.5,7.1,-2.7,-9.4,-3.3,-2.0,0,10338,0,195,0, 
5.7467,2.5,-1.5,-5.8,-4.5,-4.6,1.8,-2.9,0,10344,0,196,0, 
5.7500,1.2,-4.8,-15.2,-5.4,-1.6,11.8,-3.8,0,10350,0,197,0, 
5.7533,-0.6,-5.3,-16.0,-5.1,-1.7,19.8,-4.3,0,10356,0,198,0, 
5.7567,-1.9,-2.8,-8.9,-3.8,-3.8,20.1,-4.0,0,10362,0,199,0, 
5.7600,-2.2,0.7,-0.3,-2.7,-5.5,11.8,-2.8,0,10368,0,200,0, 
5.7633,-1.4,2.6,3.4,-2.7,-5.7,-0.5,-0.9,0,10374,0,201,0, 
5.7667,-0.4,1.9,0.6,-3.8,-4.9,-10.0,1.0,0,10380,0,202,0, 
5.7700,0.3,-0.1,-4.3,-5.2,-4.5,-11.9,2.8,0,10386,0,203,0, 
5.7733,0.9,-0.5,-5.0,-5.5,-5.1,-5.7,4.9,0,10392,0,204,0, 
5.7767,1.5,2.6,1.2,-4.2,-5.6,4.9,7.8,0,10398,0,205,0, 
5.7800,2.5,8.9,11.0,-1.9,-4.2,14.7,11.8,0,10404,0,206,0, 
5.7833,3.5,15.3,18.1,-0.2,-0.1,19.7,16.2,0,10410,0,207,0, 
5.7867,3.9,18.7,17.7,-0.3,4.9,18.7,19.4,0,10416,0,208,0, 
5.7900,3.4,18.1,10.7,-2.3,8.0,13.6,20.1,0,10422,0,209,0, 
5.7933,2.2,14.6,2.3,-5.0,7.1,8.0,17.8,0,10428,0,210,0, 
5.7967,1.2,10.6,-2.0,-6.6,2.7,5.1,13.2,0,10434,0,211,0, 
5.8000,0.5,7.6,-1.0,-6.1,-2.2,6.0,8.0,0,10440,0,212,0, 
5.8033,0.2,5.7,2.3,-4.0,-4.5,9.5,4.0,0,10446,0,213,0, 
5.8067,0.1,3.9,3.3,-1.8,-3.5,12.7,1.9,0,10452,0,214,0, 
5.8100,0.1,2.2,0.5,-0.9,-0.9,12.9,1.8,0,10458,0,215,0, 
5.8133,0.7,1.4,-3.2,-1.8,0.2,9.2,2.8,0,10464,0,216,0, 
5.8167,2.3,2.8,-3.6,-3.4,-1.4,3.1,4.1,0,10470,0,217,0, 
5.8200,4.7,6.4,1.6,-4.1,-4.3,-2.1,5.1,0,10476,0,218,0, 
5.8233,7.0,10.8,9.9,-3.1,-5.9,-3.7,5.8,0,10482,0,219,0, 
5.8267,8.4,13.8,16.1,-0.8,-4.7,-1.2,6.2,0,10488,0,220,0, 
5.8300,8.4,14.3,15.9,1.2,-1.8,3.3,6.2,0,10494,0,221,0, 
5.8333,7.4,12.5,9.7,1.6,0.0,6.5,5.5,0,10500,0,222,0, 
5.8367,5.9,9.9,2.2,0.1,-1.1,6.2,3.8,0,10506,0,223,0, 
5.8400,4.2,7.5,-1.4,-2.0,-4.3,2.8,1.2,0,10512,0,224,0, 
5.8433,1.9,5.5,0.4,-3.2,-6.5,-1.1,-1.9,0,10518,0,225,0, 
5.8467,-1.2,3.3,4.8,-2.9,-5.0,-2.8,-4.9,0,10524,0,226,0, 
5.8500,-4.3,0.5,6.6,-1.6,-0.1,-1.9,-7.1,0,10530,0,227,0, 
5.8533,-6.3,-1.9,3.1,-0.7,4.7,-0.6,-8.4,0,10536,0,228,0, 
5.8567,-5.8,-2.5,-4.0,-0.8,5.9,-1.5,-8.7,0,10542,0,229,0, 
5.8600,-3.0,-0.3,-9.6,-1.4,2.1,-5.6,-7.9,0,10548,0,230,0, 
5.8633,0.8,4.4,-9.4,-1.4,-4.3,-10.3,-5.9,0,10554,0,231,0, 
5.8667,3.7,9.7,-3.0,0.0,-9.1,-11.8,-2.7,0,10560,0,232,0, 
5.8700,4.7,13.6,6.2,2.2,-9.4,-8.3,0.9,0,10566,0,233,0, 
5.8733,4.0,15.0,13.5,4.0,-5.9,-2.0,3.7,0,10572,0,234,0, 
5.8767,2.8,13.7,15.9,4.4,-1.6,1.8,4.3,0,10578,0,235,0, 
5.8800,2.2,10.6,13.4,3.4,0.0,-1.0,2.1,0,10584,0,236,0, 
5.8833,2.0,7.0,8.1,2.3,-1.8,-9.7,-2.0,0,10590,0,237,0, 
5.8867,1.3,3.5,2.5,2.2,-5.1,-18.4,-6.2,0,10596,0,238,0, 
5.8900,-0.8,0.3,-1.9,3.3,-7.2,-20.7,-8.8,0,10602,0,239,0, 
5.8933,-4.0,-2.5,-4.4,4.9,-6.7,-13.8,-8.9,0,10608,0,240,0, 
5.8967,-6.7,-4.3,-4.6,6.0,-4.8,-1.9,-6.8,0,10614,0,241,0, 
5.9000,-7.3,-4.3,-2.2,5.8,-3.5,7.7,-3.4,0,10620,0,242,0, 
5.9033,-5.3,-2.0,1.8,4.8,-3.8,9.2,0.4,0,10626,0,243,0, 
5.9067,-1.7,2.2,5.9,3.5,-4.8,2.7,4.2,0,10632,0,244,0, 
5.9100,1.6,7.0,7.8,2.5,-4.2,-5.9,7.6,0,10638,0,245,0, 
5.9133,3.1,10.6,6.9,1.8,-1.3,-10.3,10.1,0,10644,0,246,0, 
5.9167,2.6,11.7,4.0,1.3,3.1,-7.4,10.9,0,10650,0,247,0, 
5.9200,1.4,10.5,1.3,0.9,6.3,0.6,9.8,0,10656,0,248,0, 
5.9233,0.7,8.3,0.5,0.6,6.5,8.2,7.7,0,10662,0,249,0, 
5.9267,1.0,6.2,1.8,0.5,4.4,11.2,5.7,0,10668,0,250,0, 
5.9300,1.8,4.9,3.6,0.2,2.1,8.8,4.8,0,10674,0,251,0, 
5.9333,2.1,3.7,3.9,-0.4,1.7,3.4,4.8,0,10680,0,252,0, 
5.9367,1.4,1.9,1.4,-1.4,3.2,-1.7,4.7,0,10686,0,253,0, 
5.9400,0.4,-0.6,-3.5,-2.4,4.9,-4.1,3.9,0,10692,0,254,0, 
5.9433,0.2,-2.6,-8.7,-2.8,4.5,-3.4,2.6,0,10698,0,255,0, 
5.9467,1.2,-2.4,-11.5,-2.3,1.4,-0.7,1.9,0,10704,0,0,0, 
5.9500,3.0,0.4,-10.1,-1.0,-2.8,2.4,2.6,0,10710,0,1,0, 
5.9533,4.2,4.5,-4.6,0.4,-6.0,3.9,4.2,0,10716,0,2,0, 
5.9567,3.7,7.6,2.7,1.4,-6.7,2.9,4.9,0,10722,0,3,0, 
5.9600,1.4,7.7,8.3,1.8,-5.2,-0.9,3.3,0,10728,0,4,0, 
5.9633,-1.3,4.6,9.2,1.6,-2.8,-6.3,-0.3,0,10734,0,5,0, 
5.9667,-2.9,0.0,4.8,1.3,-0.7,-11.2,-4.4,0,10740,0,6,0, 
5.9700,-2.6,-3.7,-2.4,1.0,1.0,-13.9,-7.2,0,10746,0,7,0, 
5.9733,-0.7,-5.1,-8.6,0.8,2.4,-13.8,-7.9,0,10752,0,8,0, 
5.9767,1.5,-4.6,-11.1,0.8,4.0,-11.0,-7.2,0,10758,0,9,0, 
5.9800,2.5,-3.5,-9.8,1.0,5.5,-6.2,-6.3,0,10764,0,10,0, 
5.9833,1.9,-2.9,-7.1,1.3,7.0,-0.3,-5.3,0,10770,0,11,0, 
5.9867,0.3,-2.8,-5.6,1.7,8.2,5.5,-3.3,0,10776,0,12,0, 
5.9900,-0.8,-2.0,-5.8,1.7,9.1,9.5,0.8,0,10782,0,13,0, 
5.9933,-0.3,0.2,-6.4,1.3,9.4,10.7,6.6,0,10788,0,14,0, 
5.9967,1.9,3.9,-5.4,0.6,8.3,9.2,12.2,0,10794,0,15,0, 
6.0000,4.9,7.6,-2.2,0.1,5.4,6.8,15.6,0,10800,0,16,0, 
6.0033,7.0,9.8,1.7,0.4,1.1,6.1,15.4,0,10806,0,17,0, 
6.0067,7.0,9.3,4.4,1.8,-3.2,7.8,12.1,0,10812,0,18,0, 
6.0100,4.8,6.7,5.1,3.9,-5.7,9.9,7.4,0,10818,0,19,0, 
6.0133,1.7,3.5,4.7,5.8,-6.0,8.5,2.6,0,10824,0,20,0, 
6.0167,-1.0,1.5,4.6,6.9,-4.9,1.3,-1.9,0,10830,0,21,0, 
6.0200,-2.2,1.6,5.4,6.8,-3.9,-10.1,-6.0,0,10836,0,22,0, 
6.0233,-2.2,3.4,6.1,6.0,-3.9,-20.6,-10.0,0,10842,0,23,0, 
6.0267,-1.7,5.4,5.1,4.9,-4.4,-25.0,-13.3,0,10848,0,24,0, 
6.0300,-1.7,6.1,1.9,4.2,-4.2,-21.7,-15.2,0,10854,0,25,0, 
6.0333,-2.2,4.7,-2.7,3.7,-2.6,-13.9,-15.1,0,10860,0,26,0, 
6.0367,-2.6,1.9,-7.0,3.2,-0.2,-6.7,-13.0,0,10866,0,27,0, 
6.0400,-2.2,-1.1,-9.4,2.5,1.5,-3.3,-9.8,0,10872,0,28,0, 
6.0433,-1.4,-3.1,-9.9,1.7,1.4,-2.8,-6.1,0,10878,0,29,0, 
6.0467,-1.2,-3.7,-9.0,1.1,0.2,-2.1,-3.1,0,10884,0,30,0, 
6.0500,-2.5,-3.3,-7.8,0.7,-0.5,0.9,-1.5,0,10890,0,31,0, 
6.0533,-5.5,-2.8,-7.2,0.2,1.0,5.4,-1.3,0,10896,0,32,0, 
6.0567,-9.4,-2.8,-7.2,-0.5,4.8,8.8,-2.2,0,10902,0,33,0, 
6.0600,-12.6,-2.9,-7.6,-1.2,8.9,9.0,-3.2,0,10908,0,34,0, 
6.0633,-13.8,-2.4,-7.4,-1.2,10.8,6.5,-3.3,0,10914,0,35,0, 
6.0667,-12.8,-0.9,-5.2,0.3,9.3,3.6,-2.3,0,10920,0,36,0, 
6.0700,-10.1,1.5,-0.7,2.8,4.9,1.6,-1.1,0,10926,0,37,0, 
6.0733,-6.7,3.4,4.5,5.3,-0.6,-0.3,-0.8,0,10932,0,38,0, 
6.0767,-3.5,3.5,7.4,6.1,-5.0,-4.2,-2.5,0,10938,0,39,0, 
6.0800,-1.2,1.0,5.2,4.4,-7.6,-10.9,-5.9,0,10944,0,40,0, 
6.0833,-0.1,-3.4,-2.2,0.7,-8.7,-18.3,-9.6,0,10950,0,41,0, 
6.0867,-0.4,-7.9,-11.0,-3.0,-9.0,-23.0,-12.3,0,10956,0,42,0, 
6.0900,-1.9,-10.8,-15.7,-4.9,-8.6,-22.2,-13.3,0,10962,0,43,0, 
6.0933,-3.8,-11.6,-13.5,-4.4,-7.5,-16.7,-12.8,0,10968,0,44,0, 
6.0967,-4.9,-11.0,-6.2,-2.3,-5.7,-9.7,-11.5,0,10974,0,45,0, 
6.1000,-4.4,-10.6,0.5,-0.4,-3.8,-4.9,-10.0,0,10980,0,46,0, 
6.1033,-2.0,-11.0,1.4,-0.2,-2.5,-3.8,-8.6,0,10986,0,47,0, 
6.1067,1.4,-11.6,-4.2,-1.5,-2.2,-5.4,-7.3,0,10992,0,48,0, 
6.1100,4.3,-11.1,-11.7,-3.5,-2.4,-7.5,-6.3,0,10998,0,49,0, 
6.1133,5.5,-8.9,-14.9,-4.9,-2.4,-8.6,-5.6,0,11004,0,50,0, 
6.1167,4.7,-5.4,-11.0,-5.1,-2.1,-8.4,-5.3,0,11010,0,51,0, 
6.1200,2.8,-2.0,-2.3,-4.2,-1.9,-6.8,-4.9,0,11016,0,52,0, 
6.1233,1.2,0.2,5.7,-3.0,-2.8,-3.6,-3.7,0,11022,0,53,0, 
6.1267,0.9,1.3,8.8,-1.8,-4.7,1.2,-1.4,0,11028,0,54,0, 
6.1300,2.2,2.3,7.1,-0.5,-6.4,6.4,1.3,0,11034,0,55,0, 
6.1333,4.3,4.1,3.8,1.1,-6.2,9.4,3.4,0,11040,0,56,0, 
6.1367,5.7,6.7,2.7,2.8,-3.3,7.5,3.7,0,11046,0,57,0, 
6.1400,5.3,8.8,4.8,4.2,1.3,0.4,2.0,0,11052,0,58,0, 
6.1433,2.7,9.0,8.1,4.6,5.3,-8.4,-0.8,0,11058,0,59,0, 
6.1467,-1.3,6.9,9.4,3.9,6.7,-13.9,-3.3,0,11064,0,60,0, 
6.1500,-5.5,3.1,6.9,2.1,5.1,-12.7,-4.6,0,11070,0,61,0, 
6.1533,-8.5,-1.0,0.7,-0.2,2.1,-6.1,-4.7,0,11076,0,62,0, 
6.1567,-9.6,-4.6,-7.1,-2.6,-0.5,0.9,-4.2,0,11082,0,63,0, 
6.1600,-8.7,-7.0,-13.9,-4.5,-1.3,3.0,-3.8,0,11088,0,64,0, 
6.1633,-6.5,-8.1,-17.5,-5.5,-0.7,-1.0,-3.3,0,11094,0,65,0, 
6.1667,-3.5,-7.5,-16.1,-5.1,0.2,-7.6,-2.1,0,11100,0,66,0, 
6.1700,-0.4,-4.8,-9.6,-3.1,0.5,-11.2,0.5,0,11106,0,67,0, 
6.1733,2.4,-0.4,0.2,0.3,0.3,-8.9,4.3,0,11112,0,68,0, 
6.1767,5.0,4.9,9.3,3.9,0.1,-2.8,8.6,0,11118,0,69,0, 
6.1800,7.1,9.9,13.7,6.1,0.3,2.3,12.6,0,11124,0,70,0, 
6.1833,8.6,13.5,11.5,6.2,0.8,3.2,15.5,0,11130,0,71,0, 
6.1867,9.2,15.4,5.2,4.4,1.6,0.6,17.3,0,11136,0,72,0, 
6.1900,8.8,16.0,-0.2,2.6,2.6,-0.8,18.1,0,11142,0,73,0, 
6.1933,7.3,15.8,0.1,2.1,4.2,2.5,18.1,0,11148,0,74,0, 
6.1967,5.3,15.0,6.5,3.4,6.6,10.0,17.4,0,11154,0,75,0, 
6.2000,3.5,13.6,14.8,5.0,9.3,16.8,15.8,0,11160,0,76,0, 
6.2033,2.7,11.4,18.8,4.9,11.4,17.5,13.5,0,11166,0,77,0, 
6.2067,3.2,8.6,14.6,2.2,11.8,10.3,11.1,0,11172,0,78,0, 
6.2100,4.9,5.7,4.0,-2.2,10.4,-0.8,9.2,0,11178,0,79,0, 
6.2133,7.2,3.4,-6.9,-5.5,7.7,-9.5,8.7,0,11184,0,80,1, sound 
6.2167,9.7,2.8,-11.4,-5.7,4.8,-11.1,9.8,0,11190,0,81,0, 
6.2200,12.3,4.1,-6.8,-2.5,2.5,-6.0,12.1,0,11196,0,82,0, 
6.2233,15.3,6.9,3.8,2.0,1.3,1.7,15.2,0,11202,0,83,0, 
6.2267,18.3,9.9,13.8,5.3,1.1,7.6,18.0,0,11208,0,84,0, 
6.2300,20.4,11.7,17.6,5.5,1.7,9.9,19.7,0,11214,0,85,0, 
6.2333,20.5,11.2,13.9,3.1,2.8,9.8,19.9,0,11220,0,86,0, 
6.2367,18.1,8.9,6.2,0.3,4.2,9.5,18.4,0,11226,0,87,0, 
6.2400,14.1,6.3,-0.3,-1.0,5.5,9.9,16.1,0,11232,0,88,0, 
6.2433,10.4,5.4,-2.4,-0.1,6.3,10.1,13.9,0,11238,0,89,0, 
6.2467,8.8,6.5,-0.5,1.9,6.2,9.1,12.7,0,11244,0,90,0, 
6.2500,9.5,8.9,2.1,3.5,5.6,7.2,12.8,0,11250,0,91,0, 
6.2533,11.3,10.6,2.5,3.7,5.2,5.9,13.8,0,11256,0,92,0, 
6.2567,12.2,10.9,0.7,2.9,5.7,6.3,14.8,0,11262,0,93,0, 
6.2600,10.7,10.2,-0.5,2.2,7.3,8.3,15.3,0,11268,0,94,0, 
6.2633,7.5,10.2,1.7,2.5,9.0,9.9,15.4,0,11274,0,95,0, 
6.2667,4.2,11.9,7.7,3.9,9.8,9.5,15.7,0,11280,0,96,0, 
6.2700,2.7,14.9,14.5,5.4,9.2,7.4,16.9,0,11286,0,97,0, 
6.2733,3.5,17.1,17.7,6.1,7.4,5.9,19.2,0,11292,0,98,0, 
6.2767,5.6,17.1,15.2,5.7,5.4,6.9,21.8,0,11298,0,99,0, 
6.2800,7.3,14.6,8.9,4.8,4.1,10.0,23.2,0,11304,0,100,0, 
6.2833,7.3,11.3,3.5,4.4,3.8,12.6,22.4,0,11310,0,101,0, 
6.2867,5.7,9.3,2.9,5.0,4.1,11.9,19.5,0,11316,0,102,0, 
6.2900,3.5,9.5,7.5,6.6,4.5,7.9,15.9,0,11322,0,103,0, 
6.2933,1.7,11.1,14.0,8.5,4.6,3.4,13.2,0,11328,0,104,0, 
6.2967,1.0,12.6,18.1,9.8,4.2,2.3,12.4,0,11334,0,105,0, 
6.3000,1.2,12.8,17.8,10.3,3.6,6.1,13.1,0,11340,0,106,0, 
6.3033,1.9,11.9,14.6,10.3,3.0,12.9,13.8,0,11346,0,107,0, 
6.3067,2.9,10.7,12.0,10.2,2.3,18.2,13.2,0,11352,0,108,0, 
6.3100,4.3,9.7,12.2,10.4,1.7,18.6,11.4,0,11358,0,109,0, 
6.3133,6.3,8.8,14.5,10.4,1.3,13.8,9.3,0,11364,0,110,0, 
6.3167,8.7,7.6,15.9,9.9,1.5,6.9,8.2,0,11370,0,111,0, 
6.3200,10.7,5.6,13.9,8.5,2.5,1.8,8.3,0,11376,0,112,0, 
6.3233,11.6,3.4,8.5,6.5,4.0,1.1,9.1,0,11382,0,113,0, 
6.3267,11.1,1.8,2.5,4.5,5.4,5.1,9.8,0,11388,0,114,0, 
6.3300,9.2,1.2,-1.4,3.2,6.3,11.4,10.2,0,11394,0,115,0, 
6.3333,6.9,1.0,-2.2,2.5,6.0,16.6,10.6,0,11400,0,116,0, 
6.3367,5.1,0.3,-1.9,2.0,4.8,17.9,11.1,0,11406,0,117,0, 
6.3400,4.1,-1.7,-3.3,0.9,3.1,14.3,11.3,0,11412,0,118,0, 
6.3433,4.0,-4.8,-7.4,-1.2,1.9,7.4,10.1,0,11418,0,119,0, 
6.3467,4.2,-7.5,-12.0,-3.9,1.9,1.0,7.7,0,11424,0,120,0, 
6.3500,4.1,-8.1,-13.2,-5.9,3.5,-0.9,5.2,0,11430,0,121,0, 
6.3533,3.5,-5.4,-8.1,-5.8,5.8,3.1,4.7,0,11436,0,122,0, 
6.3567,2.8,-0.3,2.4,-3.3,7.4,10.1,7.0,0,11442,0,123,0, 
6.3600,2.7,5.5,13.4,0.6,6.5,14.6,10.7,0,11448,0,124,0, 
6.3633,3.5,9.6,18.9,4.0,2.5,12.2,12.8,0,11454,0,125,0, 
6.3667,4.9,10.8,16.0,5.2,-3.7,3.4,11.1,0,11460,0,126,0, 
6.3700,6.2,9.6,6.7,3.7,-9.5,-6.9,6.3,0,11466,0,127,0, 
6.3733,6.4,7.5,-3.1,1.1,-12.2,-12.3,1.3,0,11472,0,128,0, 
6.3767,5.2,5.9,-7.3,-0.5,-10.9,-10.0,-0.7,0,11478,0,129,0, 
6.3800,3.4,5.6,-4.0,0.4,-6.8,-2.6,1.2,0,11484,0,130,0, 
6.3833,2.0,5.9,3.9,3.3,-2.6,4.6,5.1,0,11490,0,131,0, 
6.3867,1.7,5.8,11.1,6.3,-0.4,7.4,7.7,0,11496,0,132,0, 
6.3900,2.3,4.6,13.6,7.5,-0.6,6.2,7.3,0,11502,0,133,0, 
6.3933,3.1,2.5,11.0,6.5,-1.5,4.3,4.2,0,11508,0,134,0, 
6.3967,3.0,0.2,6.1,4.3,-1.6,4.2,0.3,0,11514,0,135,0, 
6.4000,1.9,-2.0,2.2,2.9,-0.5,5.5,-2.8,0,11520,0,136,0, 
6.4033,0.6,-3.9,0.6,3.2,0.3,5.8,-4.9,0,11526,0,137,0, 
6.4067,-0.1,-5.7,0.4,4.7,-1.0,3.7,-6.5,0,11532,0,138,0, 
6.4100,0.2,-7.2,0.3,6.0,-4.6,0.5,-8.3,0,11538,0,139,0, 
6.4133,0.7,-8.2,-0.4,6.0,-8.4,-0.8,-10.0,0,11544,0,140,0, 
6.4167,0.6,-8.8,-1.3,4.9,-9.9,1.1,-11.1,0,11550,0,141,0, 
6.4200,-0.5,-9.0,-1.7,3.9,-8.0,4.1,-11.3,0,11556,0,142,0, 
6.4233,-1.9,-9.5,-1.7,4.3,-4.4,4.4,-10.7,0,11562,0,143,0, 
6.4267,-2.6,-10.1,-1.5,6.1,-2.2,0.2,-9.6,0,11568,0,144,0, 
6.4300,-1.9,-10.5,-1.6,8.2,-3.4,-6.1,-7.6,0,11574,0,145,0, 
6.4333,-0.5,-10.2,-1.3,9.3,-7.2,-9.5,-4.2,0,11580,0,146,0, 
6.4367,0.2,-9.1,-0.2,8.5,-10.7,-6.5,0.3,0,11586,0,147,0, 
6.4400,-0.5,-7.6,1.8,6.5,-11.5,1.2,4.6,0,11592,0,148,0, 
6.4433,-2.7,-6.4,4.1,4.5,-9.3,8.1,7.2,0,11598,0,149,0, 
6.4467,-4.9,-5.6,5.5,3.7,-6.3,9.1,7.1,0,11604,0,150,0, 
6.4500,-6.0,-4.6,5.8,4.3,-4.8,4.0,5.1,0,11610,0,151,0, 
6.4533,-5.5,-2.9,4.9,5.4,-5.0,-2.6,2.7,0,11616,0,152,0, 
6.4567,-4.3,-0.1,3.4,6.0,-5.1,-4.5,1.4,0,11622,0,153,0, 
6.4600,-3.2,2.9,1.5,5.5,-3.0,0.9,1.3,0,11628,0,154,0, 
6.4633,-2.7,5.1,-0.8,4.3,1.6,10.2,1.3,0,11634,0,155,0, 
6.4667,-2.2,6.0,-2.6,3.1,6.6,16.9,0.3,0,11640,0,156,0, 
6.4700,-1.0,6.2,-2.8,2.6,9.1,16.2,-2.4,0,11646,0,157,0, 
6.4733,1.0,6.5,-0.8,2.9,7.8,8.6,-5.9,0,11652,0,158,0, 
6.4767,3.2,7.1,3.0,3.5,3.7,-1.1,-9.4,0,11658,0,159,0, 
6.4800,4.6,7.6,6.4,3.7,-1.0,-7.5,-11.9,0,11664,0,160,0, 
6.4833,4.5,6.8,7.4,3.5,-5.0,-9.2,-13.4,0,11670,0,161,0, 
6.4867,3.4,4.2,5.2,3.4,-7.8,-9.1,-14.3,0,11676,0,162,0, 
6.4900,2.4,0.4,1.1,4.0,-9.6,-11.7,-14.9,0,11682,0,163,0, 
6.4933,2.3,-3.0,-2.2,5.2,-10.1,-18.3,-15.5,0,11688,0,164,0, 
6.4967,2.9,-4.7,-3.1,6.8,-8.2,-25.8,-16.0,0,11694,0,165,0, 
6.5000,3.6,-4.7,-1.5,7.8,-3.5,-28.7,-16.1,0,11700,0,166,0, 
6.5033,3.5,-4.3,0.6,7.8,2.2,-23.4,-15.4,0,11706,0,167,0, 
6.5067,2.4,-4.8,1.0,6.5,5.7,-11.7,-13.4,0,11712,0,168,0, 
6.5100,0.9,-7.3,-1.7,4.1,4.9,0.4,-10.3,0,11718,0,169,0, 
6.5133,0.0,-11.2,-7.2,1.1,0.5,6.9,-6.8,0,11724,0,170,0, 
6.5167,-0.1,-15.5,-13.8,-1.9,-4.0,5.4,-4.1,0,11730,0,171,0, 
6.5200,0.4,-18.6,-19.2,-4.3,-5.2,-1.5,-3.3,0,11736,0,172,0, 
6.5233,0.7,-19.7,-21.4,-5.3,-2.5,-9.0,-4.8,0,11742,0,173,0, 
6.5267,0.3,-18.9,-19.4,-4.6,1.7,-13.3,-8.2,0,11748,0,174,0, 
6.5300,-1.1,-17.1,-14.3,-2.7,3.7,-13.7,-12.5,0,11754,0,175,0, 
6.5333,-3.0,-15.3,-9.1,-0.9,2.2,-12.1,-16.5,0,11760,0,176,0, 
6.5367,-4.6,-14.5,-7.0,-0.4,-1.3,-10.9,-19.5,0,11766,0,177,0, 
6.5400,-5.3,-14.8,-9.5,-1.5,-4.2,-11.5,-21.6,0,11772,0,178,0, 
6.5433,-4.9,-15.6,-14.9,-3.1,-5.2,-14.0,-22.7,0,11778,0,179,0, 
6.5467,-3.4,-15.6,-18.8,-3.6,-5.2,-17.4,-22.9,0,11784,0,180,0, 
6.5500,-1.8,-13.8,-17.2,-2.2,-6.0,-19.9,-22.0,0,11790,0,181,0, 
6.5533,-0.9,-10.2,-9.8,0.5,-7.8,-19.7,-19.8,0,11796,0,182,0, 
6.5567,-1.4,-5.8,-0.6,2.8,-8.4,-15.0,-16.5,0,11802,0,183,0, 
6.5600,-3.2,-2.4,4.7,2.7,-5.9,-6.2,-12.8,0,11808,0,184,0, 
6.5633,-5.2,-1.0,3.1,0.4,-0.4,3.9,-9.7,0,11814,0,185,0, 
6.5667,-6.0,-1.4,-3.1,-2.6,4.7,10.6,-7.7,0,11820,0,186,0, 
6.5700,-4.7,-2.5,-8.3,-3.9,5.7,10.4,-6.5,0,11826,0,187,0, 
6.5733,-1.5,-2.9,-7.7,-2.4,1.6,3.6,-5.6,0,11832,0,188,0, 
6.5767,2.5,-2.2,-1.9,0.8,-5.2,-5.1,-4.5,0,11838,0,189,0, 
6.5800,5.4,-1.1,4.2,3.2,-10.1,-10.2,-3.3,0,11844,0,190,0, 
6.5833,6.2,-0.7,5.1,2.9,-10.5,-8.6,-2.9,0,11850,0,191,0, 
6.5867,5.0,-1.0,0.0,-0.2,-7.1,-2.5,-4.3,0,11856,0,192,0, 
6.5900,2.7,-1.5,-6.3,-4.1,-3.5,2.5,-7.3,0,11862,0,193,0, 
6.5933,0.4,-1.3,-8.0,-6.5,-2.5,1.8,-11.2,0,11868,0,194,0, 
6.5967,-0.9,-0.3,-2.6,-6.1,-4.6,-4.8,-14.5,0,11874,0,195,0, 
6.6000,-1.3,0.8,6.2,-4.1,-7.4,-12.7,-16.5,0,11880,0,196,0, 
6.6033,-1.1,0.8,11.7,-2.2,-8.5,-15.8,-17.1,0,11886,0,197,0, 
6.6067,-0.9,-0.5,10.0,-2.0,-7.1,-11.1,-16.8,0,11892,0,198,0, 
6.6100,-1.1,-2.0,3.1,-3.1,-4.4,-0.3,-15.7,0,11898,0,199,0, 
6.6133,-1.7,-2.3,-2.8,-4.2,-2.0,10.9,-13.2,0,11904,0,200,0, 
6.6167,-2.2,-0.5,-2.8,-3.9,-1.0,16.8,-8.8,0,11910,0,201,0, 
6.6200,-1.8,2.9,2.9,-2.2,-1.2,15.5,-2.5,0,11916,0,202,0, 
6.6233,-0.4,6.3,9.3,0.0,-1.8,9.7,4.3,0,11922,0,203,0, 
6.6267,1.9,8.4,11.2,1.4,-2.2,4.7,10.1,0,11928,0,204,0, 
6.6300,4.1,8.6,7.1,1.5,-2.0,4.6,13.8,0,11934,0,205,0, 
6.6333,4.8,7.6,0.5,0.7,-1.0,10.1,15.2,0,11940,0,206,0, 
6.6367,3.3,5.9,-3.9,0.0,0.7,17.4,15.0,0,11946,0,207,0, 
6.6400,-0.1,4.2,-3.7,-0.2,2.5,21.6,13.7,0,11952,0,208,0, 
6.6433,-4.2,2.7,-0.4,-0.4,3.4,19.2,11.3,0,11958,0,209,0, 
6.6467,-7.5,1.8,2.8,-1.1,2.4,11.2,7.8,0,11964,0,210,0, 
6.6500,-9.4,1.7,4.3,-2.2,0.0,1.5,3.7,0,11970,0,211,0, 
6.6533,-10.1,2.6,4.3,-3.4,-2.4,-5.0,0.4,0,11976,0,212,0, 
6.6567,-10.4,4.0,4.2,-3.9,-2.8,-5.8,-0.9,0,11982,0,213,0, 
6.6600,-10.5,5.1,4.0,-3.6,-0.7,-2.0,0.4,0,11988,0,214,0, 
6.6633,-10.2,5.5,2.9,-2.8,2.3,3.2,3.6,0,11994,0,215,0, 
6.6667,-8.7,5.5,0.3,-2.3,3.5,7.0,6.9,0,12000,0,216,0, 
6.6700,-6.2,6.0,-2.5,-2.3,1.3,8.2,8.9,0,12006,0,217,0, 
6.6733,-3.6,7.3,-3.3,-2.3,-3.6,7.4,8.9,0,12012,0,218,0, 
6.6767,-2.6,8.5,-1.3,-1.8,-8.5,5.7,6.8,0,12018,0,219,0, 
6.6800,-4.0,8.0,1.8,-0.6,-10.7,3.0,2.6,0,12024,0,220,0, 
6.6833,-7.6,4.5,2.7,0.9,-9.4,-1.1,-3.2,0,12030,0,221,0, 
6.6867,-11.4,-1.5,-0.5,1.6,-6.3,-6.9,-10.0,0,12036,0,222,0, 
6.6900,-13.6,-7.8,-6.0,0.9,-3.8,-13.0,-16.1,0,12042,0,223,0, 
6.6933,-13.5,-11.7,-9.6,-1.0,-3.4,-17.1,-19.5,0,12048,0,224,0, 
6.6967,-11.8,-11.9,-8.0,-3.0,-4.3,-17.0,-18.7,0,12054,0,225,0, 
6.7000,-10.0,-8.8,-1.4,-3.6,-4.7,-12.3,-14.0,0,12060,0,226,0, 
6.7033,-9.1,-4.1,6.2,-2.3,-3.2,-4.5,-6.8,0,12066,0,227,0, 
6.7067,-9.0,0.6,10.6,0.1,-0.2,3.8,0.9,0,12072,0,228,0, 
6.7100,-8.7,4.5,9.9,2.4,2.6,10.4,7.7,0,12078,0,229,0, 
6.7133,-7.4,7.5,6.0,3.0,3.9,14.2,13.2,0,12084,0,230,0, 
6.7167,-5.0,10.1,2.4,1.8,3.7,15.6,17.5,0,12090,0,231,0, 
6.7200,-2.0,12.1,1.1,-0.4,3.4,15.5,20.3,0,12096,0,232,0, 
6.7233,0.4,13.1,2.0,-2.2,4.2,14.4,21.3,0,12102,0,233,0, 
6.7267,1.9,13.1,3.0,-2.6,6.5,12.8,20.0,0,12108,0,234,0, 
6.7300,2.8,12.2,2.7,-1.7,9.1,10.6,17.1,0,12114,0,235,0, 
6.7333,3.5,11.1,1.4,-0.4,10.2,8.2,14.3,0,12120,0,236,0, 
6.7367,4.0,10.2,0.6,0.3,8.8,6.3,13.1,0,12126,0,237,0, 
6.7400,4.1,9.9,1.5,0.0,5.5,6.2,13.9,0,12132,0,238,0, 
6.7433,3.6,10.0,3.8,-0.8,1.9,8.2,15.9,0,12138,0,239,0, 
6.7467,2.6,10.0,5.9,-1.4,-0.6,12.1,17.4,0,12144,0,240,0, 
6.7500,1.8,9.9,6.5,-1.5,-1.5,16.0,17.1,0,12150,0,241,0, 
6.7533,2.2,9.9,5.3,-1.3,-1.3,18.0,15.5,0,12156,0,242,0, 
6.7567,3.9,10.3,3.4,-1.2,-1.0,17.2,13.9,0,12162,0,243,0, 
6.7600,6.7,11.6,2.8,-1.1,-0.7,14.1,14.0,0,12168,0,244,0, 
6.7633,9.4,13.6,4.9,-0.6,-0.1,10.7,16.4,0,12174,0,245,0, 
6.7667,10.9,15.8,9.4,0.7,1.2,9.4,20.5,0,12180,0,246,0, 
6.7700,10.9,17.6,14.8,2.9,2.7,11.4,24.5,0,12186,0,247,0, 
6.7733,9.6,18.1,18.6,5.0,3.3,16.1,27.1,0,12192,0,248,0, 
6.7767,7.8,17.3,18.6,5.9,2.6,21.1,27.4,0,12198,0,249,0, 
6.7800,6.5,15.5,14.4,5.0,1.0,24.0,25.8,0,12204,0,250,0, 
6.7833,6.3,13.7,7.8,2.6,-0.4,23.3,23.1,0,12210,0,251,0, 
6.7867,7.2,12.9,2.4,0.1,-0.2,19.6,20.5,0,12216,0,252,0, 
6.7900,8.8,13.6,1.5,-1.2,1.3,14.6,18.5,0,12222,0,253,0, 
6.7933,10.6,15.7,5.8,-1.0,2.7,10.2,17.6,0,12228,0,254,0, 
6.7967,12.3,18.0,12.6,0.2,2.7,7.4,17.2,0,12234,0,255,0, 
6.8000,13.6,19.3,17.7,1.2,1.2,6.2,16.8,0,12240,0,0,0, 
6.8033,14.5,18.7,17.7,1.2,-0.1,6.5,16.0,0,12246,0,1,0, 
6.8067,14.3,16.4,13.0,0.4,0.8,8.6,15.0,0,12252,0,2,0, 
6.8100,12.7,13.3,6.9,-0.5,4.1,12.4,14.5,0,12258,0,3,0, 
6.8133,9.3,10.5,2.9,-0.8,8.1,17.0,15.0,0,12264,0,4,0, 
6.8167,4.6,8.5,2.3,-0.6,9.6,20.1,16.5,0,12270,0,5,0, 
6.8200,-0.3,6.8,3.0,-0.5,7.2,19.8,17.9,0,12276,0,6,0, 
6.8233,-4.0,4.5,2.2,-1.1,2.1,15.9,18.0,0,12282,0,7,0, 
6.8267,-5.7,1.4,-1.2,-2.3,-2.1,10.8,16.1,0,12288,0,8,0, 
6.8300,-5.7,-1.9,-5.5,-3.5,-2.6,7.9,12.9,0,12294,0,9,0, 
6.8333,-4.7,-3.9,-7.7,-4.0,0.8,8.7,10.1,0,12300,0,10,0, 
6.8367,-3.9,-3.2,-6.1,-3.2,5.2,11.4,9.1,0,12306,0,11,0, 
6.8400,-3.6,0.1,-1.1,-1.6,6.8,12.0,10.2,0,12312,0,12,0, 
6.8433,-3.7,4.9,4.7,0.4,4.6,8.0,12.1,0,12318,0,13,0, 
6.8467,-3.5,8.8,8.9,2.1,0.3,0.2,12.8,0,12324,0,14,0, 
6.8500,-2.7,10.1,9.7,3.2,-2.5,-7.6,11.3,0,12330,0,15,0, 
6.8533,-1.2,8.2,6.9,3.7,-2.2,-11.6,7.8,0,12336,0,16,0, 
6.8567,0.6,4.4,1.3,3.4,0.1,-10.9,4.1,0,12342,0,17,0, 
6.8600,2.0,0.7,-5.3,2.4,1.5,-7.3,1.9,0,12348,0,18,0, 
6.8633,2.2,-1.1,-9.7,1.1,0.5,-3.7,2.4,0,12354,0,19,0, 
6.8667,1.1,-0.3,-9.3,0.2,-1.7,-1.1,4.7,0,12360,0,20,0, 
6.8700,-1.0,1.9,-4.0,0.0,-2.4,1.1,7.1,0,12366,0,21,0, 
6.8733,-3.0,3.4,3.0,0.6,0.1,3.2,7.9,0,12372,0,22,0, 
6.8767,-3.7,2.4,6.7,1.2,4.4,4.0,5.9,0,12378,0,23,0, 
6.8800,-2.5,-1.2,3.6,1.5,7.0,1.5,1.8,0,12384,0,24,0, 
6.8833,-0.3,-5.7,-4.6,1.4,5.4,-4.7,-3.0,0,12390,0,25,0, 
6.8867,1.4,-8.9,-11.9,1.5,0.4,-12.0,-6.6,0,12396,0,26,0, 
6.8900,0.9,-8.7,-12.1,2.4,-4.5,-15.5,-7.7,0,12402,0,27,0, 
6.8933,-1.6,-5.5,-4.1,3.9,-5.6,-12.5,-6.1,0,12408,0,28,0, 
6.8967,-4.9,-1.0,6.3,4.9,-2.4,-4.2,-2.8,0,12414,0,29,0, 
6.9000,-7.0,2.1,11.5,4.5,2.7,3.8,0.5,0,12420,0,30,0, 
6.9033,-6.7,2.6,7.0,2.3,5.9,5.8,2.8,0,12426,0,31,0, 
6.9067,-4.4,0.8,-4.2,-0.7,5.1,-0.1,3.8,0,12432,0,32,0, 
6.9100,-2.0,-1.7,-14.9,-3.2,1.1,-10.8,3.9,0,12438,0,33,0, 
6.9133,-0.8,-3.3,-18.7,-4.2,-3.7,-20.5,3.5,0,12444,0,34,0, 
6.9167,-1.4,-3.8,-15.3,-3.9,-6.9,-24.5,2.9,0,12450,0,35,0, 
6.9200,-3.3,-4.0,-8.7,-3.2,-8.0,-22.2,2.0,0,12456,0,36,0, 
6.9233,-5.3,-4.7,-3.9,-2.6,-7.6,-16.6,0.8,0,12462,0,37,0, 
6.9267,-7.1,-6.2,-2.3,-2.3,-6.5,-11.8,-0.6,0,12468,0,38,0, 
6.9300,-8.7,-7.7,-2.3,-2.0,-5.2,-10.3,-1.8,0,12474,0,39,0, 
6.9333,-10.3,-8.8,-1.4,-1.3,-4.1,-11.6,-2.3,0,12480,0,40,0, 
6.9367,-11.9,-9.3,0.1,-0.6,-3.5,-13.2,-2.5,0,12486,0,41,0, 
6.9400,-13.2,-9.7,0.1,-0.6,-3.8,-13.1,-2.9,0,12492,0,42,0, 
6.9433,-14.1,-10.7,-3.1,-1.6,-4.7,-10.5,-3.8,0,12498,0,43,0, 
6.9467,-14.7,-12.2,-8.4,-3.4,-5.3,-6.9,-5.2,0,12504,0,44,0, 
6.9500,-15.0,-13.2,-12.7,-5.1,-4.7,-4.4,-6.3,0,12510,0,45,0, 
6.9533,-14.5,-12.8,-13.1,-5.9,-2.9,-4.1,-6.0,0,12516,0,46,0, 
6.9567,-12.5,-10.1,-9.5,-5.7,-0.9,-5.3,-4.1,0,12522,0,47,0, 
6.9600,-8.2,-5.9,-4.2,-4.8,0.1,-6.3,-0.7,0,12528,0,48,0, 
6.9633,-1.8,-1.4,-0.3,-3.8,-0.1,-5.5,2.9,0,12534,0,49,0, 
6.9667,5.4,1.9,0.9,-3.4,-1.0,-2.8,5.9,0,12540,0,50,0, 
6.9700,11.3,3.4,0.3,-3.5,-1.4,0.7,7.7,0,12546,0,51,0, 
6.9733,14.7,3.6,-0.6,-3.6,-1.3,3.7,8.6,0,12552,0,52,0, 
6.9767,15.1,3.4,-0.7,-3.4,-1.2,5.7,9.5,0,12558,0,53,0, 
6.9800,13.5,3.4,-0.1,-2.5,-2.0,7.1,10.6,0,12564,0,54,0, 
6.9833,11.0,3.3,0.5,-1.3,-3.6,8.3,12.0,0,12570,0,55,0, 
6.9867,8.9,2.2,0.5,-0.5,-4.9,8.9,12.7,0,12576,0,56,0, 
6.9900,7.8,-0.5,0.1,-0.5,-4.8,7.9,12.0,0,12582,0,57,0, 
6.9933,7.6,-4.5,-0.9,-1.5,-3.4,5.2,9.9,0,12588,0,58,0, 
6.9967,7.8,-8.3,-2.3,-2.9,-1.7,2.0,7.4,0,12594,0,59,0, 
7.0000,8.2,-10.5,-4.7,-4.1,-1.0,0.6,5.4,0,12600,0,60,0, 
7.0033,8.5,-10.9,-8.0,-4.8,-1.3,2.7,4.7,0,12606,0,61,0, 
7.0067,8.9,-10.0,-12.0,-5.3,-1.8,7.0,4.8,0,12612,0,62,0, 
7.0100,9.5,-9.4,-15.8,-6.2,-1.7,10.4,4.6,0,12618,0,63,0, 
7.0133,10.4,-9.4,-18.0,-7.5,-1.0,9.9,3.6,0,12624,0,64,0, 
7.0167,11.2,-9.3,-17.1,-8.9,-0.3,4.8,2.4,0,12630,0,65,0, 
7.0200,11.5,-7.8,-12.9,-9.6,0.2,-1.7,2.1,0,12636,0,66,0, 
7.0233,11.0,-4.3,-6.6,-9.4,1.3,-5.4,3.8,0,12642,0,67,0, 
7.0267,10.0,0.3,-0.5,-8.6,3.8,-3.5,6.8,0,12648,0,68,0, 
7.0300,9.3,4.2,2.6,-8.0,7.3,2.8,9.5,0,12654,0,69,0, 
7.0333,9.4,5.8,1.8,-8.0,9.5,9.2,10.2,0,12660,0,70,0, 
7.0367,10.3,5.2,-1.9,-8.6,8.1,11.8,8.7,0,12666,0,71,0, 
7.0400,11.2,3.7,-5.6,-8.8,2.3,9.5,6.3,0,12672,0,72,0, 
7.0433,11.2,2.9,-6.8,-8.3,-5.1,5.1,4.9,0,12678,0,73,0, 
7.0467,10.0,3.6,-4.8,-7.1,-10.0,2.7,5.4,0,12684,0,74,0, 
7.0500,8.3,5.1,-1.0,-5.9,-9.5,4.2,7.3,0,12690,0,75,0, 
7.0533,7.1,6.2,2.1,-5.4,-4.4,8.7,9.1,0,12696,0,76,0, 
7.0567,7.2,6.4,2.7,-5.5,1.3,12.4,10.0,0,12702,0,77,0, 
7.0600,8.5,5.8,1.1,-5.9,3.7,12.8,10.3,0,12708,0,78,0, 
7.0633,10.1,5.2,-1.4,-6.3,2.0,10.2,10.9,0,12714,0,79,0, 
7.0667,11.3,5.1,-3.0,-6.9,-1.0,7.6,12.5,0,12720,0,80,0, 
7.0700,11.8,5.3,-2.9,-7.8,-1.7,7.7,14.6,0,12726,0,81,0, 
7.0733,11.8,5.7,-1.2,-9.1,1.1,11.0,15.9,0,12732,0,82,0, 
7.0767,12.0,5.8,1.0,-10.0,5.3,14.7,15.2,0,12738,0,83,0, 
7.0800,12.3,5.7,2.5,-9.9,7.4,16.1,12.5,0,12744,0,84,0, 
7.0833,12.0,5.2,2.6,-8.5,5.9,14.3,9.0,0,12750,0,85,0, 
7.0867,10.3,4.4,1.6,-6.5,2.5,11.3,5.9,0,12756,0,86,0, 
7.0900,7.1,3.1,0.8,-5.0,0.6,9.4,4.0,0,12762,0,87,0, 
7.0933,3.2,1.3,1.3,-4.8,2.0,9.5,3.0,0,12768,0,88,0, 
7.0967,-0.1,-0.5,3.2,-5.7,5.0,9.7,2.1,0,12774,0,89,0, 
7.1000,-1.6,-2.0,5.0,-6.9,6.2,8.0,1.0,0,12780,0,90,0, 
7.1033,-1.2,-3.0,4.3,-7.6,3.5,4.7,-0.4,0,12786,0,91,0, 
7.1067,-0.2,-3.4,-0.4,-7.6,-1.6,2.3,-1.3,0,12792,0,92,0, 
7.1100,0.2,-3.4,-8.3,-7.4,-5.1,3.5,-1.3,0,12798,0,93,0, 
7.1133,-0.5,-3.0,-16.1,-7.8,-4.4,7.8,-0.3,0,12804,0,94,0, 
7.1167,-1.7,-2.1,-20.6,-8.8,0.1,11.6,1.4,0,12810,0,95,0, 
7.1200,-2.1,-0.9,-20.0,-9.9,4.2,10.9,3.0,0,12816,0,96,0, 
7.1233,-1.0,0.2,-15.7,-10.1,4.3,4.7,3.8,0,12822,0,97,0, 
7.1267,1.4,0.8,-10.6,-8.8,-0.1,-3.3,3.6,0,12828,0,98,0, 
7.1300,3.6,0.5,-7.2,-6.3,-5.9,-8.2,2.3,0,12834,0,99,0, 
7.1333,4.5,-0.4,-5.9,-3.4,-8.9,-7.6,0.5,0,12840,0,100,0, 
7.1367,3.7,-1.3,-5.4,-1.4,-7.4,-3.3,-1.4,0,12846,0,101,0, 
7.1400,1.6,-1.5,-4.2,-1.0,-3.1,0.7,-3.0,0,12852,0,102,0, 
7.1433,-0.6,-1.0,-2.6,-2.1,0.7,2.1,-3.6,0,12858,0,103,0, 
7.1467,-2.5,0.0,-1.8,-3.9,1.6,2.4,-3.0,0,12864,0,104,0, 
7.1500,-4.0,0.9,-3.1,-5.3,0.1,4.8,-1.0,0,12870,0,105,0, 
7.1533,-5.2,1.2,-6.4,-6.2,-1.3,10.0,1.6,0,12876,0,106,0, 
7.1567,-6.3,0.6,-9.8,-6.7,-1.1,14.5,3.2,0,12882,0,107,0, 
7.1600,-6.7,-0.5,-11.6,-7.4,0.5,13.1,2.7,0,12888,0,108,0, 
7.1633,-6.1,-1.6,-10.9,-8.7,1.7,4.1,-0.5,0,12894,0,109,0, 
7.1667,-4.6,-2.2,-8.8,-9.8,1.5,-8.2,-4.9,0,12900,0,110,0, 
7.1700,-2.9,-2.0,-7.3,-9.7,0.1,-15.3,-8.1,0,12906,0,111,0, 
7.1733,-1.9,-1.2,-7.5,-7.8,-0.9,-11.5,-8.0,0,12912,0,112,0, 
7.1767,-1.9,0.0,-8.4,-4.6,-0.4,1.5,-4.4,0,12918,0,113,0, 
7.1800,-2.5,1.3,-8.0,-1.5,1.1,14.8,0.8,0,12924,0,114,0, 
7.1833,-3.0,2.7,-4.7,0.1,2.1,18.8,4.7,0,12930,0,115,0, 
7.1867,-2.4,3.8,1.0,-0.2,1.3,10.5,5.1,0,12936,0,116,0, 
7.1900,-0.6,4.3,6.5,-1.4,-1.3,-4.3,2.1,0,12942,0,117,0, 
7.1933,1.9,3.6,8.7,-2.3,-4.3,-15.6,-2.0,0,12948,0,118,0, 
7.1967,4.0,1.6,6.3,-2.3,-6.1,-16.6,-5.1,0,12954,0,119,0, 
7.2000,4.7,-1.6,0.7,-1.7,-6.2,-8.6,-6.0,0,12960,0,120,0, 
7.2033,3.2,-5.1,-4.9,-1.6,-4.7,0.6,-5.6,0,12966,0,121,0, 
7.2067,-0.1,-7.8,-7.8,-2.3,-2.5,3.5,-5.6,0,12972,0,122,0, 
7.2100,-4.2,-9.2,-7.5,-3.6,-0.3,-1.4,-7.0,0,12978,0,123,0, 
7.2133,-7.8,-9.3,-5.4,-4.6,1.3,-9.0,-9.4,0,12984,0,124,0, 
7.2167,-10.1,-8.4,-3.3,-4.6,2.1,-12.4,-11.7,0,12990,0,125,0, 
7.2200,-10.9,-6.8,-2.0,-3.6,1.5,-8.6,-12.9,0,12996,0,126,0, 
7.2233,-10.7,-4.5,-1.0,-2.2,-0.4,-0.6,-12.5,0,13002,0,127,0, 
7.2267,-9.7,-1.5,0.6,-1.0,-3.1,5.8,-10.8,0,13008,0,128,0, 
7.2300,-8.2,1.7,2.9,-0.4,-5.3,6.7,-8.2,0,13014,0,129,0, 
7.2333,-6.0,4.0,4.8,-0.2,-6.1,3.1,-5.4,0,13020,0,130,0, 
7.2367,-3.5,4.7,5.7,-0.3,-5.0,-0.9,-2.7,0,13026,0,131,0, 
7.2400,-1.5,3.9,5.5,-0.6,-3.0,-2.1,-1.1,0,13032,0,132,0, 
7.2433,-0.7,2.3,4.8,-0.8,-1.6,-0.9,-1.3,0,13038,0,133,0, 
7.2467,-1.4,1.3,4.6,-0.7,-1.5,-0.2,-3.2,0,13044,0,134,0, 
7.2500,-2.9,1.4,5.2,0.1,-2.6,-2.4,-6.1,0,13050,0,135,0, 
7.2533,-4.1,2.3,6.5,1.3,-3.4,-6.7,-8.3,0,13056,0,136,0, 
7.2567,-4.3,3.2,7.9,2.4,-2.7,-10.1,-8.5,0,13062,0,137,0, 
7.2600,-3.4,3.5,9.0,2.9,-0.6,-10.4,-6.6,0,13068,0,138,0, 
7.2633,-2.1,3.1,9.3,2.7,1.4,-7.5,-3.5,0,13074,0,139,0, 
7.2667,-1.1,2.5,8.3,2.2,1.7,-4.1,-0.8,0,13080,0,140,0, 
7.2700,-0.4,1.7,5.7,2.0,0.0,-2.5,0.4,0,13086,0,141,0, 
7.2733,0.1,0.9,2.4,2.0,-2.1,-2.7,0.1,0,13092,0,142,0, 
7.2767,0.4,-0.2,0.4,2.0,-2.2,-2.9,-1.1,0,13098,0,143,0, 
7.2800,0.3,-1.3,1.3,1.4,1.3,-1.1,-2.3,0,13104,0,144,0, 
7.2833,-0.5,-2.2,4.7,0.2,6.8,2.5,-3.0,0,13110,0,145,0, 
7.2867,-1.8,-2.7,7.8,-1.0,11.2,5.4,-3.2,0,13116,0,146,0, 
7.2900,-2.8,-3.1,7.4,-1.5,11.0,5.0,-3.0,0,13122,0,147,0, 
7.2933,-2.8,-3.7,2.4,-0.7,5.6,0.6,-2.4,0,13128,0,148,0, 
7.2967,-1.5,-4.7,-4.9,0.7,-2.2,-5.5,-1.3,0,13134,0,149,0, 
7.3000,0.2,-5.4,-10.1,1.9,-8.2,-9.8,-0.1,0,13140,0,150,0, 
7.3033,1.2,-5.1,-10.2,2.3,-9.4,-10.0,0.6,0,13146,0,151,0, 
7.3067,0.9,-3.7,-6.2,1.6,-6.2,-7.0,0.1,0,13152,0,152,0, 
7.3100,-0.4,-1.8,-1.7,0.3,-1.6,-3.8,-1.8,0,13158,0,153,0, 
7.3133,-1.7,-0.7,-0.1,-1.2,0.9,-3.3,-4.9,0,13164,0,154,0, 
7.3167,-2.4,-0.9,-1.4,-2.5,0.0,-6.3,-8.0,0,13170,0,155,0, 
7.3200,-2.9,-2.4,-2.5,-3.5,-2.7,-10.0,-10.1,0,13176,0,156,0, 
7.3233,-3.9,-4.0,-0.5,-4.2,-4.7,-10.6,-10.6,0,13182,0,157,0, 
7.3267,-6.0,-4.8,4.6,-4.3,-4.2,-6.0,-9.6,0,13188,0,158,0, 
7.3300,-8.4,-4.3,9.2,-3.9,-1.9,2.2,-8.2,0,13194,0,159,0, 
7.3333,-9.7,-3.0,9.9,-2.9,0.0,9.1,-7.3,0,13200,0,160,0, 
7.3367,-8.9,-1.9,5.6,-1.3,-0.1,10.1,-7.9,0,13206,0,161,0, 
7.3400,-6.1,-1.8,-1.1,0.7,-1.8,4.1,-10.0,0,13212,0,162,0, 
7.3433,-3.1,-3.0,-6.0,2.4,-3.0,-5.0,-12.9,0,13218,0,163,0, 
7.3467,-1.9,-5.2,-6.9,3.3,-2.0,-11.1,-15.3,0,13224,0,164,0, 
7.3500,-3.5,-7.9,-4.7,2.7,1.2,-10.1,-16.3,0,13230,0,165,0, 
7.3533,-6.8,-10.1,-2.0,0.8,4.5,-3.5,-15.6,0,13236,0,166,0, 
7.3567,-9.6,-11.3,-1.4,-2.0,5.4,3.4,-13.7,0,13242,0,167,0, 
7.3600,-10.0,-12.0,-3.4,-4.6,3.2,5.2,-11.7,0,13248,0,168,0, 
7.3633,-8.2,-13.0,-7.1,-6.3,-0.3,0.7,-10.9,0,13254,0,169,0, 
7.3667,-5.8,-15.1,-11.0,-6.7,-2.5,-6.4,-11.7,0,13260,0,170,0, 
7.3700,-4.9,-18.2,-13.5,-6.1,-1.8,-10.7,-13.5,0,13266,0,171,0, 
7.3733,-6.4,-20.9,-13.3,-5.0,0.5,-9.7,-14.9,0,13272,0,172,0, 
7.3767,-9.0,-21.5,-10.2,-3.7,1.5,-5.4,-14.9,0,13278,0,173,0, 
7.3800,-10.7,-19.2,-5.1,-2.7,-0.7,-1.4,-12.9,0,13284,0,174,0, 
7.3833,-10.0,-14.7,-0.5,-2.0,-5.6,0.0,-9.6,0,13290,0,175,0, 
7.3867,-7.4,-9.7,1.5,-1.9,-10.2,-0.1,-6.4,0,13296,0,176,0, 
7.3900,-4.8,-5.7,0.3,-2.1,-11.5,0.9,-4.1,0,13302,0,177,0, 
7.3933,-4.3,-2.9,-1.7,-2.3,-8.9,4.2,-2.9,0,13308,0,178,0, 
7.3967,-6.6,-0.7,-1.1,-2.0,-4.3,8.0,-2.4,0,13314,0,179,0, 
7.4000,-10.5,1.4,3.5,-1.1,-1.0,9.3,-1.9,0,13320,0,180,0, 
7.4033,-14.1,3.0,10.0,0.1,-0.7,6.6,-1.2,0,13326,0,181,0, 
7.4067,-15.8,3.0,13.6,0.6,-2.6,1.7,-0.9,0,13332,0,182,0, 
7.4100,-15.7,0.4,10.7,0.1,-4.3,-2.1,-1.9,0,13338,0,183,0, 
7.4133,-14.6,-4.2,1.9,-1.2,-3.8,-2.9,-4.6,0,13344,0,184,0, 
7.4167,-13.5,-9.3,-8.2,-2.2,-1.3,-1.4,-8.2,0,13350,0,185,0, 
7.4200,-12.9,-13.1,-14.2,-2.2,1.4,-0.1,-11.4,0,13356,0,186,0, 
7.4233,-12.9,-14.9,-13.7,-1.1,2.1,-0.5,-12.7,0,13362,0,187,0, 
7.4267,-13.0,-14.9,-8.7,0.4,0.2,-2.3,-11.6,0,13368,0,188,0, 
7.4300,-12.7,-13.8,-3.2,1.0,-3.0,-4.0,-8.6,0,13374,0,189,0, 
7.4333,-11.4,-12.0,-0.2,0.6,-5.3,-4.6,-5.0,0,13380,0,190,0, 
7.4367,-8.6,-9.7,-0.1,-0.6,-5.2,-4.6,-2.3,0,13386,0,191,0, 
7.4400,-4.4,-7.4,-1.7,-1.8,-2.7,-4.7,-1.2,0,13392,0,192,0, 
7.4433,0.4,-6.2,-3.5,-2.3,1.1,-4.8,-2.0,0,13398,0,193,0, 
7.4467,4.1,-7.1,-5.3,-2.0,4.6,-3.7,-4.4,0,13404,0,194,0, 
7.4500,5.3,-10.1,-6.8,-1.2,6.7,-0.9,-7.5,0,13410,0,195,0, 
7.4533,3.5,-13.9,-7.5,-0.2,6.8,2.0,-10.8,0,13416,0,196,0, 
7.4567,0.0,-16.5,-6.5,0.7,5.0,2.2,-13.6,0,13422,0,197,0, 
7.4600,-3.2,-17.0,-4.1,1.3,1.8,-2.1,-15.5,0,13428,0,198,0, 
7.4633,-4.9,-16.2,-2.4,1.1,-1.8,-9.7,-16.5,0,13434,0,199,0, 
7.4667,-5.1,-15.6,-4.2,0.1,-4.6,-16.4,-17.0,0,13440,0,200,0, 
7.4700,-5.4,-16.3,-10.0,-1.6,-5.5,-18.2,-17.3,0,13446,0,201,0, 
7.4733,-6.9,-17.3,-17.0,-3.2,-4.0,-14.7,-17.1,0,13452,0,202,0, 
7.4767,-9.6,-16.7,-20.4,-3.8,-1.0,-8.6,-15.8,0,13458,0,203,0, 
7.4800,-11.8,-12.8,-16.7,-3.1,1.9,-4.3,-12.7,0,13464,0,204,0, 
7.4833,-12.0,-6.1,-6.5,-1.4,3.2,-3.5,-7.5,0,13470,0,205,0, 
7.4867,-9.8,1.2,5.2,0.4,2.8,-4.1,-1.1,0,13476,0,206,0, 
7.4900,-6.7,6.2,13.1,1.6,1.7,-2.6,4.8,0,13482,0,207,0, 
7.4933,-4.4,7.4,14.1,1.9,1.6,2.7,8.5,0,13488,0,208,0, 
7.4967,-3.8,5.3,9.2,1.7,2.8,9.7,9.1,0,13494,0,209,0, 
7.5000,-4.2,1.6,1.5,1.1,3.8,13.6,7.1,0,13500,0,210,0, 
7.5033,-4.0,-2.0,-6.1,0.4,3.0,10.8,3.7,0,13506,0,211,0, 
7.5067,-2.6,-5.4,-12.5,-0.5,-0.1,2.1,0.5,0,13512,0,212,0, 
7.5100,-0.9,-8.7,-17.2,-1.2,-3.6,-7.8,-1.6,0,13518,0,213,0, 
7.5133,-0.3,-12.1,-19.3,-1.5,-4.4,-13.5,-3.0,0,13524,0,214,0, 
7.5167,-1.6,-14.9,-17.8,-1.1,-1.0,-12.9,-4.3,0,13530,0,215,0, 
7.5200,-3.5,-15.9,-12.5,-0.3,4.7,-8.3,-6.2,0,13536,0,216,0, 
7.5233,-4.2,-14.9,-5.3,0.6,8.7,-4.6,-9.1,0,13542,0,217,0, 
7.5267,-2.3,-12.3,0.5,1.2,7.6,-5.1,-12.6,0,13548,0,218,0, 
7.5300,1.5,-9.4,2.7,1.6,1.8,-9.2,-15.6,0,13554,0,219,0, 
7.5333,5.0,-6.8,1.8,2.3,-4.8,-12.7,-16.7,0,13560,0,220,0, 
7.5367,6.4,-4.5,0.9,3.6,-7.4,-11.3,-15.3,0,13566,0,221,0, 
7.5400,5.8,-1.6,2.9,4.9,-4.0,-4.4,-11.6,0,13572,0,222,0, 
7.5433,5.1,2.0,7.9,5.7,3.0,4.6,-7.1,0,13578,0,223,0, 
7.5467,6.4,4.9,12.7,5.0,9.2,9.8,-3.9,0,13584,0,224,0, 
7.5500,10.4,5.7,12.9,2.7,11.1,8.0,-3.4,0,13590,0,225,0, 
7.5533,15.5,3.6,6.9,-0.5,8.8,1.2,-5.3,0,13596,0,226,0, 
7.5567,18.7,-0.2,-2.4,-3.5,5.0,-5.1,-7.7,0,13602,0,227,0, 
7.5600,18.0,-3.4,-9.5,-5.0,2.8,-5.4,-8.5,0,13608,0,228,0, 
7.5633,13.5,-3.9,-10.5,-4.8,3.3,1.1,-6.9,0,13614,0,229,0, 
7.5667,7.6,-1.8,-5.8,-3.3,5.0,9.7,-3.8,0,13620,0,230,0, 
7.5700,3.2,1.1,0.1,-1.5,5.8,13.9,-1.0,0,13626,0,231,0, 
7.5733,2.0,2.7,2.4,-0.3,4.6,10.3,0.0,0,13632,0,232,0, 
7.5767,3.4,2.3,-0.2,-0.1,2.0,1.2,-0.3,0,13638,0,233,0, 
7.5800,5.3,1.3,-4.3,-0.6,-0.4,-7.5,-0.5,0,13644,0,234,0, 
7.5833,5.8,1.7,-5.2,-0.9,-1.4,-11.3,0.5,0,13650,0,235,0, 
7.5867,4.2,4.0,-0.8,-0.7,-0.4,-10.0,2.7,0,13656,0,236,0, 
7.5900,2.0,7.2,6.0,0.4,1.8,-7.5,4.6,0,13662,0,237,0, 
7.5933,0.9,9.1,10.3,2.0,4.0,-7.4,5.3,0,13668,0,238,0, 
7.5967,2.1,8.8,9.2,3.7,5.3,-9.5,4.7,0,13674,0,239,0, 
7.6000,4.9,6.9,4.3,5.1,5.4,-9.6,4.6,0,13680,0,240,0, 
7.6033,7.7,5.3,0.4,5.8,4.8,-3.8,6.2,0,13686,0,241,0, 
7.6067,9.0,5.1,0.8,5.6,4.5,7.5,9.6,0,13692,0,242,0, 
7.6100,8.5,5.9,4.6,4.3,5.2,18.7,13.3,0,13698,0,243,0, 
7.6133,7.6,6.4,7.9,2.1,6.5,22.8,15.1,0,13704,0,244,0, 
7.6167,7.8,5.6,7.7,-0.2,7.3,16.6,14.2,0,13710,0,245,0, 
7.6200,9.5,4.0,4.3,-1.4,6.4,3.9,11.3,0,13716,0,246,0, 
7.6233,11.7,2.7,1.4,-1.2,4.2,-7.2,8.7,0,13722,0,247,0, 
7.6267,12.8,2.5,1.2,0.3,2.2,-10.1,7.9,0,13728,0,248,0, 
7.6300,11.8,3.1,3.0,1.7,2.6,-4.0,9.2,0,13734,0,249,0, 
7.6333,9.7,3.4,3.3,2.1,5.7,5.6,11.2,0,13740,0,250,0, 
7.6367,8.6,2.8,0.1,1.7,9.6,11.4,12.4,0,13746,0,251,0, 
7.6400,9.9,2.3,-4.2,1.4,11.3,9.6,12.1,0,13752,0,252,0, 
7.6433,13.5,3.4,-4.4,2.6,8.9,2.7,10.9,0,13758,0,253,0, 
7.6467,17.5,6.4,2.5,5.3,3.4,-2.7,10.2,0,13764,0,254,0, 
7.6500,19.4,10.0,13.6,8.0,-1.5,-1.2,10.7,0,13770,0,255,0, 
7.6533,18.2,12.1,21.7,8.6,-2.3,7.5,12.1,0,13776,0,0,0, 
7.6567,14.9,11.4,20.8,6.2,1.3,18.5,13.4,0,13782,0,1,0, 
7.6600,11.5,8.8,11.5,1.9,6.4,25.2,13.7,0,13788,0,2,0, 
7.6633,10.0,6.7,0.3,-1.7,8.8,23.9,13.2,0,13794,0,3,0, 
7.6667,10.5,6.7,-5.0,-2.5,6.6,15.9,12.3,0,13800,0,4,0, 
7.6700,11.8,8.7,-1.9,-0.2,1.8,6.4,11.9,0,13806,0,5,0, 
7.6733,12.1,10.5,5.3,3.3,-1.4,0.8,12.1,0,13812,0,6,0, 
7.6767,10.4,10.2,10.0,5.7,0.2,1.6,11.9,0,13818,0,7,0, 
7.6800,7.0,7.8,8.9,5.8,5.8,6.9,10.7,0,13824,0,8,0, 
7.6833,3.2,4.9,4.3,4.3,11.5,12.4,7.9,0,13830,0,9,0, 
7.6867,0.6,3.4,0.7,2.7,13.1,14.0,3.9,0,13836,0,10,0, 
7.6900,0.1,3.8,1.0,1.8,9.6,10.3,0.1,0,13842,0,11,0, 
7.6933,1.4,4.7,3.1,1.5,4.0,3.3,-2.1,0,13848,0,12,0, 
7.6967,3.6,4.8,3.4,1.4,0.0,-3.1,-1.6,0,13854,0,13,0, 
7.7000,5.8,4.0,0.4,1.3,-0.1,-5.3,1.5,0,13860,0,14,0, 
7.7033,7.2,3.7,-3.2,1.9,2.3,-2.3,6.0,0,13866,0,15,0, 
7.7067,7.3,5.2,-3.5,3.8,3.9,4.0,10.0,0,13872,0,16,0, 
7.7100,6.2,8.3,0.7,6.5,2.8,10.2,11.7,0,13878,0,17,0, 
7.7133,4.3,11.3,6.4,8.6,0.0,13.4,10.5,0,13884,0,18,0, 
7.7167,2.3,12.0,8.9,8.7,-1.9,12.7,7.5,0,13890,0,19,0, 
7.7200,1.1,10.0,6.0,6.7,-1.3,9.7,4.9,0,13896,0,20,0, 
7.7233,1.2,7.1,0.3,3.9,0.9,6.5,4.5,0,13902,0,21,0, 
7.7267,2.9,5.8,-2.8,2.1,2.0,4.0,6.2,0,13908,0,22,0, 
7.7300,5.5,7.2,0.3,2.3,0.5,2.1,8.3,0,13914,0,23,0, 
7.7333,7.7,10.5,8.8,3.9,-2.6,-0.1,8.7,0,13920,0,24,0, 
7.7367,8.4,13.4,17.9,5.6,-4.5,-2.1,6.8,0,13926,0,25,0, 
7.7400,7.8,14.2,22.6,6.3,-3.0,-2.6,4.1,0,13932,0,26,0, 
7.7433,7.1,13.0,20.8,6.1,0.8,0.1,3.2,0,13938,0,27,0, 
7.7467,7.9,11.2,14.2,5.3,3.8,5.5,6.1,0,13944,0,28,0, 
7.7500,10.6,10.5,6.8,4.8,3.3,11.2,11.9,0,13950,0,29,0, 
7.7533,13.9,11.0,2.4,4.6,-0.6,14.0,17.9,0,13956,0,30,0, 
7.7567,15.4,11.5,2.3,4.7,-4.7,12.5,21.1,0,13962,0,31,0, 
7.7600,13.4,10.7,5.5,4.7,-5.6,8.1,19.7,0,13968,0,32,0, 
7.7633,8.1,7.9,9.3,4.5,-2.8,3.8,14.6,0,13974,0,33,0, 
7.7667,1.9,3.7,10.3,4.0,1.3,1.7,7.8,0,13980,0,34,0, 
7.7700,-2.3,-0.3,6.4,3.0,3.4,0.9,1.8,0,13986,0,35,0, 
7.7733,-2.9,-2.9,-1.9,1.3,1.9,-1.2,-1.9,0,13992,0,36,0, 
7.7767,-0.8,-3.2,-11.3,-0.6,-1.9,-6.2,-3.1,0,13998,0,37,0, 
7.7800,2.0,-1.3,-16.9,-2.1,-5.4,-13.0,-2.2,0,14004,0,38,0, 
7.7833,3.5,2.3,-15.3,-2.5,-6.8,-17.9,0.0,0,14010,0,39,0, 
7.7867,3.4,6.4,-6.6,-1.7,-6.7,-17.8,2.3,0,14016,0,40,0, 
7.7900,2.4,9.9,4.8,-0.4,-6.4,-12.6,3.7,0,14022,0,41,0, 
7.7933,1.8,11.8,12.8,0.3,-6.5,-5.7,3.8,0,14028,0,42,0, 
7.7967,1.8,12.0,13.3,-0.4,-6.3,-1.2,3.0,0,14034,0,43,0, 
7.8000,2.0,10.8,6.8,-2.2,-4.7,-1.1,2.5,0,14040,0,44,0, 
7.8033,1.5,9.3,-1.9,-3.7,-2.2,-3.7,3.2,0,14046,0,45,0, 
7.8067,0.0,8.2,-7.2,-3.8,-0.6,-5.5,5.2,0,14052,0,46,0, 
7.8100,-2.2,7.9,-5.9,-2.1,-1.9,-3.9,7.6,0,14058,0,47,0, 
7.8133,-4.2,7.9,0.5,0.2,-5.7,0.5,9.2,0,14064,0,48,0, 
7.8167,-5.5,7.5,7.1,1.8,-9.5,4.8,9.0,0,14070,0,49,0, 
7.8200,-6.1,6.3,9.3,1.6,-10.2,5.7,7.1,0,14076,0,50,0, 
7.8233,-6.4,4.3,5.4,-0.1,-6.8,2.1,4.0,0,14082,0,51,0, 
7.8267,-6.7,1.7,-2.2,-2.0,-1.4,-4.9,0.4,0,14088,0,52,0, 
7.8300,-7.4,-1.1,-9.0,-3.0,2.4,-12.2,-3.0,0,14094,0,53,0, 
7.8333,-8.2,-3.8,-12.0,-2.8,2.3,-16.9,-5.6,0,14100,0,54,0, 
7.8367,-8.4,-6.2,-11.2,-2.1,-0.9,-17.5,-6.6,0,14106,0,55,0, 
7.8400,-7.4,-7.6,-9.0,-2.1,-4.7,-14.5,-5.4,0,14112,0,56,0, 
7.8433,-4.5,-7.5,-7.5,-3.1,-6.9,-9.5,-2.4,0,14118,0,57,0, 
7.8467,-0.3,-5.8,-6.9,-4.1,-7.2,-4.8,1.2,0,14124,0,58,0, 
7.8500,3.6,-3.1,-5.8,-4.2,-6.6,-2.0,3.4,0,14130,0,59,0, 
7.8533,5.8,-0.5,-3.2,-2.8,-6.1,-1.3,3.0,0,14136,0,60,0, 
7.8567,5.2,0.3,-0.8,-1.0,-5.5,-1.9,0.1,0,14142,0,61,0, 
7.8600,2.3,-1.7,-1.3,-0.5,-4.3,-2.4,-3.7,0,14148,0,62,0, 
7.8633,-1.4,-6.2,-6.4,-1.9,-2.8,-1.8,-6.3,0,14154,0,63,0, 
7.8667,-4.6,-11.4,-14.0,-4.5,-2.2,-0.6,-6.3,0,14160,0,64,0, 
7.8700,-6.8,-14.9,-19.6,-6.3,-3.6,-0.3,-4.1,0,14166,0,65,0, 
7.8733,-8.7,-14.9,-19.3,-5.5,-6.4,-2.1,-1.3,0,14172,0,66,0, 
7.8767,-10.9,-11.7,-13.4,-2.4,-8.5,-6.2,0.3,0,14178,0,67,0, 
7.8800,-13.4,-7.3,-6.4,1.4,-7.8,-11.2,0.0,0,14184,0,68,0, 
7.8833,-15.4,-4.0,-3.4,3.6,-5.0,-14.9,-1.3,0,14190,0,69,0, 
7.8867,-15.6,-2.9,-5.9,3.5,-2.5,-15.4,-2.0,0,14196,0,70,0, 
7.8900,-13.7,-3.1,-10.5,1.8,-2.7,-12.1,-1.0,0,14202,0,71,0, 
7.8933,-10.4,-2.4,-11.7,0.3,-5.2,-6.4,1.7,0,14208,0,72,0, 
7.8967,-7.1,0.4,-6.8,0.0,-7.0,-0.6,4.6,0,14214,0,73,0, 
7.9000,-4.8,4.7,2.2,0.7,-4.8,3.0,6.1,0,14220,0,74,0, 
7.9033,-3.9,8.0,9.9,1.3,1.4,3.1,5.3,0,14226,0,75,0, 
7.9067,-3.5,8.1,11.8,1.1,7.6,0.5,3.3,0,14232,0,76,0, 
7.9100,-2.7,4.9,7.4,0.4,9.0,-2.8,2.2,0,14238,0,77,0, 
7.9133,-1.0,0.8,0.0,-0.1,4.1,-4.4,3.6,0,14244,0,78,0, 
7.9167,1.6,-1.4,-5.7,0.2,-3.9,-3.2,7.4,0,14250,0,79,0, 
7.9200,4.0,-0.7,-7.5,1.0,-9.4,0.3,11.4,0,14256,0,80,0, 
7.9233,5.1,1.5,-6.1,1.4,-8.6,4.4,12.9,0,14262,0,81,0, 
7.9267,4.2,2.4,-3.9,0.9,-2.6,7.1,10.8,0,14268,0,82,0, 
7.9300,1.4,0.5,-3.1,-0.1,4.1,7.1,6.4,0,14274,0,83,0, 
7.9333,-1.9,-3.0,-3.6,-1.1,7.2,4.8,2.9,0,14280,0,84,0, 
7.9367,-4.3,-5.0,-4.0,-1.6,5.8,1.2,2.9,0,14286,0,85,0, 
7.9400,-4.9,-3.2,-2.2,-1.8,2.5,-1.5,6.7,0,14292,0,86,0, 
7.9433,-3.8,2.1,2.1,-2.2,0.5,-2.0,12.1,0,14298,0,87,0, 
7.9467,-2.3,7.8,7.3,-2.8,1.0,0.4,15.9,0,14304,0,88,0, 
7.9500,-1.6,10.5,10.3,-3.6,2.4,5.2,16.4,0,14310,0,89,0, 
7.9533,-2.0,8.9,8.9,-4.0,2.9,10.6,13.9,0,14316,0,90,0, 
7.9567,-2.7,4.6,3.7,-3.9,2.0,14.6,10.2,0,14322,0,91,0, 
7.9600,-2.8,0.8,-1.8,-3.5,1.2,15.3,7.1,0,14328,0,92,0, 
7.9633,-1.7,0.0,-3.1,-3.1,2.0,12.5,4.9,0,14334,0,93,0, 
7.9667,-0.1,1.8,1.8,-2.4,3.9,6.9,3.0,0,14340,0,94,0, 
7.9700,1.1,4.1,10.5,-1.4,4.6,0.8,1.1,0,14346,0,95,0, 
7.9733,1.7,4.8,17.7,0.1,2.1,-3.8,-0.5,0,14352,0,96,0, 
7.9767,2.2,3.6,18.4,1.6,-3.0,-5.7,-0.7,0,14358,0,97,0, 
7.9800,3.5,1.9,12.0,2.5,-7.8,-5.2,1.1,0,14364,0,98,0, 
7.9833,5.5,1.3,2.5,2.2,-8.7,-3.2,4.4,0,14370,0,99,0, 
7.9867,7.0,2.0,-4.2,0.7,-4.7,-1.0,7.8,0,14376,0,100,0, 
7.9900,6.4,2.9,-5.2,-1.2,2.0,0.1,9.6,0,14382,0,101,0, 
7.9933,2.9,2.1,-2.1,-2.7,7.0,-0.5,8.9,0,14388,0,102,0, 
7.9967,-2.5,-0.6,0.7,-3.2,7.4,-2.7,6.4,0,14394,0,103,0, 
8.0000,-7.6,-4.3,0.0,-3.0,3.9,-5.6,3.1,0,14400,0,104,0, 
8.0033,-10.6,-7.0,-3.4,-2.5,-0.4,-7.6,0.5,0,14406,0,105,0, 
8.0067,-10.7,-7.2,-5.9,-2.1,-1.9,-7.3,-0.8,0,14412,0,106,0, 
8.0100,-8.7,-5.1,-4.4,-2.0,0.1,-4.1,-0.8,0,14418,0,107,0, 
8.0133,-5.8,-2.1,0.8,-2.0,3.4,0.9,-0.1,0,14424,0,108,0, 
8.0167,-2.8,-0.1,5.6,-2.1,5.0,5.6,0.5,0,14430,0,109,0, 
8.0200,-0.2,-0.2,6.2,-2.4,3.6,8.2,0.6,0,14436,0,110,0, 
8.0233,1.5,-2.0,1.9,-2.9,1.2,8.1,0.1,0,14442,0,111,0, 
8.0267,1.7,-4.6,-4.0,-3.4,1.0,6.1,-0.9,0,14448,0,112,0, 
8.0300,0.2,-6.5,-6.8,-3.5,4.2,3.6,-2.0,0,14454,0,113,0, 
8.0333,-2.2,-6.8,-4.0,-2.9,8.9,1.1,-2.8,0,14460,0,114,0, 
8.0367,-3.6,-5.2,2.5,-1.6,11.2,-1.1,-2.7,0,14466,0,115,0, 
8.0400,-2.7,-2.5,7.8,-0.3,8.8,-2.5,-1.6,0,14472,0,116,0, 
8.0433,0.3,0.1,8.0,0.4,2.8,-1.8,0.4,0,14478,0,117,0, 
8.0467,3.3,1.2,2.9,0.1,-2.7,1.3,2.5,0,14484,0,118,0, 
8.0500,3.6,0.5,-3.7,-0.8,-4.3,5.6,3.5,0,14490,0,119,0, 
8.0533,0.2,-1.5,-7.2,-1.6,-1.9,7.7,2.5,0,14496,0,120,0, 
8.0567,-5.6,-3.4,-5.4,-1.8,1.5,4.2,-0.8,0,14502,0,121,0, 
8.0600,-10.6,-4.1,-0.2,-1.3,2.3,-4.7,-5.1,0,14508,0,122,0, 
8.0633,-12.1,-3.3,4.4,-0.7,-0.4,-14.4,-8.7,0,14514,0,123,0, 
8.0667,-9.7,-1.8,5.1,-0.3,-4.2,-18.3,-9.9,0,14520,0,124,0, 
8.0700,-5.5,-0.5,2.3,-0.1,-6.0,-13.1,-8.4,0,14526,0,125,0, 
8.0733,-2.4,0.0,-1.1,0.4,-4.2,-1.3,-5.3,0,14532,0,126,0, 
8.0767,-1.9,-0.1,-1.7,1.3,-0.2,9.8,-2.7,0,14538,0,127,0, 
8.0800,-3.3,-0.1,0.7,2.6,3.5,13.4,-2.0,0,14544,0,128,0, 
8.0833,-4.8,-0.1,3.6,3.4,5.0,8.1,-3.4,0,14550,0,129,0, 
8.0867,-4.8,-0.4,3.9,3.3,4.7,-1.9,-5.8,0,14556,0,130,0, 
8.0900,-3.3,-1.3,0.8,2.2,3.6,-10.5,-7.7,0,14562,0,131,0, 
8.0933,-1.5,-2.6,-3.8,0.8,2.4,-13.9,-8.2,0,14568,0,132,0, 
8.0967,-0.5,-3.5,-6.8,-0.2,0.8,-12.6,-7.0,0,14574,0,133,0, 
8.1000,-0.5,-2.9,-6.5,-0.4,-1.4,-9.3,-4.6,0,14580,0,134,0, 
8.1033,-1.0,-0.8,-4.2,-0.2,-3.5,-6.0,-1.7,0,14586,0,135,0, 
8.1067,-1.5,1.9,-2.0,0.1,-3.9,-3.2,1.0,0,14592,0,136,0, 
8.1100,-1.5,3.9,-1.1,0.4,-2.0,-0.6,2.4,0,14598,0,137,0, 
8.1133,-1.2,4.4,-0.6,1.0,1.1,0.9,2.1,0,14604,0,138,0, 
8.1167,-0.9,3.7,0.9,2.1,3.3,0.5,0.3,0,14610,0,139,0, 
8.1200,-0.5,2.7,3.7,3.8,3.2,-1.6,-1.9,0,14616,0,140,0, 
8.1233,0.2,2.2,6.4,5.2,1.0,-3.2,-3.1,0,14622,0,141,0, 
8.1267,1.7,3.0,7.4,6.0,-1.6,-1.8,-2.6,0,14628,0,142,0, 
8.1300,3.9,5.0,6.6,6.0,-3.2,2.5,-0.4,0,14634,0,143,0, 
8.1333,6.6,8.0,6.2,5.7,-3.6,6.6,2.2,0,14640,0,144,0, 
8.1367,9.2,11.1,7.6,5.2,-3.5,7.1,4.2,0,14646,0,145,0, 
8.1400,11.3,13.3,10.0,4.4,-3.4,2.8,5.2,0,14652,0,146,0, 
8.1433,12.3,13.7,10.0,2.7,-2.8,-3.2,5.9,0,14658,0,147,0, 
8.1467,12.2,11.9,5.5,0.2,-1.3,-6.7,6.6,0,14664,0,148,0, 
8.1500,10.9,8.9,-2.1,-2.1,1.0,-5.2,7.3,0,14670,0,149,0, 
8.1533,8.6,6.5,-7.4,-2.7,2.5,0.0,7.5,0,14676,0,150,0, 
8.1567,5.6,6.2,-5.3,-1.1,2.4,5.3,6.9,0,14682,0,151,0, 
8.1600,2.1,8.2,4.5,2.3,0.8,7.9,5.5,0,14688,0,152,0, 
8.1633,-1.5,11.2,16.0,5.3,-0.7,7.0,3.9,0,14694,0,153,0, 
8.1667,-4.9,12.5,21.1,6.2,-1.1,3.8,2.1,0,14700,0,154,0, 
8.1700,-7.9,10.8,15.3,4.8,-1.2,-0.6,-0.3,0,14706,0,155,0, 
8.1733,-10.2,6.3,1.7,2.5,-2.6,-5.5,-4.0,0,14712,0,156,0, 
8.1767,-12.2,0.9,-11.0,1.2,-5.9,-10.0,-8.9,0,14718,0,157,0, 
8.1800,-14.1,-3.0,-15.2,1.7,-9.4,-12.6,-14.0,0,14724,0,158,0, 
8.1833,-16.1,-4.3,-9.6,3.4,-10.4,-12.1,-17.9,0,14730,0,159,0, 
8.1867,-17.9,-3.7,0.1,4.6,-7.5,-9.6,-20.0,0,14736,0,160,0, 
8.1900,-18.7,-2.9,6.0,4.3,-2.9,-8.4,-20.5,0,14742,0,161,0, 
8.1933,-18.2,-3.4,4.2,3.1,-0.5,-11.4,-20.6,0,14748,0,162,0, 
8.1967,-16.8,-5.3,-2.6,2.3,-2.9,-18.5,-21.2,0,14754,0,163,0, 
8.2000,-15.2,-7.5,-7.9,2.7,-9.0,-25.3,-22.1,0,14760,0,164,0, 
8.2033,-14.1,-8.5,-7.3,4.3,-14.1,-26.6,-22.4,0,14766,0,165,0, 
8.2067,-13.4,-7.4,-1.5,5.8,-14.4,-20.4,-20.9,0,14772,0,166,0, 
8.2100,-12.4,-4.4,4.7,6.3,-9.7,-10.1,-17.2,0,14778,0,167,0, 
8.2133,-10.1,-0.8,6.3,5.6,-3.9,-2.2,-12.0,0,14784,0,168,0, 
8.2167,-6.8,2.0,2.4,4.4,-1.2,-0.7,-6.6,0,14790,0,169,0, 
8.2200,-3.2,3.3,-3.6,3.3,-2.6,-4.7,-1.9,0,14796,0,170,0, 
8.2233,-0.8,3.2,-7.6,2.2,-5.2,-9.1,1.7,0,14802,0,171,0, 
8.2267,0.2,2.9,-7.8,0.8,-5.4,-9.5,4.4,0,14808,0,172,0, 
8.2300,0.2,3.2,-5.8,-0.9,-2.2,-5.4,6.6,0,14814,0,173,0, 
8.2333,0.2,4.3,-4.0,-2.1,1.8,0.3,8.6,0,14820,0,174,0, 
8.2367,0.8,5.8,-3.4,-2.0,3.3,4.2,10.1,0,14826,0,175,0, 
8.2400,1.8,6.9,-2.5,-0.2,1.0,5.5,10.8,0,14832,0,176,0, 
8.2433,2.5,7.4,1.2,2.3,-2.6,5.5,10.1,0,14838,0,177,0, 
8.2467,2.8,8.1,7.9,4.1,-4.1,5.7,8.2,0,14844,0,178,0, 
8.2500,3.2,9.6,14.9,4.3,-2.3,5.4,5.7,0,14850,0,179,0, 
8.2533,4.8,12.1,18.2,3.3,0.8,2.6,3.4,0,14856,0,180,0, 
8.2567,7.7,14.3,15.6,2.5,1.8,-3.5,1.9,0,14862,0,181,0, 
8.2600,11.2,14.7,8.7,3.2,-0.9,-10.6,1.0,0,14868,0,182,0, 
8.2633,13.6,12.8,1.8,5.3,-5.7,-14.9,0.1,0,14874,0,183,0, 
8.2667,13.8,9.1,-0.6,7.9,-9.3,-14.1,-1.8,0,14880,0,184,0, 
8.2700,11.8,5.7,2.9,9.3,-9.9,-9.4,-4.9,0,14886,0,185,0, 
8.2733,8.4,4.2,9.9,9.0,-8.0,-4.8,-8.2,0,14892,0,186,0, 
8.2767,5.0,4.4,16.1,7.3,-6.0,-3.6,-10.5,0,14898,0,187,0, 
8.2800,2.3,4.9,17.6,5.2,-5.4,-5.5,-10.9,0,14904,0,188,0, 
8.2833,0.4,3.9,13.3,3.2,-5.5,-7.4,-10.0,0,14910,0,189,0, 
8.2867,-1.2,0.6,4.8,1.3,-4.5,-6.0,-9.2,0,14916,0,190,0, 
8.2900,-2.8,-3.8,-4.6,-1.0,-1.8,-0.9,-9.8,0,14922,0,191,0, 
8.2933,-4.2,-7.4,-11.9,-3.9,1.5,4.4,-11.7,0,14928,0,192,0, 
8.2967,-5.1,-8.9,-15.6,-6.7,3.5,5.9,-13.3,0,14934,0,193,0, 
8.3000,-5.2,-8.3,-15.4,-8.6,2.9,2.2,-12.9,0,14940,0,194,0, 
8.3033,-4.5,-6.9,-12.2,-8.9,0.7,-4.4,-10.2,0,14946,0,195,0, 
8.3067,-3.1,-6.2,-7.3,-7.8,-1.2,-9.8,-6.6,0,14952,0,196,0, 
8.3100,-1.2,-6.6,-2.7,-6.2,-1.5,-11.5,-4.2,0,14958,0,197,0, 
8.3133,0.7,-7.7,0.1,-5.0,-0.7,-10.1,-4.0,0,14964,0,198,0, 
8.3167,2.4,-8.5,0.0,-4.5,-0.2,-8.2,-5.1,0,14970,0,199,0, 
8.3200,3.7,-8.0,-2.2,-4.5,-0.9,-7.5,-5.3,0,14976,0,200,0, 
8.3233,4.6,-6.1,-4.6,-4.1,-2.3,-7.5,-3.4,0,14982,0,201,0, 
8.3267,5.5,-3.2,-4.7,-3.1,-3.2,-6.4,0.2,0,14988,0,202,0, 
8.3300,6.5,0.0,-1.7,-1.6,-3.3,-3.7,3.2,0,14994,0,203,0, 
8.3333,7.7,2.7,3.1,-0.2,-3.5,-0.9,3.6,0,15000,0,204,0, 
8.3367,8.7,4.4,6.8,0.7,-4.8,-0.4,1.2,0,15006,0,205,0, 
8.3400,8.8,4.9,6.9,0.9,-7.2,-2.9,-2.1,0,15012,0,206,0, 
8.3433,7.7,4.1,3.0,0.7,-9.5,-6.7,-4.3,0,15018,0,207,0, 
8.3467,5.5,2.3,-2.3,0.4,-9.7,-8.6,-4.6,0,15024,0,208,0, 
8.3500,2.8,0.3,-6.0,0.1,-7.4,-7.1,-4.0,0,15030,0,209,0, 
8.3533,0.5,-1.1,-6.0,-0.2,-3.9,-3.1,-3.9,0,15036,0,210,0, 
8.3567,-0.5,-1.5,-3.2,-0.3,-1.7,0.4,-4.8,0,15042,0,211,0, 
8.3600,-0.2,-0.6,0.0,0.1,-2.2,1.3,-5.9,0,15048,0,212,0, 
8.3633,1.2,1.3,1.4,1.0,-4.8,-0.3,-5.5,0,15054,0,213,0, 
8.3667,3.0,3.9,1.1,2.0,-7.4,-1.9,-3.1,0,15060,0,214,0, 
8.3700,4.4,6.4,0.9,2.6,-8.0,-1.6,0.2,0,15066,0,215,0, 
8.3733,5.2,8.2,2.6,2.5,-6.1,1.1,2.6,0,15072,0,216,0, 
8.3767,5.6,8.9,6.3,1.5,-3.0,4.4,3.1,0,15078,0,217,0, 
8.3800,6.3,8.1,9.8,0.2,-0.4,6.3,2.0,0,15084,0,218,0, 
8.3833,7.8,6.0,10.2,-1.0,0.7,6.2,0.6,0,15090,0,219,0, 
8.3867,10.0,3.4,6.7,-1.9,0.4,4.7,0.0,0,15096,0,220,0, 
8.3900,12.7,1.6,0.8,-2.8,-0.4,3.5,0.6,0,15102,0,221,0, 
8.3933,15.0,1.5,-4.2,-3.7,-1.4,3.7,1.8,0,15108,0,222,0, 
8.3967,16.6,3.2,-5.8,-4.4,-2.6,5.6,3.2,0,15114,0,223,0, 
8.4000,17.4,5.9,-3.2,-4.2,-4.1,8.8,4.5,0,15120,0,224,0, 
8.4033,17.6,8.5,2.1,-3.1,-5.5,12.5,5.9,0,15126,0,225,0, 
8.4067,17.5,10.1,7.7,-1.5,-5.7,16.0,7.4,0,15132,0,226,0, 
8.4100,17.0,10.7,11.6,-0.5,-3.5,18.6,9.0,0,15138,0,227,0, 
8.4133,16.3,11.1,12.7,-0.8,1.1,19.4,10.5,0,15144,0,228,0, 
8.4167,15.3,11.9,10.9,-2.2,6.5,18.5,12.3,0,15150,0,229,0, 
8.4200,14.3,13.1,6.9,-3.7,10.1,16.3,14.5,0,15156,0,230,0, 
8.4233,13.6,14.1,2.1,-4.1,9.9,14.1,16.9,0,15162,0,231,0, 
8.4267,13.0,13.9,-2.0,-3.2,6.4,12.9,18.6,0,15168,0,232,0, 
8.4300,11.6,12.3,-3.7,-1.9,1.8,13.2,18.7,0,15174,0,233,0, 
8.4333,9.0,10.2,-2.7,-1.1,-0.5,14.7,16.9,0,15180,0,234,0, 
8.4367,5.2,8.7,0.4,-1.2,1.0,16.5,13.8,0,15186,0,235,0, 
8.4400,1.1,8.5,3.6,-1.6,5.2,17.5,10.9,0,15192,0,236,0, 
8.4433,-1.8,9.4,5.0,-1.4,9.2,17.0,9.3,0,15198,0,237,0, 
8.4467,-2.5,10.2,3.7,-0.3,10.1,14.8,9.3,0,15204,0,238,0, 
8.4500,-1.2,10.2,0.4,1.0,7.5,11.8,10.3,0,15210,0,239,0, 
8.4533,1.0,9.3,-3.4,1.5,3.1,9.4,11.0,0,15216,0,240,0, 
8.4567,2.8,8.4,-5.7,1.1,-0.6,8.9,10.7,0,15222,0,241,0, 
8.4600,3.4,8.6,-5.0,0.6,-1.9,10.8,9.6,0,15228,0,242,0, 
8.4633,3.1,10.3,-1.7,1.1,-0.9,14.2,8.4,0,15234,0,243,0, 
8.4667,2.7,13.0,3.1,2.9,1.0,17.2,7.8,0,15240,0,244,0, 
8.4700,2.9,15.5,7.2,5.0,2.4,17.6,8.1,0,15246,0,245,0, 
8.4733,3.9,16.8,8.9,5.7,2.6,14.3,8.7,0,15252,0,246,0, 
8.4767,5.1,16.2,7.6,4.0,1.8,8.0,8.8,0,15258,0,247,0, 
8.4800,5.7,14.0,4.1,0.7,0.6,1.2,7.9,0,15264,0,248,0, 
8.4833,4.8,10.7,0.0,-2.5,-0.2,-2.9,6.4,0,15270,0,249,0, 
8.4867,2.4,7.0,-3.4,-4.2,0.0,-2.3,5.3,0,15276,0,250,0, 
8.4900,-0.9,3.7,-5.4,-4.0,1.4,2.8,5.7,0,15282,0,251,0, 
8.4933,-3.7,1.3,-6.0,-2.7,3.4,9.2,7.7,0,15288,0,252,0, 
8.4967,-4.6,0.7,-5.4,-1.3,4.5,12.8,10.2,0,15294,0,253,0, 
8.5000,-2.7,2.3,-3.6,-0.6,3.4,11.1,12.0,0,15300,0,254,0, 
8.5033,1.5,6.0,-0.5,-0.3,-0.1,5.2,12.8,0,15306,0,255,0, 
8.5067,6.3,10.8,3.0,-0.3,-3.7,-0.1,13.1,0,15312,0,0,0, 
8.5100,9.5,15.2,5.6,-0.2,-4.3,-0.2,14.2,0,15318,0,1,0, 
8.5133,9.9,18.0,6.5,-0.1,-0.2,6.3,16.4,0,15324,0,2,0, 
8.5167,7.6,18.8,6.2,0.4,7.4,15.9,19.0,0,15330,0,3,0, 
8.5200,4.3,18.6,6.2,1.8,13.8,22.2,20.4,0,15336,0,4,0, 
8.5233,2.2,18.7,8.1,4.2,14.7,20.9,19.6,0,15342,0,5,0, 
8.5267,2.7,19.9,11.6,6.9,8.9,12.8,16.9,0,15348,0,6,0, 
8.5300,5.6,21.7,14.3,8.7,-0.2,3.4,14.2,0,15354,0,7,0, 
8.5333,9.4,22.6,13.5,8.5,-6.7,-1.1,12.9,0,15360,0,8,0, 
8.5367,11.9,21.2,8.6,6.4,-6.8,1.8,13.2,0,15366,0,9,0, 
8.5400,11.9,17.4,1.6,3.6,-1.1,8.7,14.0,0,15372,0,10,0, 
8.5433,9.7,12.7,-3.5,1.5,5.6,14.0,13.8,0,15378,0,11,0, 
8.5467,6.7,9.3,-4.2,0.6,8.7,13.6,11.9,0,15384,0,12,0, 
8.5500,4.5,8.7,-0.5,0.5,6.9,8.2,9.2,0,15390,0,13,0, 
8.5533,3.6,10.9,4.6,0.2,2.7,1.9,7.3,0,15396,0,14,0, 
8.5567,3.8,14.6,8.4,-0.2,0.0,-1.1,7.5,0,15402,0,15,0, 
8.5600,4.1,17.9,9.4,-0.2,0.5,0.1,9.7,0,15408,0,16,0, 
8.5633,3.9,19.4,8.3,0.7,2.8,3.1,12.4,0,15414,0,17,0, 
8.5667,3.3,18.6,6.5,2.0,3.8,4.6,13.6,0,15420,0,18,0, 
8.5700,2.4,16.2,4.5,2.9,1.9,3.4,12.2,0,15426,0,19,0, 
8.5733,1.4,13.2,2.1,2.6,-1.5,1.1,8.5,0,15432,0,20,0, 
8.5767,0.2,10.7,-0.7,1.4,-3.4,0.1,4.3,0,15438,0,21,0, 
8.5800,-1.2,9.8,-2.8,0.6,-2.2,0.9,1.6,0,15444,0,22,0, 
8.5833,-2.6,10.6,-2.5,1.4,1.0,1.5,1.4,0,15450,0,23,0, 
8.5867,-3.0,12.9,0.9,3.5,3.1,-0.6,3.1,0,15456,0,24,0, 
8.5900,-1.8,15.2,5.7,6.0,1.8,-5.8,5.2,0,15462,0,25,0, 
8.5933,0.7,16.3,9.3,7.3,-1.9,-11.3,6.2,0,15468,0,26,0, 
8.5967,3.4,15.2,9.4,7.0,-4.7,-12.5,5.9,0,15474,0,27,0, 
8.6000,5.3,12.5,6.1,5.6,-3.7,-7.4,5.1,0,15480,0,28,0, 
8.6033,5.8,9.4,1.4,4.1,0.8,1.9,4.8,0,15486,0,29,0, 
8.6067,5.9,7.3,-2.3,2.9,5.6,9.7,5.5,0,15492,0,30,0, 
8.6100,6.8,6.9,-4.0,1.6,7.0,10.9,6.4,0,15498,0,31,0, 
8.6133,9.3,8.0,-4.1,0.2,3.8,5.3,6.9,0,15504,0,32,0, 
8.6167,12.9,10.1,-3.0,-1.0,-1.8,-2.5,6.8,0,15510,0,33,0, 
8.6200,16.2,12.4,-0.5,-1.0,-5.7,-6.2,7.1,0,15516,0,34,0, 
8.6233,17.5,14.6,4.3,0.8,-5.2,-2.8,8.5,0,15522,0,35,0, 
8.6267,16.5,16.2,11.2,3.9,-0.9,5.2,10.6,0,15528,0,36,0, 
8.6300,13.5,16.8,18.0,6.9,3.8,11.6,12.1,0,15534,0,37,0, 
8.6333,9.6,15.8,21.4,8.4,5.9,12.1,11.6,0,15540,0,38,0, 
8.6367,5.7,13.3,19.0,7.9,4.6,6.5,8.9,0,15546,0,39,0, 
8.6400,2.3,10.0,11.8,6.5,1.7,-1.1,5.8,0,15552,0,40,0, 
8.6433,-0.3,7.1,3.8,5.4,-0.2,-6.1,4.0,0,15558,0,41,0, 
8.6467,-2.0,5.8,-0.5,5.7,0.1,-6.8,4.2,0,15564,0,42,0, 
8.6500,-2.6,6.3,0.7,7.2,2.2,-5.2,5.3,0,15570,0,43,0, 
8.6533,-2.4,7.7,5.4,8.6,4.1,-4.0,5.2,0,15576,0,44,0, 
8.6567,-2.0,8.7,9.1,8.7,4.4,-4.7,2.8,0,15582,0,45,0, 
8.6600,-2.1,8.2,8.2,6.8,2.9,-6.5,-1.1,0,15588,0,46,0, 
8.6633,-2.7,6.0,2.2,3.6,0.3,-7.8,-4.5,0,15594,0,47,0, 
8.6667,-3.3,2.5,-5.3,0.4,-2.1,-7.8,-5.9,0,15600,0,48,0, 
8.6700,-3.6,-1.2,-10.1,-1.3,-3.3,-6.9,-5.5,0,15606,0,49,0, 
8.6733,-3.4,-4.4,-9.3,-1.1,-2.7,-5.5,-5.1,0,15612,0,50,0, 
8.6767,-3.1,-6.6,-4.0,0.4,-0.1,-3.5,-6.1,0,15618,0,51,0, 
8.6800,-3.1,-7.6,1.7,1.9,4.0,0.1,-8.6,0,15624,0,52,0, 
8.6833,-3.4,-7.8,3.8,2.3,8.2,4.7,-10.7,0,15630,0,53,0, 
8.6867,-3.3,-7.3,0.8,1.5,10.8,8.6,-10.4,0,15636,0,54,0, 
8.6900,-1.9,-6.2,-4.8,0.6,10.2,9.1,-7.5,0,15642,0,55,0, 
8.6933,0.8,-4.2,-8.0,0.7,6.6,5.1,-3.5,0,15648,0,56,0, 
8.6967,4.1,-1.2,-5.0,2.5,1.5,-1.4,-0.8,0,15654,0,57,0, 
8.7000,6.7,2.5,4.0,5.0,-2.6,-6.7,-0.7,0,15660,0,58,0, 
8.7033,7.6,5.6,14.7,7.0,-3.9,-7.6,-2.4,0,15666,0,59,0, 
8.7067,6.8,6.9,20.8,7.1,-2.3,-3.8,-3.8,0,15672,0,60,0, 
8.7100,5.0,5.3,18.1,5.3,0.5,2.1,-3.4,0,15678,0,61,0, 
8.7133,3.1,1.3,7.3,2.3,2.6,6.4,-1.2,0,15684,0,62,0, 
8.7167,1.7,-3.6,-6.5,-0.6,3.1,7.4,1.0,0,15690,0,63,0, 
8.7200,0.9,-7.1,-16.7,-2.9,2.3,5.4,1.5,0,15696,0,64,0, 
8.7233,0.5,-7.8,-19.4,-4.3,1.4,2.7,0.0,0,15702,0,65,0, 
8.7267,0.2,-5.9,-15.3,-5.1,0.9,0.8,-2.2,0,15708,0,66,0, 
8.7300,-0.2,-3.0,-8.3,-5.1,0.5,0.2,-3.6,0,15714,0,67,0, 
8.7333,-0.9,-0.8,-2.9,-4.2,-0.3,0.4,-3.3,0,15720,0,68,0, 
8.7367,-2.3,-0.3,-1.8,-2.7,-1.6,1.0,-2.3,0,15726,0,69,0, 
8.7400,-4.3,-1.6,-4.2,-1.2,-2.5,1.8,-2.1,0,15732,0,70,0, 
8.7433,-6.4,-3.5,-7.6,-0.5,-2.2,2.6,-3.4,0,15738,0,71,0, 
8.7467,-8.1,-5.0,-9.3,-0.8,-0.6,2.6,-5.9,0,15744,0,72,0, 
8.7500,-8.7,-5.4,-7.9,-1.7,0.8,0.7,-8.2,0,15750,0,73,0, 
8.7533,-8.4,-5.1,-4.2,-2.3,0.3,-3.8,-9.5,0,15756,0,74,0, 
8.7567,-8.2,-4.5,-0.2,-1.9,-2.6,-9.5,-9.8,0,15762,0,75,0, 
8.7600,-9.1,-4.6,1.7,-1.0,-6.5,-14.1,-9.9,0,15768,0,76,0, 
8.7633,-11.7,-5.7,0.6,-0.4,-9.0,-15.5,-10.8,0,15774,0,77,0, 
8.7667,-15.7,-7.9,-2.7,-1.1,-8.6,-13.7,-12.8,0,15780,0,78,0, 
8.7700,-19.9,-10.5,-6.0,-2.8,-5.9,-11.1,-15.5,0,15786,0,79,0, 
8.7733,-22.8,-12.7,-7.2,-4.9,-3.0,-10.9,-18.4,0,15792,0,80,0, 
8.7767,-23.4,-14.1,-6.1,-6.4,-2.0,-14.2,-20.9,0,15798,0,81,0, 
8.7800,-21.7,-14.7,-4.5,-7.0,-3.3,-19.0,-22.5,0,15804,0,82,0, 
8.7833,-18.5,-15.0,-4.9,-7.1,-5.4,-21.5,-22.6,0,15810,0,83,0, 
8.7867,-15.3,-15.5,-8.3,-7.0,-6.4,-18.7,-20.7,0,15816,0,84,0, 
8.7900,-13.0,-16.1,-13.3,-7.1,-5.7,-11.4,-16.8,0,15822,0,85,0, 
8.7933,-12.1,-16.6,-17.1,-6.9,-4.5,-3.7,-12.0,0,15828,0,86,0, 
8.7967,-12.3,-16.6,-17.4,-6.2,-4.6,-0.3,-8.0,0,15834,0,87,0, 
8.8000,-12.7,-16.2,-14.2,-4.7,-6.8,-3.0,-6.4,0,15840,0,88,0, 
8.8033,-12.5,-15.6,-9.3,-2.6,-10.1,-9.5,-7.3,0,15846,0,89,0, 
8.8067,-11.3,-14.6,-5.1,-0.6,-12.4,-15.4,-9.5,0,15852,0,90,0, 
8.8100,-8.7,-13.1,-3.1,0.6,-12.4,-17.1,-11.0,0,15858,0,91,0, 
8.8133,-5.2,-10.7,-3.5,0.4,-10.6,-14.3,-10.3,0,15864,0,92,0, 
8.8167,-1.2,-7.6,-5.5,-1.0,-8.3,-9.7,-7.7,0,15870,0,93,0, 
8.8200,1.9,-4.7,-7.7,-2.8,-6.9,-6.5,-4.8,0,15876,0,94,0, 
8.8233,2.9,-3.0,-8.5,-3.9,-6.5,-6.5,-3.7,0,15882,0,95,0, 
8.8267,0.9,-3.1,-6.6,-3.6,-6.6,-8.7,-5.4,0,15888,0,96,0, 
8.8300,-3.8,-4.7,-2.0,-2.2,-6.5,-11.0,-9.3,0,15894,0,97,0, 
8.8333,-9.4,-7.1,3.1,-0.7,-6.6,-12.1,-13.7,0,15900,0,98,0, 
8.8367,-13.4,-9.2,5.2,-0.6,-7.3,-11.7,-16.9,0,15906,0,99,0, 
8.8400,-14.0,-10.7,2.1,-2.3,-8.8,-10.5,-18.3,0,15912,0,100,0, 
8.8433,-11.6,-11.3,-5.2,-4.9,-9.6,-9.0,-18.4,0,15918,0,101,0, 
8.8467,-8.2,-11.0,-11.5,-6.8,-7.9,-7.4,-17.9,0,15924,0,102,0, 
8.8500,-6.5,-9.7,-11.7,-6.6,-3.2,-5.4,-17.4,0,15930,0,103,0, 
8.8533,-7.4,-7.6,-4.5,-4.2,2.9,-3.5,-16.6,0,15936,0,104,0, 
8.8567,-9.8,-5.5,5.4,-0.9,7.1,-2.4,-15.0,0,15942,0,105,0, 
8.8600,-10.9,-4.3,10.7,1.3,6.7,-2.7,-12.4,0,15948,0,106,0, 
8.8633,-9.3,-4.7,7.0,1.8,1.5,-4.1,-9.5,0,15954,0,107,0, 
8.8667,-5.5,-6.3,-3.7,0.8,-6.0,-4.9,-7.2,0,15960,0,108,0, 
8.8700,-2.0,-8.1,-14.6,-0.3,-11.8,-3.9,-6.2,0,15966,0,109,0, 
8.8733,-1.2,-9.0,-18.7,-0.6,-13.7,-1.0,-6.5,0,15972,0,110,0, 
8.8767,-4.0,-9.0,-14.6,0.1,-11.8,2.0,-7.4,0,15978,0,111,0, 
8.8800,-8.6,-8.5,-6.4,1.1,-8.5,2.4,-8.2,0,15984,0,112,0, 
8.8833,-12.5,-8.4,-0.4,1.8,-6.1,-1.6,-8.8,0,15990,0,113,0, 
8.8867,-13.7,-8.7,0.7,2.2,-5.1,-9.1,-9.5,0,15996,0,114,0, 
8.8900,-11.9,-8.5,-1.5,2.5,-5.0,-17.0,-10.2,0,16002,0,115,0, 
8.8933,-8.5,-7.1,-2.9,3.1,-4.4,-21.5,-10.4,0,16008,0,116,0, 
8.8967,-5.1,-4.0,-0.8,3.6,-3.2,-20.1,-9.4,0,16014,0,117,0, 
8.9000,-3.1,-0.4,3.7,3.4,-1.9,-13.9,-7.1,0,16020,0,118,0, 
8.9033,-2.9,2.1,7.4,2.1,-1.3,-6.1,-4.3,0,16026,0,119,0, 
8.9067,-4.2,2.4,7.2,0.1,-1.5,-1.1,-2.9,0,16032,0,120,0, 
8.9100,-6.6,-0.1,3.0,-1.8,-2.0,-1.6,-4.3,0,16038,0,121,0, 
8.9133,-9.2,-4.4,-3.4,-2.4,-2.6,-7.8,-8.5,0,16044,0,122,0, 
8.9167,-11.0,-9.1,-9.2,-1.4,-3.4,-17.1,-13.6,0,16050,0,123,0, 
8.9200,-11.6,-12.4,-12.2,0.4,-5.2,-25.6,-17.0,0,16056,0,124,0, 
8.9233,-10.6,-13.3,-12.1,2.0,-7.6,-29.4,-16.5,0,16062,0,125,0, 
8.9267,-8.5,-11.3,-9.5,2.5,-9.4,-26.2,-12.0,0,16068,0,126,0, 
8.9300,-5.7,-7.5,-6.0,1.6,-9.1,-16.7,-4.9,0,16074,0,127,0, 
8.9333,-2.5,-3.2,-3.4,0.0,-5.9,-4.3,2.3,0,16080,0,128,0, 
8.9367,0.7,-0.3,-2.5,-1.5,-0.9,6.2,7.6,0,16086,0,129,0, 
8.9400,3.5,0.4,-3.3,-2.3,3.6,11.1,10.1,0,16092,0,130,0, 
8.9433,5.1,-0.9,-4.2,-2.2,5.6,9.4,10.0,0,16098,0,131,0, 
8.9467,5.0,-3.4,-4.1,-1.7,4.5,3.5,8.0,0,16104,0,132,0, 
8.9500,3.4,-5.9,-3.0,-1.3,1.4,-2.7,5.1,0,16110,0,133,0, 
8.9533,1.6,-8.4,-2.4,-1.6,-1.9,-6.6,1.9,0,16116,0,134,0, 
8.9567,0.5,-11.0,-4.3,-2.6,-4.0,-7.8,-1.5,0,16122,0,135,0, 
8.9600,0.7,-14.3,-8.6,-3.9,-4.4,-7.9,-5.0,0,16128,0,136,0, 
8.9633,1.2,-17.7,-12.7,-4.8,-3.7,-8.2,-8.7,0,16134,0,137,0, 
8.9667,1.1,-20.1,-13.2,-4.7,-2.8,-9.4,-12.3,0,16140,0,138,0, 
8.9700,0.1,-20.4,-8.7,-3.5,-2.0,-10.6,-15.0,0,16146,0,139,0, 
8.9733,-1.1,-18.5,-1.6,-1.6,-1.5,-11.3,-16.3,0,16152,0,140,0, 
8.9767,-1.1,-14.9,3.9,0.1,-1.1,-11.3,-15.7,0,16158,0,141,0, 
8.9800,0.7,-11.2,4.5,1.1,-0.8,-11.0,-13.3,0,16164,0,142,0, 
8.9833,3.5,-8.2,0.7,1.3,-0.6,-10.5,-10.1,0,16170,0,143,0, 
8.9867,5.7,-6.2,-3.7,1.1,-0.7,-9.9,-6.9,0,16176,0,144,0, 
8.9900,6.3,-4.8,-5.2,1.2,-1.1,-9.3,-4.6,0,16182,0,145,0, 
8.9933,5.5,-3.7,-3.1,1.7,-1.6,-9.2,-3.2,0,16188,0,146,0, 
8.9967,4.6,-2.5,0.3,2.3,-2.0,-9.9,-2.0,0,16194,0,147,0, 
9.0000,4.3,-1.3,2.6,2.7,-2.5,-10.3,-0.6,0,16200,0,148,0, 
9.0033,4.7,0.2,3.6,2.7,-3.0,-8.4,1.1,0,16206,0,149,0, 
9.0067,4.5,2.0,5.4,2.7,-3.7,-3.0,2.8,0,16212,0,150,0, 
9.0100,2.9,3.3,9.5,3.3,-4.3,4.2,3.8,0,16218,0,151,0, 
9.0133,0.2,3.1,14.2,4.3,-4.2,9.5,3.7,0,16224,0,152,0, 
9.0167,-2.7,0.2,15.1,5.0,-3.0,8.5,2.4,0,16230,0,153,0, 
9.0200,-4.7,-5.7,8.3,4.0,-1.0,0.6,0.3,0,16236,0,154,0, 
9.0233,-6.1,-13.0,-5.1,0.7,0.8,-10.8,-2.3,0,16242,0,155,0, 
9.0267,-7.4,-19.4,-19.1,-4.1,0.9,-20.0,-5.5,0,16248,0,156,0, 
9.0300,-9.4,-22.6,-25.9,-8.3,-1.6,-23.4,-9.0,0,16254,0,157,0, 
9.0333,-11.6,-22.2,-22.0,-10.0,-5.9,-21.5,-12.4,0,16260,0,158,1, sound 
9.0367,-13.3,-19.3,-10.5,-8.3,-10.2,-17.9,-14.6,0,16266,0,159,0, 
9.0400,-13.5,-15.9,0.9,-4.4,-12.5,-16.2,-14.9,0,16272,0,160,0, 
9.0433,-12.2,-13.3,5.0,-0.5,-12.2,-17.0,-13.3,0,16278,0,161,0, 
9.0467,-10.2,-11.3,0.3,1.2,-10.1,-18.2,-10.9,0,16284,0,162,0, 
9.0500,-8.1,-9.2,-8.9,0.2,-8.1,-17.9,-8.8,0,16290,0,163,0, 
9.0533,-6.0,-6.1,-15.5,-2.4,-7.2,-15.4,-7.3,0,16296,0,164,0, 
9.0567,-3.6,-1.7,-14.8,-4.4,-7.3,-11.7,-5.6,0,16302,0,165,0, 
9.0600,-0.9,3.4,-7.0,-4.1,-7.3,-7.6,-2.1,0,16308,0,166,0, 
9.0633,1.6,8.5,3.3,-1.3,-6.3,-2.5,3.8,0,16314,0,167,0, 
9.0667,3.3,12.9,10.7,2.4,-4.6,4.4,10.9,0,16320,0,168,0, 
9.0700,3.8,16.1,12.2,5.3,-3.0,11.9,16.8,0,16326,0,169,0, 
9.0733,3.3,17.4,8.9,5.8,-2.1,17.1,19.1,0,16332,0,170,0, 
9.0767,2.2,16.5,4.4,4.2,-1.5,17.1,17.4,0,16338,0,171,0, 
9.0800,0.8,14.0,2.8,1.7,-0.7,11.3,12.9,0,16344,0,172,0, 
9.0833,-1.1,11.2,5.7,-0.1,0.6,2.9,8.5,0,16350,0,173,0, 
9.0867,-3.6,9.3,11.5,-0.4,1.4,-3.5,6.1,0,16356,0,174,0, 
9.0900,-5.9,9.1,16.0,0.3,0.8,-4.7,6.2,0,16362,0,175,0, 
9.0933,-7.0,9.9,15.6,0.9,-0.9,-1.0,7.9,0,16368,0,176,0, 
9.0967,-6.5,10.3,9.7,0.3,-2.5,4.1,9.5,0,16374,0,177,0, 
9.1000,-4.6,9.4,1.2,-1.5,-2.7,7.3,10.0,0,16380,0,178,0, 
9.1033,-2.6,7.7,-5.3,-3.7,-1.3,7.5,9.3,0,16386,0,179,0, 
9.1067,-1.7,6.4,-6.3,-5.3,0.7,5.7,8.1,0,16392,0,180,0, 
9.1100,-1.8,6.8,-2.2,-5.7,1.4,3.9,7.1,0,16398,0,181,0, 
9.1133,-1.9,9.0,3.9,-5.0,0.7,3.1,6.7,0,16404,0,182,0, 
9.1167,-0.7,11.8,7.7,-3.9,-0.5,3.1,7.1,0,16410,0,183,0, 
9.1200,1.6,13.6,7.1,-3.2,-0.5,3.6,8.6,0,16416,0,184,0, 
9.1233,3.9,13.7,3.0,-3.0,1.2,4.5,11.1,0,16422,0,185,0, 
9.1267,4.3,12.0,-2.2,-3.0,3.6,6.2,14.2,0,16428,0,186,0, 
9.1300,2.1,9.5,-5.8,-3.0,4.7,8.6,16.5,0,16434,0,187,0, 
9.1333,-2.0,6.8,-6.9,-3.1,3.9,10.7,16.6,0,16440,0,188,0, 
9.1367,-6.2,4.6,-5.9,-3.3,1.8,10.9,13.5,0,16446,0,189,0, 
9.1400,-9.2,3.0,-4.0,-3.7,-0.3,8.3,7.7,0,16452,0,190,0, 
9.1433,-10.5,2.3,-2.2,-3.9,-1.3,3.6,1.2,0,16458,0,191,0, 
9.1467,-10.4,2.3,-1.4,-3.8,-1.7,-1.2,-3.7,0,16464,0,192,0, 
9.1500,-9.4,2.7,-1.9,-3.2,-2.4,-4.1,-5.6,0,16470,0,193,0, 
9.1533,-7.5,2.8,-3.1,-2.6,-3.6,-4.8,-5.1,0,16476,0,194,0, 
9.1567,-4.7,2.4,-4.1,-2.4,-4.9,-4.8,-4.1,0,16482,0,195,0, 
9.1600,-1.4,1.8,-3.4,-2.8,-5.3,-6.0,-4.5,0,16488,0,196,0, 
9.1633,1.3,2.0,-0.9,-3.7,-4.6,-8.7,-6.5,0,16494,0,197,0, 
9.1667,2.7,3.6,2.5,-4.5,-3.1,-11.4,-8.8,0,16500,0,198,0, 
9.1700,2.5,6.4,4.8,-4.7,-1.9,-11.3,-9.2,0,16506,0,199,0, 
9.1733,1.9,9.4,4.9,-3.9,-1.5,-7.1,-6.8,0,16512,0,200,0, 
9.1767,2.0,11.3,3.2,-2.2,-1.9,0.0,-2.3,0,16518,0,201,0, 
9.1800,3.6,11.7,1.6,0.3,-2.8,7.2,2.4,0,16524,0,202,0, 
9.1833,6.1,10.8,1.5,3.1,-3.6,11.5,5.3,0,16530,0,203,0, 
9.1867,8.2,9.3,2.5,5.8,-4.0,11.4,6.0,0,16536,0,204,0, 
9.1900,8.9,7.7,3.3,7.5,-3.7,7.8,5.0,0,16542,0,205,0, 
9.1933,8.3,6.2,2.7,7.5,-2.5,2.6,3.4,0,16548,0,206,0, 
9.1967,7.4,4.9,1.0,5.6,-0.5,-1.9,2.0,0,16554,0,207,0, 
9.2000,7.4,4.2,-0.4,2.4,1.4,-4.1,1.3,0,16560,0,208,0, 
9.2033,8.2,4.5,-0.3,-1.4,2.0,-3.3,1.3,0,16566,0,209,0, 
9.2067,8.9,5.7,0.9,-4.7,0.8,0.1,2.0,0,16572,0,210,0, 
9.2100,8.3,6.6,1.5,-6.9,-1.6,4.3,3.1,0,16578,0,211,0, 
9.2133,6.2,6.0,0.0,-8.0,-3.5,7.2,3.7,0,16584,0,212,0, 
9.2167,3.5,3.6,-3.7,-8.6,-3.7,7.2,3.0,0,16590,0,213,0, 
9.2200,1.5,0.6,-7.9,-9.1,-2.4,4.9,1.0,0,16596,0,214,0, 
9.2233,1.0,-1.0,-10.4,-9.5,-0.8,2.4,-1.2,0,16602,0,215,0, 
9.2267,1.5,0.0,-10.2,-9.8,-0.5,1.6,-2.4,0,16608,0,216,0, 
9.2300,1.7,2.6,-7.3,-9.7,-1.5,2.7,-2.2,0,16614,0,217,0, 
9.2333,0.5,4.7,-3.2,-8.9,-2.9,3.3,-1.3,0,16620,0,218,0, 
9.2367,-2.2,4.3,0.9,-7.8,-3.3,1.2,-1.4,0,16626,0,219,0, 
9.2400,-5.2,1.3,3.6,-6.6,-3.0,-3.7,-3.1,0,16632,0,220,0, 
9.2433,-7.1,-2.2,3.9,-5.3,-3.2,-8.6,-5.4,0,16638,0,221,0, 
9.2467,-7.4,-4.0,1.3,-4.1,-5.1,-9.7,-6.2,0,16644,0,222,0, 
9.2500,-6.3,-3.4,-4.2,-3.0,-8.4,-5.9,-4.5,0,16650,0,223,0, 
9.2533,-5.0,-1.7,-10.7,-2.0,-11.2,-0.4,-0.9,0,16656,0,224,0, 
9.2567,-4.2,-0.8,-15.9,-1.5,-11.7,2.2,2.3,0,16662,0,225,0, 
9.2600,-3.5,-2.0,-17.6,-1.7,-9.6,-0.6,3.1,0,16668,0,226,0, 
9.2633,-2.3,-4.5,-15.6,-2.6,-6.9,-6.8,1.1,0,16674,0,227,0, 
9.2667,-0.1,-7.2,-11.8,-4.2,-5.9,-11.5,-2.1,0,16680,0,228,0, 
9.2700,2.8,-9.4,-9.8,-6.3,-7.3,-11.3,-4.7,0,16686,0,229,0, 
9.2733,5.2,-11.4,-11.6,-8.6,-9.4,-7.6,-6.0,0,16692,0,230,0, 
9.2767,6.1,-14.2,-16.8,-10.8,-9.7,-4.5,-6.9,0,16698,0,231,0, 
9.2800,5.0,-17.7,-22.5,-12.5,-7.1,-5.6,-8.6,0,16704,0,232,0, 
9.2833,2.4,-20.8,-25.4,-13.1,-3.0,-9.9,-11.6,0,16710,0,233,0, 
9.2867,-1.0,-21.8,-23.9,-12.5,-0.3,-13.6,-15.1,0,16716,0,234,0, 
9.2900,-4.2,-20.1,-19.3,-10.9,-1.1,-13.4,-17.7,0,16722,0,235,0, 
9.2933,-6.9,-16.9,-14.4,-9.0,-4.7,-9.9,-18.7,0,16728,0,236,0, 
9.2967,-8.7,-13.9,-11.2,-7.7,-7.9,-7.1,-18.3,0,16734,0,237,0, 
9.3000,-9.9,-12.3,-9.8,-7.1,-8.0,-8.3,-16.9,0,16740,0,238,0, 
9.3033,-10.6,-11.9,-8.4,-6.7,-4.5,-12.5,-14.9,0,16746,0,239,0, 
9.3067,-11.3,-11.5,-5.5,-5.7,0.2,-15.0,-12.3,0,16752,0,240,0, 
9.3100,-12.3,-10.5,-1.8,-3.8,2.7,-11.3,-9.0,0,16758,0,241,0, 
9.3133,-13.4,-9.4,0.1,-1.7,1.4,-2.0,-5.7,0,16764,0,242,0, 
9.3167,-14.0,-9.9,-2.5,-0.8,-2.5,7.4,-3.5,0,16770,0,243,0, 
9.3200,-13.3,-12.7,-9.9,-1.8,-5.7,10.1,-3.7,0,16776,0,244,0, 
9.3233,-11.0,-17.4,-19.2,-4.6,-6.0,3.5,-6.5,0,16782,0,245,0, 
9.3267,-7.7,-22.0,-25.7,-7.6,-3.6,-8.8,-11.4,0,16788,0,246,0, 
9.3300,-4.7,-24.7,-26.4,-9.2,-0.9,-19.9,-17.0,0,16794,0,247,0, 
9.3333,-3.3,-24.9,-21.6,-8.6,-0.3,-24.5,-21.9,0,16800,0,248,0, 
9.3367,-4.0,-23.4,-15.0,-6.8,-2.1,-22.5,-25.2,0,16806,0,249,0, 
9.3400,-6.3,-21.8,-10.8,-4.9,-4.7,-17.8,-26.9,0,16812,0,250,0, 
9.3433,-9.1,-21.0,-10.8,-4.1,-5.7,-15.2,-27.4,0,16818,0,251,0, 
9.3467,-11.2,-20.7,-13.7,-4.4,-4.7,-16.7,-27.0,0,16824,0,252,0, 
9.3500,-12.2,-20.0,-16.8,-5.2,-2.9,-20.6,-25.6,0,16830,0,253,0, 
9.3533,-12.7,-18.2,-17.6,-5.7,-2.2,-23.5,-23.0,0,16836,0,254,0, 
9.3567,-13.2,-15.4,-16.0,-6.0,-3.6,-23.2,-19.5,0,16842,0,255,0, 
9.3600,-14.2,-12.4,-13.1,-6.3,-6.2,-19.9,-15.6,0,16848,0,0,0, 
9.3633,-15.4,-9.7,-10.0,-6.9,-8.4,-15.8,-12.8,0,16854,0,1,0, 
9.3667,-16.4,-7.5,-7.4,-7.5,-9.5,-12.6,-12.0,0,16860,0,2,0, 
9.3700,-16.6,-5.7,-5.7,-7.5,-9.6,-11.3,-13.5,0,16866,0,3,0, 
9.3733,-16.1,-4.6,-5.6,-6.8,-9.3,-11.5,-16.4,0,16872,0,4,0, 
9.3767,-15.1,-4.9,-7.8,-5.5,-8.7,-12.7,-19.2,0,16878,0,5,0, 
9.3800,-14.0,-7.5,-12.5,-4.6,-7.1,-14.7,-21.0,0,16884,0,6,0, 
9.3833,-12.8,-12.3,-18.4,-4.5,-4.1,-17.1,-21.7,0,16890,0,7,0, 
9.3867,-11.0,-17.8,-23.5,-5.1,-0.6,-19.2,-21.9,0,16896,0,8,0, 
9.3900,-8.6,-21.6,-25.9,-5.9,1.4,-19.7,-22.2,0,16902,0,9,0, 
9.3933,-5.6,-22.2,-25.0,-6.1,0.3,-17.6,-22.1,0,16908,0,10,0, 
9.3967,-2.6,-19.3,-21.4,-5.6,-3.5,-13.1,-20.6,0,16914,0,11,0, 
9.4000,-0.4,-14.5,-16.5,-4.4,-7.8,-7.9,-17.5,0,16920,0,12,0, 
9.4033,0.9,-10.1,-11.1,-2.9,-9.8,-4.5,-13.7,0,16926,0,13,0, 
9.4067,2.0,-7.6,-6.0,-1.5,-8.7,-4.8,-11.1,0,16932,0,14,0, 
9.4100,3.6,-7.0,-2.2,-0.4,-5.2,-8.8,-11.3,0,16938,0,15,0, 
9.4133,6.1,-7.5,-0.4,0.1,-1.5,-14.3,-14.2,0,16944,0,16,0, 
9.4167,8.9,-7.7,-0.6,0.1,0.9,-18.2,-17.6,0,16950,0,17,0, 
9.4200,11.1,-7.2,-1.7,-0.4,2.0,-18.0,-19.0,0,16956,0,18,0, 
9.4233,12.1,-6.1,-1.9,-0.8,2.4,-13.7,-16.9,0,16962,0,19,0, 
9.4267,11.9,-4.8,-0.2,-0.8,2.4,-7.9,-12.2,0,16968,0,20,0, 
9.4300,11.3,-4.0,2.4,-0.3,2.0,-4.0,-7.2,0,16974,0,21,0, 
9.4333,11.3,-3.9,3.6,0.3,0.9,-3.7,-4.0,0,16980,0,22,0, 
9.4367,11.6,-4.2,2.0,0.6,-0.4,-5.5,-2.6,0,16986,0,23,0, 
9.4400,11.6,-4.3,-1.3,0.4,-1.0,-5.5,-1.7,0,16992,0,24,0, 
9.4433,10.9,-3.7,-3.3,-0.2,0.0,-0.9,0.7,0,16998,0,25,0, 
9.4467,9.7,-1.8,-1.6,-0.8,2.0,7.2,5.2,0,17004,0,26,0, 
9.4500,9.2,1.3,3.2,-1.2,3.2,14.0,10.5,0,17010,0,27,0, 
9.4533,10.4,5.2,8.1,-1.5,2.5,14.6,14.5,0,17016,0,28,0, 
9.4567,13.0,8.9,9.8,-1.5,0.3,8.2,15.6,0,17022,0,29,0, 
9.4600,15.4,11.7,8.0,-1.0,-1.2,-0.4,14.3,0,17028,0,30,0, 
9.4633,16.1,13.5,5.6,0.3,0.6,-4.2,12.0,0,17034,0,31,0, 
9.4667,14.2,14.1,5.7,2.2,6.1,0.2,10.5,0,17040,0,32,0, 
9.4700,10.8,13.8,8.6,4.2,13.0,10.0,10.1,0,17046,0,33,0, 
9.4733,7.7,12.5,11.8,5.6,17.4,17.7,10.1,0,17052,0,34,0, 
9.4767,6.0,10.2,12.1,5.8,16.9,17.7,9.5,0,17058,0,35,0, 
9.4800,5.6,7.1,8.6,5.3,11.9,10.2,7.8,0,17064,0,36,0, 
9.4833,4.9,3.6,3.9,4.7,5.4,1.1,5.5,0,17070,0,37,0, 
9.4867,2.7,0.0,1.2,4.5,1.1,-3.4,3.4,0,17076,0,38,0, 
9.4900,-0.8,-3.4,1.5,4.4,0.6,-1.8,2.1,0,17082,0,39,0, 
9.4933,-4.2,-6.9,2.6,3.7,2.7,1.9,1.4,0,17088,0,40,0, 
9.4967,-5.7,-10.2,1.7,2.0,4.7,2.8,0.7,0,17094,0,41,0, 
9.5000,-4.9,-12.8,-1.5,-0.1,5.1,-0.2,-0.1,0,17100,0,42,0, 
9.5033,-2.8,-14.2,-4.7,-1.6,4.1,-3.1,-0.9,0,17106,0,43,0, 
9.5067,-1.5,-14.1,-5.2,-1.7,3.7,-0.7,-0.9,0,17112,0,44,0, 
9.5100,-2.3,-13.1,-3.0,-0.5,5.3,8.0,0.3,0,17118,0,45,0, 
9.5133,-5.1,-12.3,-1.3,0.9,8.4,18.1,2.4,0,17124,0,46,0, 
9.5167,-8.4,-11.9,-2.9,1.6,11.0,22.2,4.9,0,17130,0,47,0, 
9.5200,-10.6,-11.8,-7.5,1.3,11.3,16.8,6.5,0,17136,0,48,0, 
9.5233,-11.1,-11.1,-11.1,0.9,8.7,5.4,6.5,0,17142,0,49,0, 
9.5267,-10.6,-9.6,-9.8,1.1,4.7,-4.6,4.5,0,17148,0,50,0, 
9.5300,-10.4,-8.3,-4.0,2.1,1.3,-7.1,0.6,0,17154,0,51,0, 
9.5333,-11.3,-8.6,1.4,2.8,-0.1,-2.7,-4.5,0,17160,0,52,0, 
9.5367,-12.8,-11.3,0.7,2.1,0.4,2.7,-9.9,0,17166,0,53,0, 
9.5400,-14.0,-15.6,-7.0,-0.6,1.5,3.1,-14.6,0,17172,0,54,0, 
9.5433,-14.0,-19.7,-16.8,-4.3,2.5,-2.7,-17.7,0,17178,0,55,0, 
9.5467,-13.0,-21.7,-21.7,-7.4,2.7,-10.0,-18.8,0,17184,0,56,0, 
9.5500,-12.0,-21.3,-18.6,-8.8,2.2,-12.8,-17.7,0,17190,0,57,0, 
9.5533,-11.6,-19.1,-10.2,-8.1,1.3,-8.4,-15.0,0,17196,0,58,0, 
9.5567,-11.5,-16.7,-3.2,-6.2,0.1,0.0,-11.2,0,17202,0,59,0, 
9.5600,-10.8,-14.6,-1.8,-3.9,-1.2,6.5,-7.7,0,17208,0,60,0, 
9.5633,-8.5,-13.1,-4.9,-2.2,-2.3,7.4,-5.3,0,17214,0,61,0, 
9.5667,-4.8,-11.6,-7.9,-1.2,-2.6,3.5,-4.4,0,17220,0,62,0, 
9.5700,-0.8,-10.4,-7.1,-1.2,-2.2,-0.9,-4.7,0,17226,0,63,0, 
9.5733,1.8,-9.7,-3.7,-1.8,-1.2,-1.6,-4.9,0,17232,0,64,0, 
9.5767,2.3,-9.6,-1.8,-2.7,-0.3,1.8,-4.0,0,17238,0,65,0, 
9.5800,1.3,-9.3,-3.9,-3.6,0.2,6.6,-1.7,0,17244,0,66,0, 
9.5833,0.6,-7.9,-8.1,-3.8,0.3,9.2,1.4,0,17250,0,67,0, 
9.5867,1.4,-4.5,-9.5,-3.1,0.1,8.6,4.1,0,17256,0,68,0, 
9.5900,3.7,0.3,-4.5,-2.0,0.0,6.3,5.8,0,17262,0,69,0, 
9.5933,6.4,5.3,5.0,-1.3,0.0,4.8,6.5,0,17268,0,70,0, 
9.5967,7.7,8.9,13.0,-1.6,0.0,4.7,7.0,0,17274,0,71,0, 
9.6000,6.8,10.7,14.3,-2.8,0.1,4.9,7.6,0,17280,0,72,0, 
9.6033,4.4,11.5,8.6,-3.9,0.2,3.7,8.2,0,17286,0,73,0, 
9.6067,2.1,12.3,1.1,-3.9,0.3,1.3,8.9,0,17292,0,74,0, 
9.6100,1.2,13.8,-1.9,-2.2,0.5,-0.2,9.6,0,17298,0,75,0, 
9.6133,1.9,15.8,2.2,0.7,1.1,1.4,11.1,0,17304,0,76,0, 
9.6167,3.5,17.2,10.3,3.6,2.5,6.3,13.6,0,17310,0,77,0, 
9.6200,4.9,17.2,16.5,5.7,4.1,11.6,16.5,0,17316,0,78,0, 
9.6233,5.6,15.3,16.4,6.4,5.1,13.3,18.4,0,17322,0,79,0, 
9.6267,5.7,12.0,10.5,6.1,4.5,9.9,18.4,0,17328,0,80,0, 
9.6300,5.7,8.2,2.6,5.0,2.0,3.4,16.9,0,17334,0,81,0, 
9.6333,5.8,5.3,-2.5,3.5,-0.9,-1.7,15.8,0,17340,0,82,0, 
9.6367,5.9,4.2,-2.6,1.9,-2.5,-1.6,16.9,0,17346,0,83,0, 
9.6400,5.7,5.2,1.4,0.5,-1.3,3.8,20.5,0,17352,0,84,0, 
9.6433,5.3,7.7,7.0,-0.2,2.0,11.0,24.7,0,17358,0,85,0, 
9.6467,5.0,10.5,11.7,0.3,5.2,15.8,27.1,0,17364,0,86,0, 
9.6500,5.3,12.5,14.4,1.7,6.2,15.9,26.1,0,17370,0,87,0, 
9.6533,6.0,13.1,14.9,3.2,4.4,12.3,22.7,0,17376,0,88,0, 
9.6567,6.5,12.5,13.8,4.0,1.0,8.1,19.0,0,17382,0,89,0, 
9.6600,5.9,10.9,11.4,3.8,-1.8,5.7,16.7,0,17388,0,90,0, 
9.6633,3.6,8.8,8.4,2.9,-3.1,5.4,15.8,0,17394,0,91,0, 
9.6667,-0.1,6.0,5.1,2.3,-3.3,6.1,15.0,0,17400,0,92,0, 
9.6700,-4.1,2.8,2.2,2.6,-3.5,5.8,13.2,0,17406,0,93,0, 
9.6733,-7.3,0.0,-0.1,3.1,-4.5,3.8,10.4,0,17412,0,94,0, 
9.6767,-8.7,-1.3,-1.6,2.9,-5.7,0.5,7.7,0,17418,0,95,0, 
9.6800,-8.3,0.0,-2.2,1.4,-6.2,-3.1,6.4,0,17424,0,96,0, 
9.6833,-6.7,3.7,-1.3,-1.1,-5.8,-6.1,6.8,0,17430,0,97,0, 
9.6867,-5.1,8.5,1.0,-3.2,-5.1,-7.3,8.1,0,17436,0,98,0, 
9.6900,-3.9,12.3,4.1,-3.8,-4.6,-5.9,9.2,0,17442,0,99,0, 
9.6933,-3.2,13.3,6.4,-2.9,-4.5,-2.4,9.5,0,17448,0,100,0, 
9.6967,-2.6,11.2,6.2,-1.8,-4.1,1.9,9.2,0,17454,0,101,0, 
9.7000,-1.5,7.6,3.4,-2.0,-3.2,4.5,9.0,0,17460,0,102,0, 
9.7033,-0.1,4.6,-0.6,-3.7,-2.5,3.5,9.7,0,17466,0,103,0, 
9.7067,1.1,4.1,-3.1,-5.8,-3.0,-0.5,11.3,0,17472,0,104,0, 
9.7100,1.3,5.9,-2.6,-6.4,-5.1,-4.6,13.5,0,17478,0,105,0, 
9.7133,0.5,8.3,0.4,-4.5,-7.8,-5.4,15.1,0,17484,0,106,0, 
9.7167,-0.8,9.3,3.6,-1.1,-9.5,-1.5,15.0,0,17490,0,107,0, 
9.7200,-1.8,7.6,4.4,1.7,-9.1,5.0,12.8,0,17496,0,108,0, 
9.7233,-2.2,4.0,2.4,2.2,-7.3,10.0,9.0,0,17502,0,109,0, 
9.7267,-2.4,0.4,-1.0,0.0,-6.0,10.0,5.2,0,17508,0,110,0, 
9.7300,-3.1,-1.3,-4.0,-3.6,-6.4,5.0,2.9,0,17514,0,111,0, 
9.7333,-4.6,-1.0,-5.8,-6.9,-8.4,-2.1,3.1,0,17520,0,112,0, 
9.7367,-6.4,0.3,-6.8,-8.9,-10.1,-7.0,5.0,0,17526,0,113,0, 
9.7400,-7.0,1.1,-8.0,-9.8,-9.6,-7.3,7.5,0,17532,0,114,0, 
9.7433,-5.6,1.3,-8.7,-10.3,-6.4,-3.4,9.5,0,17538,0,115,0, 
9.7467,-1.8,1.9,-7.8,-10.9,-1.9,2.5,11.3,0,17544,0,116,0, 
9.7500,3.3,4.1,-4.0,-11.1,2.0,8.4,13.6,0,17550,0,117,0, 
9.7533,8.5,8.1,1.6,-10.3,3.8,13.0,16.7,0,17556,0,118,0, 
9.7567,12.6,12.6,6.3,-8.4,3.6,15.9,19.7,0,17562,0,119,0, 
9.7600,15.2,15.6,7.9,-5.8,2.3,16.9,20.6,0,17568,0,120,0, 
9.7633,16.1,15.9,5.9,-3.5,1.3,15.6,18.3,0,17574,0,121,0, 
9.7667,15.3,13.6,2.1,-2.0,1.3,12.9,13.7,0,17580,0,122,0, 
9.7700,12.7,10.4,-1.4,-1.4,2.3,10.4,9.0,0,17586,0,123,0, 
9.7733,8.8,7.6,-3.4,-1.1,3.5,10.4,6.5,0,17592,0,124,0, 
9.7767,4.6,6.0,-4.5,-1.0,4.1,13.4,6.9,0,17598,0,125,0, 
9.7800,1.5,5.5,-4.6,-0.9,3.6,18.0,9.2,0,17604,0,126,0, 
9.7833,0.1,6.1,-2.7,-0.9,2.1,21.3,11.2,0,17610,0,127,0, 
9.7867,0.2,7.9,2.6,-0.7,0.3,20.8,11.7,0,17616,0,128,0, 
9.7900,0.9,10.7,10.9,-0.2,-1.0,16.1,10.7,0,17622,0,129,0, 
9.7933,1.1,13.6,18.5,0.4,-1.5,9.2,9.2,0,17628,0,130,0, 
9.7967,0.7,14.9,20.5,0.6,-1.5,2.8,8.2,0,17634,0,131,0, 
9.8000,0.5,13.2,14.2,-0.4,-1.4,-1.2,7.8,0,17640,0,132,0, 
9.8033,1.2,9.2,2.4,-2.4,-1.6,-2.2,8.2,0,17646,0,133,0, 
9.8067,3.1,5.5,-7.8,-4.5,-1.3,-0.6,9.1,0,17652,0,134,0, 
9.8100,5.5,4.8,-9.8,-5.2,0.2,2.8,10.8,0,17658,0,135,0, 
9.8133,7.1,8.3,-2.0,-3.5,3.4,7.3,13.3,0,17664,0,136,0, 
9.8167,7.3,14.6,10.9,0.3,7.1,12.0,16.2,0,17670,0,137,0, 
9.8200,6.6,20.7,21.9,4.9,9.6,16.0,18.6,0,17676,0,138,0, 
9.8233,5.8,24.1,25.9,8.8,9.2,18.3,19.7,0,17682,0,139,0, 
9.8267,5.7,24.3,23.2,11.1,5.5,18.1,18.9,0,17688,0,140,0, 
9.8300,6.0,22.4,17.1,11.7,0.2,15.9,16.7,0,17694,0,141,0, 
9.8333,5.5,19.7,10.9,10.9,-4.0,12.8,13.7,0,17700,0,142,0, 
9.8367,3.0,16.5,5.6,8.9,-5.0,10.7,10.5,0,17706,0,143,0, 
9.8400,-1.9,11.9,0.4,5.5,-2.6,10.6,7.3,0,17712,0,144,0, 
9.8433,-8.4,5.4,-5.2,1.0,1.2,12.2,3.7,0,17718,0,145,0, 
9.8467,-14.6,-2.2,-9.8,-3.7,3.6,13.9,-0.6,0,17724,0,146,0, 
9.8500,-18.6,-8.9,-11.4,-7.3,2.7,13.5,-6.0,0,17730,0,147,0, 
9.8533,-19.4,-13.0,-10.1,-8.5,-1.3,9.5,-11.6,0,17736,0,148,0, 
9.8567,-17.1,-14.0,-8.2,-7.3,-6.0,2.6,-16.0,0,17742,0,149,0, 
9.8600,-12.6,-12.8,-8.2,-4.9,-8.7,-4.5,-17.4,0,17748,0,150,0, 
9.8633,-7.5,-10.4,-10.6,-2.9,-7.9,-8.6,-14.9,0,17754,0,151,0, 
9.8667,-2.6,-7.0,-12.3,-2.1,-4.1,-7.8,-9.0,0,17760,0,152,0, 
9.8700,1.7,-2.3,-9.6,-2.0,0.4,-2.8,-1.3,0,17766,0,153,0, 
9.8733,5.9,3.9,-1.1,-1.3,3.4,3.6,5.5,0,17772,0,154,0, 
9.8767,10.1,10.8,9.5,0.9,4.2,8.4,9.9,0,17778,0,155,0, 
9.8800,14.2,16.1,16.3,4.1,3.8,9.9,11.7,0,17784,0,156,0, 
9.8833,17.2,18.1,15.0,6.8,3.7,8.7,12.0,0,17790,0,157,0, 
9.8867,17.8,16.5,6.8,7.4,4.4,6.5,11.9,0,17796,0,158,0, 
9.8900,15.2,12.5,-2.7,5.3,5.3,5.1,11.6,0,17802,0,159,0, 
9.8933,9.6,8.1,-7.6,1.4,5.5,4.8,10.2,0,17808,0,160,0, 
9.8967,2.7,4.2,-6.5,-2.9,4.3,4.4,6.6,0,17814,0,161,0, 
9.9000,-3.5,0.3,-3.2,-6.7,2.4,2.5,0.8,0,17820,0,162,0, 
9.9033,-7.2,-4.2,-3.1,-9.8,0.4,-1.7,-6.0,0,17826,0,163,0, 
9.9067,-8.3,-9.5,-8.6,-12.4,-1.2,-7.2,-11.9,0,17832,0,164,0, 
9.9100,-7.6,-13.9,-16.9,-14.4,-2.7,-12.0,-15.2,0,17838,0,165,0, 
9.9133,-6.9,-15.5,-22.0,-15.1,-3.9,-14.1,-15.4,0,17844,0,166,0, 
9.9167,-7.1,-13.9,-20.0,-13.8,-4.3,-13.1,-13.4,0,17850,0,167,0, 
9.9200,-8.2,-10.4,-12.2,-10.9,-3.4,-10.5,-10.9,0,17856,0,168,0, 
9.9233,-9.3,-7.6,-4.2,-7.4,-1.2,-8.3,-9.2,0,17862,0,169,0, 
9.9267,-9.3,-7.1,-1.0,-4.8,0.9,-8.0,-9.0,0,17868,0,170,0, 
9.9300,-7.9,-8.6,-3.1,-3.7,1.5,-8.7,-9.8,0,17874,0,171,0, 
9.9333,-5.6,-10.0,-6.4,-3.7,0.0,-8.9,-10.4,0,17880,0,172,0, 
9.9367,-2.9,-9.2,-6.6,-3.7,-2.3,-7.2,-10.0,0,17886,0,173,0, 
9.9400,-0.2,-5.9,-2.9,-3.1,-2.9,-4.6,-8.3,0,17892,0,174,0, 
9.9433,3.1,-1.7,1.2,-2.0,-0.7,-3.4,-6.0,0,17898,0,175,0, 
9.9467,7.4,1.3,1.9,-1.2,3.4,-5.0,-3.9,0,17904,0,176,0, 
9.9500,12.7,2.4,-1.2,-1.5,6.9,-8.3,-2.5,0,17910,0,177,0, 
9.9533,17.5,2.5,-4.8,-2.5,7.5,-10.0,-1.6,0,17916,0,178,0, 
9.9567,20.2,3.3,-4.6,-3.5,5.4,-7.3,-0.4,0,17922,0,179,0, 
9.9600,19.8,5.5,-0.1,-3.7,2.7,-0.9,1.4,0,17928,0,180,0, 
9.9633,16.3,7.9,5.1,-3.1,1.4,5.1,3.5,0,17934,0,181,0, 
9.9667,11.0,9.0,6.1,-2.4,1.9,6.1,5.0,0,17940,0,182,0, 
9.9700,5.4,7.7,1.8,-2.2,2.6,0.2,5.1,0,17946,0,183,0, 
9.9733,0.4,4.8,-4.4,-2.4,1.6,-9.5,3.3,0,17952,0,184,0, 
9.9767,-3.5,1.5,-7.5,-2.4,-1.5,-17.7,0.3,0,17958,0,185,0, 
9.9800,-6.3,-0.9,-6.1,-1.9,-5.3,-19.8,-2.4,0,17964,0,186,0, 
9.9833,-7.9,-2.5,-3.3,-1.1,-8.0,-15.5,-3.6,0,17970,0,187,0, 
9.9867,-8.4,-3.9,-3.4,-0.8,-8.3,-8.0,-2.7,0,17976,0,188,0, 
9.9900,-8.0,-5.2,-7.8,-1.3,-6.7,-1.2,-0.2,0,17982,0,189,0, 
9.9933,-7.2,-5.5,-12.8,-2.2,-4.5,2.7,2.5,0,17988,0,190,0, 
9.9967,-6.8,-3.9,-13.1,-2.7,-2.6,3.5,3.9,0,17994,0,191,0, 
10.0000,-6.7,-0.6,-7.3,-2.0,-1.4,1.7,3.0,0,18000,0,192,0, 
10.0033,-6.9,2.4,0.3,-0.4,-0.8,-2.2,-0.3,0,18006,0,193,0, 
10.0067,-6.7,2.9,3.5,1.1,-1.1,-7.8,-5.0,0,18012,0,194,0, 
10.0100,-6.4,0.1,-0.2,1.7,-2.4,-13.4,-9.4,0,18018,0,195,0, 
10.0133,-6.2,-4.0,-7.4,1.5,-4.3,-16.1,-11.9,0,18024,0,196,0, 
10.0167,-6.7,-6.3,-11.3,1.5,-5.8,-13.4,-11.3,0,18030,0,197,0, 
10.0200,-7.6,-4.8,-8.6,2.3,-5.5,-5.8,-8.1,0,18036,0,198,0, 
10.0233,-7.8,-0.3,-1.8,3.6,-3.5,2.7,-3.6,0,18042,0,199,0, 
10.0267,-6.7,4.3,3.2,4.5,-0.9,6.5,0.2,0,18048,0,200,0, 
10.0300,-4.3,5.8,2.4,4.1,-0.1,2.8,1.6,0,18054,0,201,0, 
10.0333,-2.1,3.4,-2.3,2.4,-2.1,-6.4,0.1,0,18060,0,202,0, 
10.0367,-1.5,-1.3,-5.5,0.6,-5.8,-15.2,-3.7,0,18066,0,203,0, 
10.0400,-3.3,-5.7,-3.8,-0.5,-8.7,-18.1,-8.2,0,18072,0,204,0, 
10.0433,-6.4,-8.2,0.7,-0.7,-8.4,-13.7,-11.4,0,18078,0,205,0, 
10.0467,-8.6,-8.7,2.2,-0.9,-4.8,-5.6,-12.1,0,18084,0,206,0, 
10.0500,-8.4,-8.2,-2.4,-2.0,-0.2,0.7,-10.1,0,18090,0,207,0, 
10.0533,-5.8,-6.8,-10.5,-3.9,2.6,1.7,-5.8,0,18096,0,208,0, 
10.0567,-2.3,-4.1,-14.9,-5.0,1.7,-1.6,-0.2,0,18102,0,209,0, 
10.0600,0.5,0.4,-10.4,-4.1,-1.7,-5.1,5.4,0,18108,0,210,0, 
10.0633,1.7,6.0,1.3,-0.6,-5.0,-4.9,10.3,0,18114,0,211,0, 
10.0667,1.9,10.7,12.7,4.1,-5.8,-0.4,13.4,0,18120,0,212,0, 
10.0700,2.2,12.7,16.1,8.1,-3.7,5.4,14.8,0,18126,0,213,0, 
10.0733,2.9,11.9,10.3,10.0,-0.8,8.8,14.6,0,18132,0,214,0, 
10.0767,3.7,9.9,0.9,9.8,0.5,8.0,13.8,0,18138,0,215,0, 
10.0800,3.5,8.9,-4.4,8.6,-0.7,4.4,13.4,0,18144,0,216,0, 
10.0833,2.0,9.9,-1.6,7.5,-3.2,1.0,13.5,0,18150,0,217,0, 
10.0867,-0.2,11.7,6.4,6.9,-4.5,-0.1,13.9,0,18156,0,218,0, 
10.0900,-2.2,12.5,13.2,6.0,-3.0,1.2,13.7,0,18162,0,219,0, 
10.0933,-3.6,11.0,14.1,4.3,0.7,3.0,12.0,0,18168,0,220,0, 
10.0967,-4.6,8.0,9.5,1.9,4.0,3.7,9.2,0,18174,0,221,0, 
10.1000,-5.6,5.4,3.7,-0.4,4.4,3.0,6.2,0,18180,0,222,0, 
10.1033,-6.9,4.4,0.4,-1.5,1.1,1.4,4.1,0,18186,0,223,0, 
10.1067,-8.0,4.8,-0.1,-1.1,-4.0,-0.5,3.4,0,18192,0,224,0, 
10.1100,-8.2,5.0,-0.4,0.2,-7.8,-3.1,3.3,0,18198,0,225,0, 
10.1133,-7.6,3.9,-3.0,1.1,-8.5,-6.9,2.8,0,18204,0,226,0, 
10.1167,-6.9,1.4,-7.1,1.2,-6.6,-11.2,1.1,0,18210,0,227,0, 
10.1200,-7.3,-1.0,-9.5,0.7,-4.7,-14.6,-1.4,0,18216,0,228,0, 
10.1233,-9.1,-2.0,-7.4,0.5,-5.2,-15.1,-3.9,0,18222,0,229,0, 
10.1267,-11.4,-1.5,-1.5,1.0,-8.0,-12.6,-5.2,0,18228,0,230,0, 
10.1300,-12.8,-0.6,3.9,2.0,-10.7,-8.9,-4.7,0,18234,0,231,0, 
10.1333,-12.3,-0.4,5.0,2.6,-10.5,-6.3,-3.0,0,18240,0,232,0, 
10.1367,-10.1,-0.9,1.5,2.2,-6.4,-6.0,-1.0,0,18246,0,233,0, 
10.1400,-7.6,-1.0,-2.7,1.0,-0.5,-6.7,0.6,0,18252,0,234,0, 
10.1433,-6.4,0.6,-2.9,0.0,3.5,-6.4,1.7,0,18258,0,235,0, 
10.1467,-6.6,3.7,2.1,0.2,3.0,-4.3,2.6,0,18264,0,236,0, 
10.1500,-7.2,6.9,8.3,1.5,-1.3,-2.0,3.6,0,18270,0,237,0, 
10.1533,-6.8,8.2,10.2,2.9,-6.3,-2.3,4.7,0,18276,0,238,0, 
10.1567,-5.0,6.9,5.3,3.1,-8.6,-6.5,5.5,0,18282,0,239,0, 
10.1600,-2.6,3.9,-3.3,2.0,-7.0,-13.3,5.4,0,18288,0,240,0, 
10.1633,-1.4,1.2,-9.2,0.4,-3.2,-18.9,4.0,0,18294,0,241,0, 
10.1667,-2.2,-0.2,-8.2,-0.2,-0.3,-20.4,1.7,0,18300,0,242,0, 
10.1700,-4.5,-0.2,-1.8,0.6,0.0,-17.4,-0.9,0,18306,0,243,0, 
10.1733,-6.2,-0.1,4.0,2.0,-2.0,-12.5,-2.9,0,18312,0,244,0, 
10.1767,-5.8,-0.5,3.9,2.5,-4.3,-8.8,-3.6,0,18318,0,245,0, 
10.1800,-3.1,-1.2,-2.2,1.1,-4.6,-7.7,-2.9,0,18324,0,246,0, 
10.1833,0.2,-0.9,-8.9,-1.5,-2.5,-8.1,-1.1,0,18330,0,247,0, 
10.1867,2.0,0.9,-10.7,-3.5,0.8,-8.0,1.2,0,18336,0,248,0, 
10.1900,1.5,3.8,-5.9,-3.5,3.8,-6.3,3.4,0,18342,0,249,0, 
10.1933,-0.1,6.1,1.7,-1.3,5.0,-3.9,5.0,0,18348,0,250,0, 
10.1967,-0.6,6.5,6.5,1.6,4.1,-2.9,5.7,0,18354,0,251,0, 
10.2000,1.5,5.3,5.8,3.5,1.8,-4.0,5.3,0,18360,0,252,0, 
10.2033,5.9,3.7,2.1,3.5,-0.7,-6.5,4.3,0,18366,0,253,0, 
10.2067,10.1,3.1,0.1,2.2,-1.9,-7.9,3.4,0,18372,0,254,0, 
10.2100,11.6,3.9,2.6,0.9,-0.9,-6.8,3.6,0,18378,0,255,0, 
10.2133,9.4,4.8,7.3,0.6,2.1,-3.3,5.0,0,18384,0,0,0, 
10.2167,4.9,4.1,9.2,1.1,5.7,0.2,6.7,0,18390,0,1,0, 
10.2200,0.7,0.8,4.5,1.5,7.9,1.2,7.4,0,18396,0,2,0, 
10.2233,-1.4,-4.2,-6.0,1.2,7.2,-1.4,6.0,0,18402,0,3,0, 
10.2267,-1.3,-8.8,-16.8,0.2,3.8,-6.4,2.6,0,18408,0,4,0, 
10.2300,-0.5,-11.1,-22.0,-0.7,-0.5,-11.5,-1.3,0,18414,0,5,0, 
10.2333,-0.8,-10.4,-19.0,-0.7,-3.8,-14.3,-4.2,0,18420,0,6,0, 
10.2367,-2.3,-7.7,-10.4,0.1,-5.4,-13.9,-5.2,0,18426,0,7,0, 
10.2400,-3.8,-4.6,-1.6,1.3,-5.7,-11.3,-5.1,0,18432,0,8,0, 
10.2433,-3.3,-2.5,2.5,2.1,-5.3,-7.7,-4.6,0,18438,0,9,0, 
10.2467,-0.3,-1.7,1.1,2.3,-4.5,-4.2,-4.3,0,18444,0,10,0, 
10.2500,4.2,-1.5,-3.0,2.1,-2.4,-1.0,-3.5,0,18450,0,11,0, 
10.2533,8.1,-0.5,-5.8,2.3,1.4,2.5,-1.4,0,18456,0,12,0, 
10.2567,9.5,1.8,-4.4,3.1,5.8,6.3,1.9,0,18462,0,13,0, 
10.2600,8.2,5.0,0.5,4.4,9.2,9.5,5.3,0,18468,0,14,0, 
10.2633,5.6,7.7,6.1,5.5,9.7,11.0,7.1,0,18474,0,15,0, 
10.2667,3.3,8.5,9.0,6.0,7.6,9.8,6.5,0,18480,0,16,0, 
10.2700,2.1,6.8,8.1,5.5,4.5,6.2,4.2,0,18486,0,17,0, 
10.2733,1.7,3.2,4.7,4.3,2.2,1.2,1.3,0,18492,0,18,0, 
10.2767,1.1,-0.8,1.5,2.8,1.2,-3.9,-1.1,0,18498,0,19,0, 
10.2800,-0.1,-3.7,0.2,1.2,0.9,-7.8,-3.2,0,18504,0,20,0, 
10.2833,-1.7,-4.9,0.3,-0.2,0.4,-9.8,-5.4,0,18510,0,21,0, 
10.2867,-3.2,-4.7,0.2,-1.6,0.2,-9.5,-7.5,0,18516,0,22,0, 
10.2900,-4.2,-4.0,-1.6,-2.7,1.5,-7.3,-8.4,0,18522,0,23,0, 
10.2933,-4.7,-3.6,-4.6,-3.0,4.6,-4.3,-7.0,0,18528,0,24,0, 
10.2967,-5.2,-3.8,-7.0,-2.4,8.2,-2.3,-3.9,0,18534,0,25,0, 
10.3000,-6.0,-4.5,-7.0,-1.0,9.4,-2.7,-1.0,0,18540,0,26,0, 
10.3033,-7.0,-5.4,-4.7,0.6,6.5,-5.0,-0.6,0,18546,0,27,0, 
10.3067,-8.0,-6.3,-1.7,1.8,0.5,-6.9,-3.4,0,18552,0,28,0, 
10.3100,-8.5,-6.9,0.2,2.1,-5.1,-6.2,-8.2,0,18558,0,29,0, 
10.3133,-8.4,-7.0,0.5,1.7,-7.4,-2.8,-12.2,0,18564,0,30,0, 
10.3167,-7.7,-6.7,0.0,1.2,-5.9,0.6,-13.6,0,18570,0,31,0, 
10.3200,-6.6,-6.6,-0.5,0.6,-2.8,0.1,-12.7,0,18576,0,32,0, 
10.3233,-5.3,-7.3,-0.9,-0.2,-1.0,-5.5,-11.2,0,18582,0,33,0, 
10.3267,-4.0,-9.2,-2.2,-1.4,-1.8,-13.9,-10.4,0,18588,0,34,0, 
10.3300,-3.4,-11.7,-4.5,-2.6,-3.8,-20.0,-10.8,0,18594,0,35,0, 
10.3333,-3.6,-13.6,-6.7,-3.1,-4.7,-20.1,-11.1,0,18600,0,36,0, 
10.3367,-4.4,-13.8,-6.9,-2.1,-3.7,-14.8,-10.2,0,18606,0,37,0, 
10.3400,-5.5,-12.5,-4.6,0.5,-2.0,-8.0,-7.8,0,18612,0,38,0, 
10.3433,-6.3,-10.6,-1.2,3.5,-1.6,-4.1,-4.9,0,18618,0,39,0, 
10.3467,-7.1,-9.2,0.9,5.4,-3.2,-4.0,-2.7,0,18624,0,40,0, 
10.3500,-8.5,-8.8,0.5,5.3,-5.4,-5.2,-1.9,0,18630,0,41,0, 
10.3533,-11.1,-8.6,-1.0,3.8,-6.5,-4.7,-2.1,0,18636,0,42,0, 
10.3567,-14.2,-7.7,-1.4,2.3,-5.6,-2.3,-2.9,0,18642,0,43,0, 
10.3600,-16.5,-6.0,0.3,2.0,-3.8,-0.9,-3.7,0,18648,0,44,0, 
10.3633,-16.5,-4.6,2.2,2.9,-3.1,-3.4,-4.8,0,18654,0,45,0, 
10.3667,-13.7,-4.4,1.6,3.9,-4.3,-9.7,-6.3,0,18660,0,46,0, 
10.3700,-9.1,-5.7,-2.1,3.8,-6.5,-16.0,-8.2,0,18666,0,47,0, 
10.3733,-4.8,-7.0,-6.0,2.5,-8.0,-17.8,-10.4,0,18672,0,48,0, 
10.3767,-2.2,-6.7,-6.1,0.9,-8.0,-14.2,-12.4,0,18678,0,49,0, 
10.3800,-1.4,-4.8,-1.2,0.0,-7.1,-8.3,-13.9,0,18684,0,50,0, 
10.3833,-1.3,-2.9,5.0,0.1,-6.8,-5.2,-14.9,0,18690,0,51,0, 
10.3867,-0.5,-3.2,6.5,0.8,-7.7,-7.6,-15.5,0,18696,0,52,0, 
10.3900,1.4,-6.7,0.7,1.4,-9.4,-13.9,-15.8,0,18702,0,53,0, 
10.3933,3.4,-11.8,-9.1,1.4,-10.5,-19.8,-15.8,0,18708,0,54,0, 
10.3967,4.2,-15.9,-15.6,1.4,-10.4,-21.8,-15.8,0,18714,0,55,0, 
10.4000,3.1,-17.1,-13.7,1.5,-9.5,-19.0,-15.9,0,18720,0,56,0, 
10.4033,0.6,-16.1,-5.0,1.6,-8.9,-13.4,-15.9,0,18726,0,57,0, 
10.4067,-2.4,-15.0,3.3,1.2,-9.1,-7.4,-15.6,0,18732,0,58,0, 
10.4100,-4.5,-15.8,4.0,-0.2,-9.5,-2.3,-14.6,0,18738,0,59,0, 
10.4133,-5.5,-18.0,-3.7,-2.1,-8.9,1.5,-12.8,0,18744,0,60,0, 
10.4167,-5.6,-19.8,-14.1,-3.6,-6.9,3.4,-10.9,0,18750,0,61,0, 
10.4200,-5.7,-19.5,-19.8,-3.6,-4.3,2.6,-9.7,0,18756,0,62,0, 
10.4233,-5.8,-17.5,-17.1,-2.5,-2.5,-0.9,-9.8,0,18762,0,63,0, 
10.4267,-6.1,-15.6,-9.0,-0.8,-2.8,-6.1,-11.3,0,18768,0,64,0, 
10.4300,-5.9,-15.6,-1.5,0.6,-5.3,-10.1,-13.4,0,18774,0,65,0, 
10.4333,-4.8,-17.1,1.4,1.3,-8.5,-10.6,-14.8,0,18780,0,66,0, 
10.4367,-3.0,-17.9,0.8,1.8,-10.9,-7.3,-14.5,0,18786,0,67,0, 
10.4400,-0.4,-15.6,0.8,2.4,-11.7,-2.3,-12.4,0,18792,0,68,0, 
10.4433,2.3,-10.3,4.2,3.1,-11.3,1.3,-9.8,0,18798,0,69,0, 
10.4467,4.5,-4.3,9.5,3.4,-10.7,1.6,-8.4,0,18804,0,70,0, 
10.4500,5.8,-1.0,12.2,2.9,-10.1,-0.7,-9.2,0,18810,0,71,0, 
10.4533,5.7,-2.2,9.3,1.6,-8.8,-3.2,-11.9,0,18816,0,72,0, 
10.4567,4.2,-6.5,1.7,0.2,-5.9,-4.0,-14.7,0,18822,0,73,0, 
10.4600,1.7,-10.7,-5.7,-0.5,-1.5,-2.7,-15.9,0,18828,0,74,0, 
10.4633,-0.5,-11.8,-7.8,-0.3,2.3,-1.2,-14.8,0,18834,0,75,0, 
10.4667,-1.4,-9.2,-3.5,0.2,3.3,-1.9,-12.3,0,18840,0,76,0, 
10.4700,-0.6,-5.0,3.3,0.3,0.1,-5.3,-10.1,0,18846,0,77,0, 
10.4733,0.9,-2.2,7.1,-0.7,-5.5,-9.0,-9.4,0,18852,0,78,0, 
10.4767,1.8,-3.0,4.0,-2.8,-10.2,-9.5,-9.8,0,18858,0,79,0, 
10.4800,0.3,-7.0,-4.6,-5.3,-10.9,-4.6,-10.1,0,18864,0,80,0, 
10.4833,-3.4,-12.2,-14.0,-7.4,-7.2,4.2,-9.7,0,18870,0,81,0, 
10.4867,-7.9,-16.0,-19.1,-8.3,-1.7,12.0,-8.6,0,18876,0,82,0, 
10.4900,-10.8,-16.9,-17.9,-8.1,1.9,13.7,-8.0,0,18882,0,83,0, 
10.4933,-10.3,-15.3,-12.4,-6.9,1.5,8.0,-8.4,0,18888,0,84,0, 
10.4967,-6.3,-12.7,-6.6,-5.4,-2.2,-1.4,-9.2,0,18894,0,85,0, 
10.5000,-0.4,-10.3,-3.3,-4.0,-6.2,-7.7,-8.6,0,18900,0,86,0, 
10.5033,5.0,-8.2,-2.8,-2.9,-7.9,-6.5,-5.8,0,18906,0,87,0, 
10.5067,8.5,-5.9,-3.1,-2.1,-6.7,1.4,-0.9,0,18912,0,88,0, 
10.5100,10.1,-2.4,-2.2,-1.3,-3.6,10.2,4.3,0,18918,0,89,0, 
10.5133,11.0,2.2,0.0,-0.6,-0.2,14.2,8.3,0,18924,0,90,0, 
10.5167,11.9,6.9,2.5,-0.1,2.4,11.9,10.4,0,18930,0,91,0, 
10.5200,12.9,10.2,4.0,-0.1,3.8,7.3,11.2,0,18936,0,92,0, 
10.5233,12.9,11.1,4.0,-0.5,3.8,5.3,11.1,0,18942,0,93,0, 
10.5267,11.2,9.5,2.9,-1.3,2.4,7.7,10.0,0,18948,0,94,0, 
10.5300,8.0,5.8,0.9,-2.0,-0.3,10.6,7.0,0,18954,0,95,0, 
10.5333,4.1,0.8,-2.6,-2.3,-3.3,8.3,1.7,0,18960,0,96,0, 
10.5367,0.9,-4.6,-7.5,-2.2,-5.5,-1.0,-5.2,0,18966,0,97,0, 
10.5400,-0.6,-9.2,-12.5,-1.8,-6.0,-13.1,-11.5,0,18972,0,98,0, 
10.5433,-0.6,-11.5,-14.9,-1.3,-5.3,-20.0,-14.9,0,18978,0,99,0, 
10.5467,0.7,-10.5,-12.5,-1.0,-4.7,-16.6,-14.2,0,18984,0,100,0, 
10.5500,2.5,-6.5,-5.9,-0.8,-4.5,-4.4,-10.0,0,18990,0,101,0, 
10.5533,4.7,-1.2,1.4,-0.6,-4.2,9.1,-4.3,0,18996,0,102,0, 
10.5567,7.1,3.0,5.0,-0.3,-2.4,16.2,0.6,0,19002,0,103,0, 
10.5600,9.8,4.6,3.5,0.1,1.1,14.0,3.3,0,19008,0,104,0, 
10.5633,12.1,4.0,-0.9,0.2,4.9,6.3,3.5,0,19014,0,105,0, 
10.5667,13.4,3.0,-3.6,-0.1,6.5,-0.7,2.2,0,19020,0,106,0, 
10.5700,13.0,3.0,-1.9,-0.6,4.3,-2.7,0.8,0,19026,0,107,0, 
10.5733,10.5,4.0,2.6,-1.5,-0.4,0.2,0.1,0,19032,0,108,0, 
10.5767,6.2,4.2,5.1,-2.4,-4.6,4.5,-0.1,0,19038,0,109,0, 
10.5800,0.7,1.8,1.4,-3.4,-5.5,6.5,-0.9,0,19044,0,110,0, 
10.5833,-5.0,-3.3,-8.1,-4.7,-3.3,4.6,-3.4,0,19050,0,111,0, 
10.5867,-9.8,-9.5,-18.7,-6.2,-0.8,-0.4,-7.7,0,19056,0,112,0, 
10.5900,-12.8,-14.0,-24.8,-7.9,-1.0,-6.4,-12.4,0,19062,0,113,0, 
10.5933,-13.5,-15.1,-23.8,-9.6,-4.5,-11.2,-15.2,0,19068,0,114,0, 
10.5967,-12.4,-13.3,-17.7,-10.7,-9.3,-12.8,-14.6,0,19074,0,115,0, 
10.6000,-10.0,-10.1,-10.9,-11.1,-11.9,-10.5,-10.7,0,19080,0,116,0, 
10.6033,-7.3,-7.3,-6.6,-10.5,-10.8,-4.9,-5.6,0,19086,0,117,0, 
10.6067,-5.1,-5.5,-5.4,-9.4,-7.5,1.3,-2.0,0,19092,0,118,0, 
10.6100,-3.7,-4.6,-5.3,-8.2,-5.1,4.5,-1.4,0,19098,0,119,0, 
10.6133,-2.9,-4.4,-5.0,-7.4,-5.3,2.6,-3.6,0,19104,0,120,0, 
10.6167,-2.2,-5.1,-4.8,-7.1,-7.4,-3.6,-6.9,0,19110,0,121,0, 
10.6200,-1.2,-6.7,-5.6,-7.1,-8.7,-10.7,-9.6,0,19116,0,122,0, 
10.6233,0.0,-8.8,-7.5,-6.9,-7.3,-15.0,-10.9,0,19122,0,123,0, 
10.6267,1.0,-10.3,-8.7,-6.1,-3.8,-14.4,-10.8,0,19128,0,124,0, 
10.6300,1.2,-10.4,-7.0,-4.8,-0.6,-9.8,-10.0,0,19134,0,125,0, 
10.6333,0.3,-9.2,-2.7,-3.5,0.2,-3.6,-8.7,0,19140,0,126,0, 
10.6367,-1.3,-7.9,1.3,-3.1,-1.2,1.7,-7.2,0,19146,0,127,0, 
10.6400,-2.9,-7.8,1.6,-4.0,-2.5,4.8,-5.9,0,19152,0,128,0, 
10.6433,-3.9,-9.1,-2.9,-5.8,-1.5,5.4,-5.3,0,19158,0,129,0, 
10.6467,-4.1,-10.4,-9.4,-7.7,1.8,3.4,-5.3,0,19164,0,130,0, 
10.6500,-3.9,-10.2,-12.9,-8.8,5.6,-0.1,-5.4,0,19170,0,131,0, 
10.6533,-3.6,-7.9,-10.8,-8.9,7.0,-3.3,-4.3,0,19176,0,132,0, 
10.6567,-3.3,-4.6,-4.6,-8.4,4.9,-4.2,-1.6,0,19182,0,133,0, 
10.6600,-2.9,-2.4,1.1,-7.8,0.3,-2.2,2.2,0,19188,0,134,0, 
10.6633,-2.0,-2.7,2.1,-7.4,-4.5,1.3,5.0,0,19194,0,135,0, 
10.6667,-0.6,-5.3,-1.6,-6.8,-7.5,3.0,4.9,0,19200,0,136,0, 
10.6700,1.0,-8.7,-6.8,-5.6,-8.1,0.7,1.5,0,19206,0,137,0, 
10.6733,2.0,-11.0,-9.8,-3.9,-6.6,-4.1,-3.9,0,19212,0,138,0, 
10.6767,2.1,-11.7,-9.5,-2.6,-4.4,-7.2,-8.8,0,19218,0,139,0, 
10.6800,1.3,-11.6,-7.8,-2.2,-2.4,-4.8,-10.9,0,19224,0,140,0, 
10.6833,0.0,-11.5,-6.9,-2.8,-1.3,3.0,-9.6,0,19230,0,141,0, 
10.6867,-1.2,-11.8,-7.5,-3.9,-1.2,11.3,-6.1,0,19236,0,142,0, 
10.6900,-1.7,-11.5,-7.9,-4.4,-1.5,14.3,-1.8,0,19242,0,143,0, 
10.6933,-1.7,-9.7,-6.9,-4.1,-1.4,9.9,1.7,0,19248,0,144,0, 
10.6967,-1.4,-6.2,-4.7,-3.1,-0.3,1.2,3.9,0,19254,0,145,0, 
10.7000,-1.2,-1.9,-2.9,-2.1,1.4,-5.2,4.9,0,19260,0,146,0, 
10.7033,-1.4,2.1,-2.0,-1.2,2.4,-5.0,5.1,0,19266,0,147,0, 
10.7067,-2.2,4.7,-1.0,-0.2,1.6,1.5,4.6,0,19272,0,148,0, 
10.7100,-3.9,6.1,2.5,1.3,-0.9,9.6,4.0,0,19278,0,149,0, 
10.7133,-6.2,6.7,8.6,3.3,-3.4,14.4,3.5,0,19284,0,150,0, 
10.7167,-8.7,6.7,14.2,5.1,-3.7,13.8,3.2,0,19290,0,151,0, 
10.7200,-11.1,6.1,15.3,5.8,-1.4,9.3,3.2,0,19296,0,152,0, 
10.7233,-12.8,4.8,10.0,5.2,2.0,3.8,3.1,0,19302,0,153,0, 
10.7267,-13.6,3.0,1.2,3.8,3.6,-0.6,3.1,0,19308,0,154,0, 
10.7300,-13.7,1.7,-5.0,2.6,2.0,-3.1,3.5,0,19314,0,155,0, 
10.7333,-13.3,1.7,-4.7,2.1,-2.0,-3.5,5.0,0,19320,0,156,0, 
10.7367,-12.6,2.8,1.1,2.4,-5.8,-1.6,7.6,0,19326,0,157,0, 
10.7400,-11.4,4.1,7.3,2.5,-7.2,2.3,10.7,0,19332,0,158,0, 
10.7433,-9.6,4.5,8.4,2.0,-6.3,6.7,13.2,0,19338,0,159,0, 
10.7467,-7.0,3.4,4.0,0.9,-4.4,9.6,14.1,0,19344,0,160,0, 
10.7500,-3.8,1.5,-2.1,-0.1,-2.9,9.5,13.7,0,19350,0,161,0, 
10.7533,-0.6,0.0,-4.9,-0.5,-1.6,7.2,12.8,0,19356,0,162,0, 
10.7567,2.3,-0.6,-3.1,-0.3,0.5,5.4,12.4,0,19362,0,163,0, 
10.7600,4.4,-0.6,0.0,-0.1,4.1,6.2,12.5,0,19368,0,164,0, 
10.7633,5.4,-1.3,-0.3,-0.5,7.9,10.0,12.1,0,19374,0,165,0, 
10.7667,5.5,-3.3,-5.6,-1.8,9.9,14.6,10.4,0,19380,0,166,0, 
10.7700,4.6,-6.1,-12.3,-3.1,9.0,17.0,7.4,0,19386,0,167,0, 
10.7733,3.0,-8.2,-14.8,-3.4,5.6,15.8,4.1,0,19392,0,168,0, 
10.7767,1.3,-8.4,-10.5,-1.9,1.9,11.3,1.7,0,19398,0,169,0, 
10.7800,0.0,-7.0,-2.3,0.8,-0.6,5.4,0.3,0,19404,0,170,0, 
10.7833,-0.6,-5.5,3.7,3.5,-1.7,0.1,-0.5,0,19410,0,171,0, 
10.7867,-0.9,-5.5,3.1,4.8,-2.1,-2.9,-1.2,0,19416,0,172,0, 
10.7900,-1.4,-7.1,-3.0,4.0,-2.2,-2.5,-1.6,0,19422,0,173,0, 
10.7933,-2.3,-8.8,-8.8,1.8,-1.3,1.0,-0.9,0,19428,0,174,0, 
10.7967,-3.3,-8.7,-8.8,-0.5,1.0,6.1,1.2,0,19434,0,175,0, 
10.8000,-3.9,-6.0,-2.2,-1.8,4.2,9.8,3.7,0,19440,0,176,0, 
10.8033,-3.7,-2.1,6.3,-2.1,6.4,9.9,4.9,0,19446,0,177,0, 
10.8067,-2.9,0.3,10.3,-2.1,5.6,6.2,3.8,0,19452,0,178,0, 
10.8100,-2.3,-0.5,6.6,-2.7,1.9,1.4,1.1,0,19458,0,179,0, 
10.8133,-2.5,-3.7,-2.2,-3.9,-2.4,-0.9,-1.1,0,19464,0,180,0, 
10.8167,-3.3,-6.9,-10.1,-5.0,-4.6,1.2,-0.9,0,19470,0,181,0, 
10.8200,-4.1,-7.4,-12.5,-5.0,-3.3,5.9,1.7,0,19476,0,182,0, 
10.8233,-3.9,-4.6,-8.9,-3.8,0.0,9.6,4.9,0,19482,0,183,0, 
10.8267,-2.6,-0.2,-2.9,-2.0,2.8,9.6,6.7,0,19488,0,184,0, 
10.8300,-0.9,3.0,1.3,-0.5,3.5,6.2,6.2,0,19494,0,185,0, 
10.8333,0.3,3.5,2.6,0.2,2.7,2.5,4.6,0,19500,0,186,0, 
10.8367,0.6,1.9,2.5,0.5,2.2,1.5,3.4,0,19506,0,187,0, 
10.8400,0.1,-0.1,3.4,1.2,2.8,3.0,3.3,0,19512,0,188,0, 
10.8433,-0.3,-1.3,5.2,2.3,3.7,4.3,3.6,0,19518,0,189,0, 
10.8467,0.0,-2.2,5.2,3.3,3.3,2.4,2.9,0,19524,0,190,0, 
10.8500,0.9,-4.0,0.6,2.7,0.8,-2.9,0.6,0,19530,0,191,0, 
10.8533,1.8,-7.4,-8.1,0.0,-2.6,-8.5,-2.0,0,19536,0,192,0, 
10.8567,2.1,-11.2,-17.0,-4.3,-4.8,-10.5,-3.3,0,19542,0,193,0, 
10.8600,1.6,-12.9,-20.6,-8.4,-4.6,-6.9,-2.3,0,19548,0,194,0, 
10.8633,1.0,-11.1,-16.8,-10.8,-2.4,0.2,0.6,0,19554,0,195,0, 
10.8667,1.0,-6.4,-8.0,-10.7,0.2,6.5,3.3,0,19560,0,196,0, 
10.8700,2.6,-1.1,0.4,-8.8,2.1,8.3,4.5,0,19566,0,197,0, 
10.8733,5.5,2.1,4.1,-6.7,3.0,5.2,3.7,0,19572,0,198,0, 
10.8767,8.8,2.4,3.0,-5.4,3.6,0.3,2.2,0,19578,0,199,0, 
10.8800,11.0,1.2,0.3,-5.1,3.8,-2.1,1.5,0,19584,0,200,0, 
10.8833,10.8,0.3,-0.4,-4.8,3.5,0.7,2.3,0,19590,0,201,0, 
10.8867,8.3,0.8,1.5,-3.8,2.4,7.9,4.2,0,19596,0,202,0, 
10.8900,4.9,1.9,3.8,-2.1,1.3,15.2,5.8,0,19602,0,203,0, 
10.8933,2.4,2.0,3.6,-0.6,1.3,17.7,6.1,0,19608,0,204,0, 
10.8967,2.0,0.4,0.0,0.0,3.1,12.5,4.6,0,19614,0,205,0, 
10.9000,3.6,-2.6,-5.1,-0.6,5.3,1.1,1.8,0,19620,0,206,0, 
10.9033,5.6,-5.5,-8.9,-1.7,5.8,-12.0,-1.2,0,19626,0,207,0, 
10.9067,6.1,-7.5,-10.2,-2.0,2.7,-21.0,-3.6,0,19632,0,208,0, 
10.9100,4.1,-8.2,-9.6,-1.1,-3.2,-22.4,-5.3,0,19638,0,209,0, 
10.9133,0.2,-8.2,-8.5,0.5,-9.2,-16.5,-6.1,0,19644,0,210,0, 
10.9167,-3.9,-7.7,-7.0,1.8,-11.9,-6.9,-6.0,0,19650,0,211,0, 
10.9200,-6.5,-6.3,-3.9,1.9,-10.1,1.8,-4.7,0,19656,0,212,0, 
10.9233,-6.7,-3.9,1.4,0.6,-5.5,6.2,-2.3,0,19662,0,213,0, 
10.9267,-4.8,-1.0,7.4,-1.5,-0.9,5.8,0.5,0,19668,0,214,0, 
10.9300,-1.7,0.7,10.6,-3.5,1.2,2.7,2.5,0,19674,0,215,0, 
10.9333,1.2,-0.2,7.9,-5.1,0.3,-0.3,2.5,0,19680,0,216,0, 
10.9367,2.9,-3.8,-0.3,-6.3,-2.4,-1.0,0.2,0,19686,0,217,0, 
10.9400,3.1,-8.5,-10.0,-7.1,-5.3,0.7,-3.3,0,19692,0,218,0, 
10.9433,1.8,-11.6,-15.8,-7.3,-7.3,3.0,-6.3,0,19698,0,219,0, 
10.9467,-0.5,-11.6,-14.6,-6.7,-8.2,3.6,-7.6,0,19704,0,220,0, 
10.9500,-2.7,-8.8,-7.6,-5.2,-8.2,1.0,-6.9,0,19710,0,221,0, 
10.9533,-4.0,-5.1,0.8,-2.9,-8.0,-3.9,-5.3,0,19716,0,222,0, 
10.9567,-4.1,-2.2,6.1,-0.6,-7.8,-8.6,-4.0,0,19722,0,223,0, 
10.9600,-3.5,-0.8,6.7,1.3,-8.2,-10.5,-3.3,0,19728,0,224,0, 
10.9633,-3.1,-0.2,3.8,2.7,-9.0,-9.3,-3.3,0,19734,0,225,0, 
10.9667,-3.6,0.6,0.3,3.7,-9.7,-7.1,-3.4,0,19740,0,226,0, 
10.9700,-5.2,1.6,-1.9,4.6,-9.4,-6.9,-3.7,0,19746,0,227,0, 
10.9733,-7.4,1.8,-2.3,5.0,-7.8,-10.0,-4.7,0,19752,0,228,0, 
10.9767,-9.5,0.4,-1.8,4.7,-5.6,-15.0,-6.6,0,19758,0,229,0, 
10.9800,-10.7,-2.4,-1.0,3.5,-4.4,-19.0,-9.4,0,19764,0,230,0, 
10.9833,-10.7,-5.1,-0.2,2.0,-5.2,-19.9,-12.2,0,19770,0,231,0, 
10.9867,-9.4,-6.3,0.0,0.9,-7.7,-18.0,-14.5,0,19776,0,232,0, 
10.9900,-7.2,-5.9,-0.8,0.7,-9.9,-15.4,-15.6,0,19782,0,233,0, 
10.9933,-4.7,-4.6,-2.9,1.2,-9.8,-13.3,-15.4,0,19788,0,234,0, 
10.9967,-2.5,-3.8,-4.9,1.7,-6.9,-11.6,-13.6,0,19794,0,235,0, 
11.0000,-1.2,-3.9,-4.8,1.8,-3.1,-9.1,-10.8,0,19800,0,236,0, 
11.0033,-0.9,-4.6,-1.3,1.6,-1.1,-6.2,-7.8,0,19806,0,237,0, 
11.0067,-1.5,-5.5,4.4,1.5,-2.5,-5.2,-6.4,0,19812,0,238,0, 
11.0100,-2.2,-6.4,8.6,1.7,-6.4,-8.7,-7.9,0,19818,0,239,0, 
11.0133,-2.6,-8.2,7.4,1.5,-10.2,-16.2,-12.3,0,19824,0,240,0, 
11.0167,-2.8,-11.3,-0.5,0.4,-11.5,-23.8,-18.0,0,19830,0,241,0, 
11.0200,-2.7,-15.1,-12.0,-1.5,-9.7,-26.5,-22.3,0,19836,0,242,0, 
11.0233,-2.8,-18.0,-21.0,-3.5,-6.8,-22.1,-23.2,0,19842,0,243,0, 
11.0267,-2.9,-18.4,-22.5,-4.1,-4.8,-13.8,-20.8,0,19848,0,244,0, 
11.0300,-2.6,-16.0,-15.7,-2.7,-5.0,-7.5,-17.1,0,19854,0,245,0, 
11.0333,-1.7,-12.2,-5.2,-0.1,-6.6,-7.5,-14.2,0,19860,0,246,0, 
11.0367,-0.2,-9.3,2.5,1.9,-7.9,-13.2,-13.0,0,19866,0,247,0, 
11.0400,1.7,-8.5,3.1,1.9,-7.9,-19.2,-12.8,0,19872,0,248,0, 
11.0433,3.4,-9.5,-2.2,-0.2,-7.1,-20.6,-12.2,0,19878,0,249,0, 
11.0467,4.3,-10.7,-8.3,-2.7,-6.3,-15.9,-10.6,0,19884,0,250,0, 
11.0500,4.1,-10.6,-9.5,-3.6,-6.2,-8.5,-8.8,0,19890,0,251,0, 
11.0533,3.0,-8.8,-4.2,-2.3,-6.0,-3.2,-8.1,0,19896,0,252,0, 
11.0567,1.1,-6.5,3.9,0.1,-4.7,-2.5,-9.1,0,19902,0,253,0, 
11.0600,-1.0,-5.3,8.6,1.8,-2.2,-5.2,-11.1,0,19908,0,254,0, 
11.0633,-3.0,-5.8,5.7,1.6,0.0,-8.3,-13.0,0,19914,0,255,0, 
11.0667,-4.3,-7.4,-3.3,-0.1,-0.4,-10.1,-13.9,0,19920,0,0,0, 
11.0700,-4.3,-8.6,-12.6,-1.7,-4.5,-11.0,-13.8,0,19926,0,1,0, 
11.0733,-2.9,-8.0,-16.2,-2.0,-10.6,-13.0,-13.3,0,19932,0,2,0, 
11.0767,-0.3,-5.2,-12.0,-1.1,-15.2,-16.3,-12.7,0,19938,0,3,0, 
11.0800,2.8,-1.2,-3.6,-0.3,-14.8,-19.2,-11.9,0,19944,0,4,0, 
11.0833,5.5,2.7,3.0,-0.7,-8.9,-19.1,-10.3,0,19950,0,5,0, 
11.0867,6.9,5.3,3.9,-2.1,-0.4,-14.4,-7.8,0,19956,0,6,0, 
11.0900,6.9,6.2,-0.3,-3.1,5.9,-6.8,-4.8,0,19962,0,7,0, 
11.0933,5.9,5.6,-5.7,-2.6,6.4,0.5,-2.0,0,19968,0,8,0, 
11.0967,5.1,3.9,-8.3,-0.5,1.3,4.1,0.1,0,19974,0,9,0, 
11.1000,5.3,2.1,-7.3,1.5,-5.8,3.2,1.6,0,19980,0,10,0, 
11.1033,6.6,0.9,-4.5,2.0,-10.4,-0.4,2.7,0,19986,0,11,0, 
11.1067,8.4,0.9,-2.0,0.4,-10.3,-3.0,4.1,0,19992,0,12,0, 
11.1100,9.6,2.6,-0.5,-2.1,-6.5,-1.2,6.2,0,19998,0,13,0, 
11.1133,9.8,5.5,1.1,-3.5,-2.2,5.4,9.2,0,20004,0,14,0, 
11.1167,9.4,8.5,3.9,-2.8,0.2,14.3,12.7,0,20010,0,15,0, 
11.1200,9.3,10.2,7.1,-0.5,0.4,20.6,15.3,0,20016,0,16,0, 
11.1233,10.2,10.1,9.1,1.7,0.3,20.6,15.9,0,20022,0,17,0, 
11.1267,11.4,8.5,8.7,2.4,1.8,14.0,13.7,0,20028,0,18,0, 
11.1300,11.9,7.1,7.0,1.6,4.8,4.7,10.0,0,20034,0,19,0, 
11.1333,10.8,7.0,6.2,0.7,7.3,-1.5,6.8,0,20040,0,20,0, 
11.1367,8.1,8.9,8.1,1.2,6.8,-1.0,6.1,0,20046,0,21,0, 
11.1400,5.1,11.8,11.9,3.3,2.6,5.0,8.3,0,20052,0,22,0, 
11.1433,3.0,14.2,15.1,6.0,-3.6,11.6,11.9,0,20058,0,23,0, 
11.1467,2.4,14.8,15.5,7.3,-8.4,13.8,14.2,0,20064,0,24,0, 
11.1500,2.6,13.6,12.6,6.4,-9.9,10.3,13.7,0,20070,0,25,0, 
11.1533,2.6,11.3,7.9,3.6,-8.4,4.1,10.8,0,20076,0,26,0, 
11.1567,1.7,8.8,3.4,0.5,-6.5,-0.2,7.2,0,20082,0,27,0, 
11.1600,0.3,6.6,0.3,-1.3,-6.8,0.2,4.7,0,20088,0,28,0, 
11.1633,-0.9,4.7,-0.9,-1.0,-9.6,3.7,3.4,0,20094,0,29,0, 
11.1667,-1.2,3.0,0.1,1.0,-13.0,6.4,2.4,0,20100,0,30,0, 
11.1700,-0.3,2.0,3.2,3.6,-14.1,5.2,0.8,0,20106,0,31,0, 
11.1733,1.4,2.0,7.6,5.4,-11.9,0.4,-1.3,0,20112,0,32,0, 
11.1767,3.6,2.8,11.2,5.8,-8.1,-5.3,-3.0,0,20118,0,33,0, 
11.1800,5.9,3.3,11.5,5.0,-5.5,-8.7,-3.4,0,20124,0,34,0, 
11.1833,7.9,2.7,7.2,3.9,-6.3,-9.0,-2.7,0,20130,0,35,0, 
11.1867,8.5,0.4,0.2,3.3,-9.8,-7.5,-2.0,0,20136,0,36,0, 
11.1900,7.3,-2.5,-5.7,3.5,-13.4,-6.1,-2.6,0,20142,0,37,0, 
11.1933,4.4,-4.6,-7.4,4.3,-14.3,-6.1,-4.5,0,20148,0,38,0, 
11.1967,1.4,-4.8,-4.7,4.6,-11.9,-7.4,-6.7,0,20154,0,39,0, 
11.2000,0.1,-3.5,-0.9,4.0,-7.9,-8.9,-8.0,0,20160,0,40,0, 
11.2033,1.3,-1.8,0.3,2.6,-4.9,-9.9,-7.9,0,20166,0,41,0, 
11.2067,4.3,-0.9,-2.1,1.2,-4.5,-9.7,-6.7,0,20172,0,42,0, 
11.2100,7.2,-0.8,-5.8,0.6,-5.9,-8.2,-5.2,0,20178,0,43,0, 
11.2133,8.5,-0.8,-7.4,1.0,-7.6,-5.5,-4.1,0,20184,0,44,0, 
11.2167,8.3,-0.4,-5.7,1.5,-8.2,-2.3,-2.9,0,20190,0,45,0, 
11.2200,8.0,0.3,-2.7,1.2,-8.0,0.2,-1.3,0,20196,0,46,0, 
11.2233,9.1,0.6,-1.6,-0.2,-8.2,0.7,1.0,0,20202,0,47,0, 
11.2267,11.4,0.0,-3.9,-1.8,-9.3,-0.8,3.6,0,20208,0,48,0, 
11.2300,13.4,-1.1,-7.2,-2.3,-10.7,-3.0,5.6,0,20214,0,49,0, 
11.2333,13.3,-1.4,-8.0,-1.0,-10.9,-4.0,6.4,0,20220,0,50,0, 
11.2367,10.7,-0.2,-4.1,1.3,-9.4,-3.0,6.2,0,20226,0,51,0, 
11.2400,7.4,2.3,2.6,3.2,-6.9,-0.7,5.2,0,20232,0,52,0, 
11.2433,5.5,4.7,8.0,3.3,-4.7,0.9,4.2,0,20238,0,53,0, 
11.2467,6.1,5.6,8.6,1.9,-3.9,0.5,3.3,0,20244,0,54,0, 
11.2500,7.9,4.9,4.8,0.1,-4.1,-1.8,2.6,0,20250,0,55,0, 
11.2533,8.8,3.4,0.0,-0.6,-3.9,-4.1,2.0,0,20256,0,56,0, 
11.2567,7.7,2.4,-2.2,0.2,-2.6,-4.4,1.7,0,20262,0,57,0, 
11.2600,5.6,2.6,-0.5,1.9,-1.0,-2.2,1.6,0,20268,0,58,0, 
11.2633,4.9,3.4,3.9,3.4,-0.5,0.9,1.8,0,20274,0,59,0, 
11.2667,7.1,4.3,8.0,4.2,-2.0,2.9,2.1,0,20280,0,60,0, 
11.2700,11.1,5.0,10.4,4.6,-4.2,2.6,2.4,0,20286,0,61,0, 
11.2733,14.1,5.6,10.8,5.2,-4.7,1.1,2.6,0,20292,0,62,0, 
11.2767,13.4,6.0,9.7,6.3,-1.9,1.2,3.3,0,20298,0,63,0, 
11.2800,9.3,5.5,7.1,7.2,3.4,4.8,4.7,0,20304,0,64,0, 
11.2833,4.4,3.7,3.2,7.1,8.5,11.7,6.6,0,20310,0,65,0, 
11.2867,2.0,0.8,-1.1,5.8,10.2,18.4,8.4,0,20316,0,66,0, 
11.2900,3.0,-1.5,-3.4,4.1,7.5,20.3,9.2,0,20322,0,67,0, 
11.2933,5.8,-1.7,-2.0,2.9,2.1,15.0,9.0,0,20328,0,68,0, 
11.2967,7.6,0.7,2.6,2.7,-2.7,4.3,8.3,0,20334,0,69,0, 
11.3000,7.1,4.3,7.6,3.0,-4.5,-5.6,8.0,0,20340,0,70,0, 
11.3033,5.6,6.6,9.7,2.9,-2.8,-8.3,8.7,0,20346,0,71,0, 
11.3067,5.7,6.1,8.0,2.0,1.2,-1.5,10.2,0,20352,0,72,0, 
11.3100,8.4,3.8,4.7,0.8,5.2,11.0,11.5,0,20358,0,73,0, 
11.3133,12.3,2.0,3.4,0.3,7.8,21.1,11.7,0,20364,0,74,0, 
11.3167,14.0,2.6,5.5,1.1,8.1,22.4,10.8,0,20370,0,75,0, 
11.3200,11.2,5.6,9.2,2.4,6.1,13.8,9.2,0,20376,0,76,0, 
11.3233,4.3,8.5,10.7,3.0,2.8,1.0,7.1,0,20382,0,77,0, 
11.3267,-3.5,9.0,7.8,2.1,-0.3,-8.6,4.8,0,20388,0,78,0, 
11.3300,-8.8,6.0,1.3,0.2,-1.4,-10.6,1.7,0,20394,0,79,0, 
11.3333,-10.4,0.9,-5.5,-1.6,0.1,-6.6,-1.8,0,20400,0,80,0, 
11.3367,-9.2,-3.6,-9.9,-1.8,3.3,-1.7,-5.1,0,20406,0,81,0, 
11.3400,-7.7,-5.7,-11.1,-0.4,5.5,-0.4,-6.8,0,20412,0,82,0, 
11.3433,-7.1,-5.1,-10.2,1.4,4.6,-3.1,-6.3,0,20418,0,83,0, 
11.3467,-7.2,-3.5,-8.2,2.4,0.5,-6.9,-4.6,0,20424,0,84,0, 
11.3500,-7.0,-2.8,-5.6,2.0,-4.4,-8.5,-3.4,0,20430,0,85,0, 
11.3533,-5.6,-4.0,-2.9,0.7,-6.9,-7.1,-4.3,0,20436,0,86,0, 
11.3567,-3.2,-6.9,-1.1,-0.6,-5.6,-4.2,-6.8,0,20442,0,87,0, 
11.3600,-0.6,-10.0,-1.9,-1.6,-1.9,-2.0,-9.4,0,20448,0,88,0, 
11.3633,1.7,-11.4,-5.3,-2.3,1.4,-1.4,-10.0,0,20454,0,89,0, 
11.3667,3.6,-10.1,-9.2,-3.2,2.1,-1.6,-8.0,0,20460,0,90,0, 
11.3700,5.4,-6.4,-10.5,-4.1,0.8,-1.9,-4.7,0,20466,0,91,0, 
11.3733,6.9,-1.6,-7.6,-4.2,-0.3,-2.1,-2.1,0,20472,0,92,0, 
11.3767,7.4,2.7,-1.8,-2.9,0.3,-2.7,-1.0,0,20478,0,93,0, 
11.3800,6.3,5.4,3.3,-0.6,1.7,-3.5,-1.0,0,20484,0,94,0, 
11.3833,3.7,6.4,5.1,1.8,1.7,-3.6,-0.9,0,20490,0,95,0, 
11.3867,0.5,6.4,4.4,3.4,-0.9,-1.8,-0.1,0,20496,0,96,0, 
11.3900,-1.9,6.4,4.2,3.7,-4.7,1.4,0.5,0,20502,0,97,0, 
11.3933,-3.0,6.3,6.7,3.0,-6.4,4.4,-0.1,0,20508,0,98,0, 
11.3967,-2.8,5.7,10.9,2.0,-4.0,5.6,-1.9,0,20514,0,99,0, 
11.4000,-2.0,4.3,12.7,0.8,1.6,4.9,-3.4,0,20520,0,100,0, 
11.4033,-1.1,2.2,8.8,-1.0,6.7,3.9,-2.7,0,20526,0,101,0, 
11.4067,-0.1,0.2,-0.2,-3.5,7.6,3.8,0.4,0,20532,0,102,0, 
11.4100,1.1,-0.8,-10.0,-6.2,3.6,4.5,4.4,0,20538,0,103,0, 
11.4133,2.4,-0.7,-15.4,-8.2,-2.5,4.5,6.4,0,20544,0,104,0, 
11.4167,3.1,-0.2,-13.9,-8.5,-6.5,2.7,5.0,0,20550,0,105,0, 
11.4200,2.7,-0.3,-7.5,-6.8,-6.2,0.2,1.1,0,20556,0,106,0, 
11.4233,1.2,-1.4,-0.6,-4.4,-2.5,-0.8,-2.8,0,20562,0,107,0, 
11.4267,-0.3,-3.3,2.4,-2.5,1.3,0.7,-4.6,0,20568,0,108,0, 
11.4300,-0.7,-5.3,0.1,-2.2,2.9,3.2,-4.6,0,20574,0,109,0, 
11.4333,0.5,-6.9,-6.2,-3.3,2.3,3.8,-4.7,0,20580,0,110,0, 
11.4367,2.0,-8.2,-13.3,-4.8,1.4,1.1,-6.5,0,20586,0,111,0, 
11.4400,2.0,-9.5,-18.0,-5.5,1.9,-2.9,-10.3,0,20592,0,112,0, 
11.4433,-0.5,-11.2,-18.3,-4.9,3.6,-4.5,-14.1,0,20598,0,113,0, 
11.4467,-4.4,-13.0,-14.7,-3.5,4.5,-2.1,-16.1,0,20604,0,114,0, 
11.4500,-7.4,-14.4,-9.6,-2.4,2.8,1.5,-15.8,0,20610,0,115,0, 
11.4533,-7.1,-15.3,-6.2,-2.5,-1.2,1.5,-14.2,0,20616,0,116,0, 
11.4567,-3.8,-15.6,-6.4,-3.8,-5.2,-4.6,-13.0,0,20622,0,117,0, 
11.4600,-0.1,-15.6,-9.5,-5.9,-6.5,-13.4,-12.7,0,20628,0,118,0, 
11.4633,1.0,-15.6,-12.8,-7.4,-4.4,-18.2,-12.9,0,20634,0,119,0, 
11.4667,-1.7,-15.8,-13.6,-7.6,-0.2,-14.3,-12.8,0,20640,0,120,0, 
11.4700,-6.3,-15.9,-11.6,-6.4,3.4,-3.8,-12.5,0,20646,0,121,0, 
11.4733,-9.6,-16.1,-9.1,-4.6,4.9,5.5,-13.2,0,20652,0,122,0, 
11.4767,-9.8,-16.7,-9.0,-3.1,4.8,6.2,-16.0,0,20658,0,123,0, 
11.4800,-8.1,-18.1,-11.9,-2.6,4.4,-3.1,-21.1,0,20664,0,124,0, 
11.4833,-7.4,-20.7,-15.1,-2.8,4.6,-16.7,-27.3,0,20670,0,125,0, 
11.4867,-9.8,-24.2,-15.6,-2.8,5.1,-26.6,-32.6,0,20676,0,126,0, 
11.4900,-14.9,-27.7,-12.7,-2.3,4.6,-28.7,-35.9,0,20682,0,127,0, 
11.4933,-20.1,-30.5,-9.5,-1.6,2.2,-24.9,-37.0,0,20688,0,128,0, 
11.4967,-22.8,-31.8,-10.1,-1.7,-1.6,-20.7,-36.2,0,20694,0,129,0, 
11.5000,-22.4,-31.3,-16.1,-3.1,-5.5,-20.0,-34.2,0,20700,0,130,0, 
11.5033,-20.5,-29.5,-24.8,-5.3,-8.1,-22.2,-31.2,0,20706,0,131,0, 
11.5067,-19.1,-27.0,-30.6,-6.9,-9.1,-23.6,-27.2,0,20712,0,132,0, 
11.5100,-18.8,-24.4,-30.1,-6.9,-8.4,-21.3,-22.5,0,20718,0,133,0, 
11.5133,-18.8,-22.3,-24.3,-5.5,-6.5,-15.2,-17.8,0,20724,0,134,0, 
11.5167,-18.0,-20.8,-17.5,-4.3,-3.5,-7.7,-13.7,0,20730,0,135,0, 
11.5200,-16.3,-19.7,-14.0,-4.6,-0.3,-1.5,-10.6,0,20736,0,136,0, 
11.5233,-15.1,-18.8,-14.3,-6.8,2.0,2.5,-8.7,0,20742,0,137,0, 
11.5267,-15.6,-17.7,-15.8,-9.3,2.7,4.4,-7.9,0,20748,0,138,0, 
11.5300,-17.7,-16.5,-15.6,-10.5,1.7,4.2,-8.3,0,20754,0,139,0, 
11.5333,-20.1,-15.4,-13.2,-9.4,0.4,1.5,-10.0,0,20760,0,140,0, 
11.5367,-21.5,-15.1,-10.7,-7.0,0.3,-3.9,-12.7,0,20766,0,141,0, 
11.5400,-21.4,-16.1,-10.3,-4.8,1.7,-10.6,-15.6,0,20772,0,142,0, 
11.5433,-20.7,-18.3,-12.3,-4.1,3.2,-16.0,-18.2,0,20778,0,143,0, 
11.5467,-20.4,-20.9,-14.9,-4.6,2.9,-17.8,-19.7,0,20784,0,144,0, 
11.5500,-21.0,-22.9,-15.9,-5.4,0.3,-15.4,-20.1,0,20790,0,145,0, 
11.5533,-21.6,-23.4,-15.2,-5.4,-2.7,-10.7,-19.3,0,20796,0,146,0, 
11.5567,-21.0,-22.3,-14.2,-4.5,-4.0,-6.4,-17.6,0,20802,0,147,0, 
11.5600,-18.4,-20.1,-14.2,-3.2,-2.5,-4.3,-15.2,0,20808,0,148,0, 
11.5633,-14.3,-17.6,-15.0,-1.9,0.3,-4.6,-12.2,0,20814,0,149,0, 
11.5667,-10.1,-15.3,-15.0,-0.6,1.6,-6.2,-9.2,0,20820,0,150,0, 
11.5700,-6.9,-13.1,-12.4,0.9,-0.1,-7.5,-6.3,0,20826,0,151,0, 
11.5733,-5.5,-11.0,-7.5,2.5,-3.5,-8.0,-3.8,0,20832,0,152,0, 
11.5767,-5.5,-9.2,-2.8,3.5,-5.4,-7.5,-2.1,0,20838,0,153,0, 
11.5800,-6.1,-8.6,-1.4,3.1,-3.5,-6.5,-1.0,0,20844,0,154,0, 
11.5833,-5.8,-9.8,-4.8,1.4,1.5,-5.6,-0.9,0,20850,0,155,0, 
11.5867,-3.9,-12.7,-11.7,-0.8,5.9,-5.7,-1.6,0,20856,0,156,0, 
11.5900,-0.6,-16.0,-18.4,-2.2,6.3,-7.5,-3.0,0,20862,0,157,0, 
11.5933,2.6,-17.7,-21.1,-1.8,2.2,-10.7,-4.6,0,20868,0,158,0, 
11.5967,4.1,-16.9,-18.2,0.1,-3.5,-13.8,-5.9,0,20874,0,159,0, 
11.6000,2.8,-14.0,-11.6,2.2,-6.4,-14.6,-6.6,0,20880,0,160,0, 
11.6033,-0.8,-10.6,-5.3,3.4,-4.0,-11.9,-6.4,0,20886,0,161,0, 
11.6067,-4.1,-8.6,-3.2,3.3,2.5,-6.2,-5.5,0,20892,0,162,0, 
11.6100,-4.8,-8.5,-6.2,2.5,8.9,-0.1,-4.0,0,20898,0,163,0, 
11.6133,-2.0,-9.4,-11.2,1.9,11.2,3.0,-1.9,0,20904,0,164,0, 
11.6167,2.8,-9.4,-13.3,2.3,8.0,1.6,0.2,0,20910,0,165,0, 
11.6200,6.8,-7.2,-9.4,3.5,1.7,-3.1,2.0,0,20916,0,166,0, 
11.6233,7.4,-2.9,-0.7,4.9,-3.7,-7.7,3.1,0,20922,0,167,0, 
11.6267,4.3,1.8,7.5,5.9,-5.1,-8.7,3.8,0,20928,0,168,0, 
11.6300,-0.6,5.4,9.8,6.0,-2.4,-4.7,4.7,0,20934,0,169,0, 
11.6333,-4.6,6.9,4.7,5.2,1.8,2.5,6.3,0,20940,0,170,0, 
11.6367,-5.7,6.9,-3.9,3.9,4.4,9.6,8.7,0,20946,0,171,0, 
11.6400,-3.9,6.8,-9.7,2.6,4.1,13.2,11.3,0,20952,0,172,0, 
11.6433,-0.5,7.4,-8.5,1.8,2.2,12.7,13.4,0,20958,0,173,0, 
11.6467,2.9,8.8,-1.6,1.7,1.0,9.7,14.6,0,20964,0,174,0, 
11.6500,4.8,10.3,5.8,2.1,1.6,6.8,15.4,0,20970,0,175,0, 
11.6533,4.9,11.1,8.4,2.3,3.1,5.4,15.9,0,20976,0,176,0, 
11.6567,3.4,11.2,5.4,2.0,3.5,5.0,15.9,0,20982,0,177,0, 
11.6600,1.0,11.1,0.0,1.0,1.8,4.0,14.5,0,20988,0,178,0, 
11.6633,-1.2,11.7,-2.7,-0.3,-0.7,1.5,11.6,0,20994,0,179,0, 
11.6667,-2.3,13.2,-1.0,-1.3,-1.9,-1.9,7.9,0,21000,0,180,0, 
11.6700,-2.0,14.7,3.1,-1.5,-0.4,-4.5,5.2,0,21006,0,181,0, 
11.6733,-1.1,14.9,5.8,-1.1,2.1,-5.0,4.6,0,21012,0,182,0, 
11.6767,-1.3,13.0,5.0,-0.6,2.7,-3.6,6.0,0,21018,0,183,0, 
11.6800,-3.7,9.6,2.2,-0.5,-0.4,-2.0,7.6,0,21024,0,184,0, 
11.6833,-7.9,6.0,0.7,-0.9,-6.2,-1.8,7.7,0,21030,0,185,0, 
11.6867,-12.0,3.7,2.4,-1.7,-10.9,-3.3,5.8,0,21036,0,186,0, 
11.6900,-13.5,3.1,5.7,-2.4,-11.7,-5.2,3.2,0,21042,0,187,0, 
11.6933,-11.8,3.2,6.6,-2.6,-8.2,-6.0,1.3,0,21048,0,188,0, 
11.6967,-8.9,2.3,2.3,-2.5,-3.3,-5.0,0.7,0,21054,0,189,0, 
11.7000,-8.4,-0.3,-6.3,-2.5,-0.3,-3.4,0.3,0,21060,0,190,0, 
11.7033,-12.7,-4.1,-15.3,-2.8,-0.7,-3.0,-1.3,0,21066,0,191,0, 
11.7067,-21.0,-7.9,-20.2,-3.5,-3.0,-4.6,-4.5,0,21072,0,192,0, 
11.7100,-29.6,-10.3,-19.1,-4.3,-5.1,-7.7,-8.3,0,21078,0,193,0, 
11.7133,-34.2,-11.1,-13.9,-4.7,-5.8,-10.2,-10.9,0,21084,0,194,0, 
11.7167,-33.0,-11.0,-8.5,-4.6,-5.6,-10.3,-11.3,0,21090,0,195,0, 
11.7200,-28.3,-11.0,-6.0,-3.9,-5.8,-8.3,-10.1,0,21096,0,196,0, 
11.7233,-24.2,-11.5,-7.3,-3.2,-6.6,-6.0,-8.6,0,21102,0,197,0, 
11.7267,-24.0,-12.2,-10.3,-2.7,-7.3,-5.9,-7.6,0,21108,0,198,0, 
11.7300,-27.6,-12.3,-12.4,-2.8,-6.9,-8.6,-7.0,0,21114,0,199,0, 
11.7333,-32.0,-11.3,-12.4,-3.3,-5.6,-12.9,-6.2,0,21120,0,200,0, 
11.7367,-34.3,-9.6,-10.7,-4.0,-4.3,-16.0,-5.0,0,21126,0,201,0, 
11.7400,-33.4,-8.0,-9.1,-4.5,-3.7,-16.0,-4.1,0,21132,0,202,0, 
11.7433,-30.9,-7.0,-9.1,-4.5,-3.6,-13.3,-4.3,0,21138,0,203,0, 
11.7467,-29.6,-7.1,-10.7,-4.1,-3.2,-10.6,-5.7,0,21144,0,204,0, 
11.7500,-30.5,-7.6,-12.3,-3.5,-2.3,-10.1,-7.3,0,21150,0,205,0, 
11.7533,-32.7,-7.9,-12.0,-2.9,-1.6,-12.3,-7.9,0,21156,0,206,0, 
11.7567,-34.0,-7.4,-9.1,-2.6,-2.1,-14.9,-7.1,0,21162,0,207,0, 
11.7600,-32.7,-6.1,-4.8,-2.4,-3.7,-15.1,-5.6,0,21168,0,208,0, 
11.7633,-29.3,-4.5,-1.4,-2.2,-4.8,-11.9,-4.4,0,21174,0,209,0, 
11.7667,-25.6,-3.2,-0.7,-1.9,-3.9,-7.2,-4.4,0,21180,0,210,0, 
11.7700,-23.0,-2.9,-2.9,-1.8,-1.0,-4.9,-5.4,0,21186,0,211,0, 
11.7733,-21.8,-3.7,-6.0,-1.8,2.0,-7.6,-6.7,0,21192,0,212,0, 
11.7767,-21.1,-5.1,-8.0,-2.3,2.4,-14.8,-7.8,0,21198,0,213,0, 
11.7800,-19.9,-6.7,-7.9,-3.2,-0.7,-22.3,-8.6,0,21204,0,214,0, 
11.7833,-18.1,-7.7,-6.2,-4.2,-5.3,-25.8,-9.1,0,21210,0,215,0, 
11.7867,-16.2,-7.2,-4.4,-4.9,-8.3,-23.4,-8.7,0,21216,0,216,0, 
11.7900,-14.6,-5.1,-3.4,-5.1,-7.5,-16.7,-6.8,0,21222,0,217,0, 
11.7933,-12.8,-1.4,-3.0,-4.9,-3.5,-9.6,-3.3,0,21228,0,218,0, 
11.7967,-9.9,2.9,-2.1,-4.6,0.9,-4.8,1.1,0,21234,0,219,0, 
11.8000,-5.5,6.7,-0.5,-4.6,3.3,-2.4,4.8,0,21240,0,220,0, 
11.8033,-0.5,8.6,1.2,-5.3,3.6,-0.3,6.5,0,21246,0,221,0, 
11.8067,3.3,8.2,1.8,-6.7,3.1,2.8,6.3,0,21252,0,222,0, 
11.8100,4.7,6.1,1.0,-8.3,3.3,5.8,5.5,0,21258,0,223,0, 
11.8133,3.6,3.4,-0.1,-9.2,4.3,6.3,5.6,0,21264,0,224,0, 
11.8167,1.3,1.3,0.1,-9.0,5.1,3.1,7.4,0,21270,0,225,0, 
11.8200,-0.1,0.2,1.5,-7.7,4.5,-1.7,10.6,0,21276,0,226,0, 
11.8233,0.6,-0.2,2.9,-6.0,2.8,-3.9,13.6,0,21282,0,227,0, 
11.8267,3.0,-0.5,2.0,-5.0,1.1,-0.4,15.5,0,21288,0,228,0, 
11.8300,5.9,-0.7,-1.7,-5.2,0.1,7.5,15.7,0,21294,0,229,0, 
11.8333,7.6,-0.5,-6.3,-6.2,-0.2,15.0,14.9,0,21300,0,230,0, 
11.8367,7.1,0.7,-8.6,-7.1,-0.7,17.0,13.9,0,21306,0,231,0, 
11.8400,4.6,2.6,-6.3,-6.6,-1.7,12.4,12.9,0,21312,0,232,0, 
11.8433,1.7,4.6,-0.4,-4.4,-2.4,4.4,11.8,0,21318,0,233,0, 
11.8467,-0.3,5.7,5.8,-1.2,-1.9,-2.4,9.9,0,21324,0,234,0, 
11.8500,-0.3,5.6,8.5,1.5,-0.2,-5.7,7.0,0,21330,0,235,0, 
11.8533,1.1,4.5,6.3,2.5,1.4,-6.8,3.3,0,21336,0,236,0, 
11.8567,2.2,3.0,1.0,1.5,1.5,-7.9,-0.3,0,21342,0,237,0, 
11.8600,1.5,1.6,-4.1,-0.7,-0.2,-9.4,-2.6,0,21348,0,238,0, 
11.8633,-1.4,0.2,-6.0,-2.8,-2.0,-9.4,-2.8,0,21354,0,239,0, 
11.8667,-5.3,-1.0,-4.2,-3.9,-2.3,-5.9,-1.3,0,21360,0,240,0, 
11.8700,-8.0,-2.0,-0.2,-3.5,-0.7,-0.5,0.9,0,21366,0,241,0, 
11.8733,-7.9,-2.5,3.3,-1.8,1.0,2.6,2.3,0,21372,0,242,0, 
11.8767,-5.3,-2.3,4.6,0.2,0.8,0.2,2.2,0,21378,0,243,0, 
11.8800,-1.7,-1.9,3.4,2.0,-2.0,-6.8,0.9,0,21384,0,244,0, 
11.8833,1.2,-2.1,1.3,3.3,-5.5,-12.6,-0.9,0,21390,0,245,0, 
11.8867,2.9,-3.4,0.4,4.0,-7.0,-12.1,-2.3,0,21396,0,246,0, 
11.8900,3.8,-5.6,1.8,4.4,-4.9,-4.6,-3.1,0,21402,0,247,0, 
11.8933,5.0,-7.8,4.9,4.5,-0.6,4.7,-3.7,0,21408,0,248,0, 
11.8967,6.2,-9.0,7.6,4.1,3.1,9.3,-4.7,0,21414,0,249,0, 
11.9000,6.7,-8.6,7.7,3.0,4.0,6.8,-5.7,0,21420,0,250,0, 
11.9033,5.5,-6.8,4.7,1.3,2.5,1.1,-5.8,0,21426,0,251,0, 
11.9067,3.1,-3.9,0.3,-0.4,0.8,-2.1,-4.4,0,21432,0,252,0, 
11.9100,1.0,-0.3,-2.1,-1.1,0.9,-0.2,-1.5,0,21438,0,253,0, 
11.9133,1.1,4.0,-0.5,-0.5,2.9,3.9,1.8,0,21444,0,254,0, 
11.9167,3.8,8.5,4.5,1.1,4.8,5.2,4.3,0,21450,0,255,0, 
11.9200,8.3,12.6,10.1,2.8,4.5,1.7,5.2,0,21456,0,0,0, 
11.9233,12.4,15.4,13.1,3.8,1.6,-3.4,5.0,0,21462,0,1,0, 
11.9267,15.0,16.3,12.7,3.7,-2.2,-5.1,4.7,0,21468,0,2,0, 
11.9300,15.8,15.8,10.4,3.2,-4.3,-1.5,5.0,0,21474,0,3,0, 
11.9333,15.6,14.4,8.4,2.9,-3.5,4.0,5.8,0,21480,0,4,0, 
11.9367,15.6,12.8,7.5,2.9,-1.1,5.8,6.3,0,21486,0,5,0, 
11.9400,16.2,11.2,6.3,2.7,0.4,1.5,5.7,0,21492,0,6,0, 
11.9433,17.0,9.2,3.1,1.4,-0.7,-5.5,3.9,0,21498,0,7,0, 
11.9467,17.3,6.4,-1.7,-1.0,-3.3,-8.9,1.4,0,21504,0,8,0, 
11.9500,16.5,2.8,-5.7,-3.5,-4.9,-5.0,-0.8,0,21510,0,9,0, 
11.9533,14.6,-1.0,-5.9,-4.8,-3.1,3.5,-2.0,0,21516,0,10,0, 
11.9567,12.4,-4.3,-2.0,-4.1,1.8,9.9,-2.4,0,21522,0,11,0, 
11.9600,11.1,-6.8,2.4,-1.8,6.6,8.5,-2.7,0,21528,0,12,0, 
11.9633,11.8,-8.9,2.9,0.4,7.7,-0.4,-3.5,0,21534,0,13,0, 
11.9667,14.2,-10.9,-2.6,1.2,3.7,-11.3,-5.5,0,21540,0,14,0, 
11.9700,16.6,-12.8,-11.0,0.2,-3.2,-17.8,-8.3,0,21546,0,15,0, 
11.9733,17.1,-14.1,-16.5,-1.7,-8.1,-16.9,-11.0,0,21552,0,16,0, 
11.9767,14.7,-14.0,-14.5,-2.9,-7.7,-11.0,-12.7,0,21558,0,17,0, 
11.9800,10.5,-11.9,-5.6,-2.8,-2.3,-4.9,-13.1,0,21564,0,18,0, 
11.9833,7.4,-8.4,4.5,-2.0,4.1,-2.7,-12.8,0,21570,0,19,0, 
11.9867,7.7,-5.0,9.2,-1.6,6.4,-5.0,-12.8,0,21576,0,20,0, 
11.9900,11.3,-3.1,5.7,-2.5,2.5,-9.9,-13.8,0,21582,0,21,0, 
11.9933,15.3,-3.0,-2.5,-4.5,-5.5,-14.6,-15.4,0,21588,0,22,0, 
11.9967,16.5,-3.9,-9.1,-6.6,-12.7,-17.0,-16.5,0,21594,0,23,0, 
12.0000,13.5,-4.0,-9.1,-7.6,-15.2,-16.2,-15.7,0,21600,0,24,0, 
12.0033,8.2,-2.0,-3.1,-7.0,-12.2,-12.0,-12.6,0,21606,0,25,0, 
12.0067,4.2,2.4,3.9,-5.6,-6.2,-5.2,-7.9,0,21612,0,26,0, 
12.0100,3.9,7.6,7.2,-4.1,-0.4,2.4,-2.7,0,21618,0,27,0, 
12.0133,7.2,12.0,5.5,-3.0,3.0,8.2,2.0,0,21624,0,28,0, 
12.0167,11.5,14.2,2.5,-2.0,4.4,10.2,6.2,0,21630,0,29,0, 
12.0200,13.9,14.7,2.8,-0.4,4.9,8.1,10.5,0,21636,0,30,0, 
12.0233,13.7,14.5,7.7,2.1,5.3,4.2,15.0,0,21642,0,31,0, 
12.0267,12.2,14.8,14.1,4.8,5.2,2.1,19.3,0,21648,0,32,0, 
12.0300,11.8,15.9,17.3,6.6,4.4,4.2,22.7,0,21654,0,33,0, 
12.0333,13.7,17.4,14.8,6.6,3.1,10.4,24.9,0,21660,0,34,0, 
12.0367,17.7,18.5,9.0,4.5,2.7,17.8,26.6,0,21666,0,35,0, 
12.0400,22.5,18.7,4.8,1.2,4.2,22.8,28.6,0,21672,0,36,0, 
12.0433,26.7,18.2,5.4,-2.4,7.7,23.8,31.1,0,21678,0,37,0, 
12.0467,29.7,17.1,9.7,-5.3,11.9,22.1,33.3,0,21684,0,38,0, 
12.0500,31.1,15.3,13.1,-7.2,15.0,20.8,33.9,0,21690,0,39,0, 
12.0533,31.1,12.7,11.9,-8.1,16.1,22.2,32.3,0,21696,0,40,0, 
12.0567,29.6,9.5,6.7,-7.8,15.2,25.8,28.7,0,21702,0,41,0, 
12.0600,27.2,6.4,1.5,-6.3,13.2,28.7,24.5,0,21708,0,42,0, 
12.0633,24.7,4.2,0.6,-3.8,10.7,27.2,20.5,0,21714,0,43,0, 
12.0667,22.6,3.2,4.5,-0.7,8.0,20.2,16.9,0,21720,0,44,0, 
12.0700,21.0,2.8,9.5,2.1,5.5,9.7,13.3,0,21726,0,45,0, 
12.0733,19.1,1.9,11.4,4.3,3.4,-0.4,9.2,0,21732,0,46,0, 
12.0767,16.3,0.2,8.8,5.6,2.5,-6.3,4.9,0,21738,0,47,0, 
12.0800,12.6,-1.9,4.3,6.5,3.1,-6.8,1.5,0,21744,0,48,0, 
12.0833,9.2,-2.8,2.0,7.3,4.7,-3.6,0.0,0,21750,0,49,0, 
12.0867,7.3,-1.5,4.0,7.6,6.3,0.3,0.2,0,21756,0,50,0, 
12.0900,7.1,2.0,9.0,7.1,6.4,2.3,1.3,0,21762,0,51,0, 
12.0933,7.9,6.6,13.8,5.6,4.2,1.8,2.0,0,21768,0,52,0, 
12.0967,7.9,11.1,15.9,3.5,-0.4,-0.2,1.9,0,21774,0,53,0, 
12.1000,6.4,14.9,15.2,2.0,-6.4,-1.9,1.8,0,21780,0,54,0, 
12.1033,4.0,18.3,13.4,1.7,-12.3,-2.0,2.9,0,21786,0,55,0, 
12.1067,2.1,21.6,12.2,3.0,-16.3,-0.4,5.7,0,21792,0,56,0, 
12.1100,1.8,25.2,12.3,5.0,-17.3,2.0,10.1,0,21798,0,57,0, 
12.1133,2.9,28.4,13.3,6.9,-15.2,3.9,14.9,0,21804,0,58,0, 
12.1167,4.3,30.4,15.2,8.3,-10.9,4.8,18.8,0,21810,0,59,0, 
12.1200,5.1,30.7,17.5,9.2,-6.2,5.5,21.5,0,21816,0,60,0, 
12.1233,5.0,29.6,19.6,10.0,-2.8,7.3,23.4,0,21822,0,61,0, 
12.1267,4.5,27.8,20.3,10.7,-0.9,10.9,25.3,0,21828,0,62,0, 
12.1300,4.3,26.0,18.8,11.1,0.1,15.7,27.3,0,21834,0,63,0, 
12.1333,4.4,24.8,15.6,10.6,1.6,19.6,29.1,0,21840,0,64,0, 
12.1367,4.4,24.0,12.4,9.1,4.2,21.0,30.1,0,21846,0,65,0, 
12.1400,4.3,23.2,11.2,6.8,7.2,19.6,30.0,0,21852,0,66,0, 
12.1433,4.5,21.8,12.1,4.2,9.1,16.9,28.8,0,21858,0,67,0, 
12.1467,5.5,19.5,13.5,1.7,9.1,14.7,27.3,0,21864,0,68,0, 
12.1500,7.4,16.6,13.1,-0.7,7.4,13.8,25.7,0,21870,0,69,0, 
12.1533,9.2,13.7,10.3,-3.0,5.1,13.5,24.1,0,21876,0,70,1, sound 
12.1567,9.8,12.0,6.5,-5.1,2.9,12.5,22.6,0,21882,0,71,0, 
12.1600,8.5,11.7,3.6,-6.8,0.8,10.6,21.1,0,21888,0,72,0, 
12.1633,6.4,12.7,2.7,-7.5,-1.8,9.1,20.0,0,21894,0,73,0, 
12.1667,5.0,14.2,2.9,-7.3,-5.3,9.4,19.7,0,21900,0,74,0, 
12.1700,5.0,15.3,3.1,-5.9,-8.8,11.6,20.1,0,21906,0,75,0, 
12.1733,5.7,15.5,2.8,-3.6,-10.7,13.9,20.4,0,21912,0,76,0, 
12.1767,5.2,15.3,3.3,-0.6,-9.8,13.7,19.7,0,21918,0,77,0, 
12.1800,2.3,15.0,5.5,2.8,-6.9,9.9,17.1,0,21924,0,78,0, 
12.1833,-2.4,14.8,8.7,5.7,-4.2,3.9,12.7,0,21930,0,79,0, 
12.1867,-7.0,14.3,10.7,7.5,-3.5,-2.0,7.2,0,21936,0,80,0, 
12.1900,-9.1,13.3,9.5,7.6,-5.3,-5.8,2.2,0,21942,0,81,0, 
12.1933,-8.5,12.1,5.4,6.1,-7.7,-7.0,-0.9,0,21948,0,82,0, 
12.1967,-6.9,11.2,0.9,3.7,-8.2,-6.2,-1.6,0,21954,0,83,0, 
12.2000,-6.7,11.2,-1.1,1.3,-5.3,-3.9,-0.1,0,21960,0,84,0, 
12.2033,-9.3,11.7,0.2,-0.6,0.0,-0.2,2.5,0,21966,0,85,0, 
12.2067,-13.5,11.8,2.5,-1.8,4.7,4.3,4.7,0,21972,0,86,0, 
12.2100,-16.9,10.7,2.6,-2.7,6.2,8.3,5.7,0,21978,0,87,0, 
12.2133,-17.5,8.3,-1.0,-3.6,3.9,9.6,5.6,0,21984,0,88,0, 
12.2167,-15.3,5.1,-6.2,-4.4,-0.6,7.2,5.2,0,21990,0,89,0, 
12.2200,-12.2,2.4,-9.5,-4.8,-4.1,2.4,5.4,0,21996,0,90,0, 
12.2233,-10.5,0.7,-8.0,-4.5,-4.7,-2.1,6.4,0,22002,0,91,0, 
12.2267,-11.0,0.1,-2.7,-3.5,-3.1,-3.6,7.6,0,22008,0,92,0, 
12.2300,-12.7,0.1,3.1,-2.1,-1.5,-1.9,8.2,0,22014,0,93,0, 
12.2333,-13.6,0.6,5.6,-0.5,-2.1,1.3,7.9,0,22020,0,94,0, 
12.2367,-12.8,1.7,4.3,1.1,-5.0,3.7,6.9,0,22026,0,95,0, 
12.2400,-10.7,3.6,1.2,2.7,-8.0,4.1,6.0,0,22032,0,96,0, 
12.2433,-8.8,5.9,0.1,4.0,-8.6,3.4,5.1,0,22038,0,97,0, 
12.2467,-8.6,7.7,2.7,5.1,-5.8,2.2,3.7,0,22044,0,98,0, 
12.2500,-10.2,8.2,8.2,5.8,-1.5,0.5,1.1,0,22050,0,99,0, 
12.2533,-12.5,7.2,13.6,6.3,1.3,-2.4,-2.6,0,22056,0,100,0, 
12.2567,-14.2,5.7,16.7,6.7,0.9,-6.9,-6.1,0,22062,0,101,0, 
12.2600,-14.7,4.9,16.5,6.9,-2.0,-11.6,-7.5,0,22068,0,102,0, 
12.2633,-14.0,5.4,14.1,6.9,-4.9,-14.2,-6.1,0,22074,0,103,0, 
12.2667,-12.7,6.8,10.7,6.6,-6.0,-13.5,-2.9,0,22080,0,104,0, 
12.2700,-11.4,8.1,7.1,5.8,-5.1,-10.4,-0.3,0,22086,0,105,0, 
12.2733,-10.3,8.0,3.7,5.0,-3.8,-7.1,0.0,0,22092,0,106,0, 
12.2767,-9.2,6.4,0.8,4.1,-3.3,-5.4,-1.9,0,22098,0,107,0, 
12.2800,-8.1,4.0,-1.0,3.0,-3.2,-4.8,-4.2,0,22104,0,108,0, 
12.2833,-6.9,1.9,-1.7,1.6,-2.0,-3.5,-4.9,0,22110,0,109,0, 
12.2867,-5.6,0.7,-1.3,-0.3,1.0,-0.3,-3.7,0,22116,0,110,0, 
12.2900,-4.3,0.6,-0.3,-2.1,4.4,4.0,-2.0,0,22122,0,111,0, 
12.2933,-2.8,1.0,1.1,-3.4,5.7,6.7,-1.5,0,22128,0,112,0, 
12.2967,-1.2,1.4,2.6,-3.8,3.1,6.0,-2.9,0,22134,0,113,0, 
12.3000,0.6,1.5,4.0,-3.6,-2.0,2.4,-4.7,0,22140,0,114,0, 
12.3033,2.5,1.2,4.4,-3.1,-6.3,-1.6,-4.7,0,22146,0,115,0, 
12.3067,4.7,1.2,3.6,-2.6,-6.3,-2.9,-1.8,0,22152,0,116,0, 
12.3100,7.1,2.1,2.2,-1.6,-1.5,-0.7,3.4,0,22158,0,117,0, 
12.3133,9.2,4.4,2.3,0.2,5.3,3.7,8.5,0,22164,0,118,0, 
12.3167,10.9,7.6,5.5,2.9,10.4,7.7,12.0,0,22170,0,119,0, 
12.3200,12.1,10.7,11.4,5.6,11.5,9.8,13.3,0,22176,0,120,0, 
12.3233,12.9,12.5,17.0,6.9,9.4,10.0,13.6,0,22182,0,121,0, 
12.3267,13.5,12.4,18.7,6.0,6.7,9.1,14.1,0,22188,0,122,0, 
12.3300,13.9,10.8,14.9,3.4,5.6,8.2,15.1,0,22194,0,123,0, 
12.3333,13.4,8.9,8.2,0.8,6.3,7.4,16.2,0,22200,0,124,0, 
12.3367,11.4,7.9,3.0,-0.6,6.9,6.6,16.5,0,22206,0,125,0, 
12.3400,7.9,7.8,2.3,-0.5,5.8,5.6,15.9,0,22212,0,126,0, 
12.3433,3.8,7.9,5.0,0.0,2.6,4.7,14.8,0,22218,0,127,0, 
12.3467,0.9,6.9,7.3,-0.4,-0.9,4.4,13.5,0,22224,0,128,0, 
12.3500,0.3,4.7,6.0,-1.9,-2.9,4.6,12.1,0,22230,0,129,0, 
12.3533,2.0,2.0,1.6,-3.6,-2.5,5.3,9.9,0,22236,0,130,0, 
12.3567,5.1,0.2,-2.8,-4.1,-0.8,5.9,7.1,0,22242,0,131,0, 
12.3600,8.2,0.2,-4.0,-2.9,0.7,6.3,4.4,0,22248,0,132,0, 
12.3633,10.4,1.6,-1.7,-0.5,1.2,6.7,3.1,0,22254,0,133,0, 
12.3667,11.5,3.6,1.8,1.8,1.8,7.9,4.0,0,22260,0,134,0, 
12.3700,11.7,5.3,4.4,3.3,4.2,10.0,6.5,0,22266,0,135,0, 
12.3733,11.2,6.2,6.4,4.2,8.7,12.5,9.0,0,22272,0,136,0, 
12.3767,10.0,6.7,8.9,5.3,13.7,13.9,9.8,0,22278,0,137,0, 
12.3800,8.5,6.8,12.2,6.7,16.1,12.4,8.6,0,22284,0,138,0, 
12.3833,6.9,6.4,14.3,7.7,14.2,7.5,6.2,0,22290,0,139,0, 
12.3867,5.5,5.6,13.1,7.1,8.7,1.1,4.5,0,22296,0,140,0, 
12.3900,4.2,4.8,9.2,4.7,2.8,-3.5,4.9,0,22302,0,141,0, 
12.3933,2.5,4.7,6.1,1.8,-0.4,-3.3,7.3,0,22308,0,142,0, 
12.3967,-0.3,5.5,7.6,0.0,-0.1,1.9,10.4,0,22314,0,143,0, 
12.4000,-3.8,6.5,13.5,0.4,2.0,8.9,12.1,0,22320,0,144,0, 
12.4033,-7.3,6.3,18.7,2.4,3.0,12.7,11.1,0,22326,0,145,0, 
12.4067,-9.7,4.0,17.2,4.0,1.5,9.8,7.6,0,22332,0,146,0, 
12.4100,-10.3,0.2,7.6,3.6,-1.5,0.6,3.0,0,22338,0,147,0, 
12.4133,-9.6,-3.1,-5.0,1.3,-3.8,-10.2,-0.2,0,22344,0,148,0, 
12.4167,-8.5,-4.0,-12.4,-1.3,-3.8,-16.3,-0.3,0,22350,0,149,0, 
12.4200,-8.0,-2.0,-10.1,-2.2,-1.6,-14.1,2.7,0,22356,0,150,0, 
12.4233,-8.5,1.4,-0.5,-0.7,1.1,-4.6,7.2,0,22362,0,151,0, 
12.4267,-9.5,3.9,8.8,2.1,2.9,7.1,10.5,0,22368,0,152,0, 
12.4300,-10.1,3.8,10.9,4.1,3.5,14.8,11.0,0,22374,0,153,0, 
12.4333,-9.5,1.4,4.9,4.1,3.3,15.0,8.6,0,22380,0,154,0, 
12.4367,-7.3,-1.6,-4.3,2.5,2.7,8.7,4.8,0,22386,0,155,0, 
12.4400,-4.2,-3.3,-10.3,0.5,1.7,0.1,1.7,0,22392,0,156,0, 
12.4433,-1.2,-3.0,-9.7,-0.4,0.3,-6.0,0.6,0,22398,0,157,0, 
12.4467,0.2,-1.7,-4.0,-0.1,-1.0,-7.3,1.1,0,22404,0,158,0, 
12.4500,-0.5,-0.9,2.0,0.3,-1.2,-4.9,1.7,0,22410,0,159,0, 
12.4533,-3.0,-2.0,3.9,-0.1,-0.2,-1.5,1.1,0,22416,0,160,0, 
12.4567,-6.0,-5.3,0.1,-1.9,1.4,0.0,-1.2,0,22422,0,161,0, 
12.4600,-8.1,-10.0,-7.6,-4.0,1.8,-1.2,-4.6,0,22428,0,162,0, 
12.4633,-8.5,-14.7,-15.0,-5.4,0.1,-4.5,-8.0,0,22434,0,163,0, 
12.4667,-8.0,-17.9,-18.0,-5.3,-3.0,-8.4,-11.0,0,22440,0,164,0, 
12.4700,-7.8,-18.7,-14.6,-4.4,-5.7,-11.8,-13.1,0,22446,0,165,0, 
12.4733,-8.6,-17.3,-6.4,-3.6,-6.0,-13.6,-14.3,0,22452,0,166,0, 
12.4767,-9.9,-14.4,1.9,-3.6,-3.9,-13.6,-14.1,0,22458,0,167,0, 
12.4800,-10.7,-11.2,5.2,-4.3,-1.1,-11.6,-12.3,0,22464,0,168,0, 
12.4833,-9.9,-8.7,1.7,-4.8,0.1,-8.6,-9.5,0,22470,0,169,0, 
12.4867,-7.8,-7.0,-6.0,-4.2,-1.1,-6.4,-6.8,0,22476,0,170,0, 
12.4900,-5.3,-5.5,-12.5,-2.3,-3.6,-6.6,-5.4,0,22482,0,171,0, 
12.4933,-3.3,-3.6,-12.8,0.3,-5.3,-9.2,-5.8,0,22488,0,172,0, 
12.4967,-1.9,-0.9,-6.4,2.7,-4.7,-11.8,-6.8,0,22494,0,173,0, 
12.5000,-0.4,2.0,2.9,4.3,-2.5,-11.3,-6.8,0,22500,0,174,0, 
12.5033,1.9,4.4,9.8,5.1,-0.7,-5.7,-4.9,0,22506,0,175,0, 
12.5067,4.7,5.5,11.0,5.2,-1.1,3.1,-1.4,0,22512,0,176,0, 
12.5100,7.2,4.9,7.0,4.6,-3.3,10.6,1.9,0,22518,0,177,0, 
12.5133,8.2,2.7,0.8,3.0,-5.2,11.8,3.1,0,22524,0,178,0, 
12.5167,7.7,-0.9,-4.4,0.3,-4.0,5.6,1.5,0,22530,0,179,0, 
12.5200,6.2,-5.2,-7.1,-3.0,0.9,-4.6,-1.9,0,22536,0,180,0, 
12.5233,4.6,-9.4,-7.8,-5.8,7.7,-13.1,-4.7,0,22542,0,181,0, 
12.5267,3.4,-12.6,-7.6,-7.1,12.8,-15.0,-5.2,0,22548,0,182,0, 
12.5300,2.7,-14.2,-7.2,-6.4,13.5,-10.0,-3.0,0,22554,0,183,0, 
12.5333,2.4,-13.9,-6.4,-4.2,10.0,-1.8,0.5,0,22560,0,184,0, 
12.5367,2.7,-11.7,-4.5,-1.6,5.0,4.7,3.4,0,22566,0,185,0, 
12.5400,3.7,-8.4,-1.0,0.1,1.8,6.4,3.8,0,22572,0,186,0, 
12.5433,5.1,-4.8,3.8,0.6,2.2,3.9,1.8,0,22578,0,187,0, 
12.5467,6.1,-1.8,8.2,0.4,5.0,0.0,-1.5,0,22584,0,188,0, 
12.5500,5.7,-0.1,10.3,0.3,7.4,-2.3,-4.1,0,22590,0,189,0, 
12.5533,3.7,0.5,8.6,0.9,7.3,-1.9,-5.1,0,22596,0,190,0, 
12.5567,1.1,0.3,3.8,1.9,4.6,0.4,-4.7,0,22602,0,191,0, 
12.5600,-0.9,0.2,-1.2,2.5,1.1,2.5,-4.3,0,22608,0,192,0, 
12.5633,-1.2,0.6,-2.8,2.2,-0.9,2.9,-5.3,0,22614,0,193,0, 
12.5667,-0.2,1.1,0.3,1.1,-0.4,1.2,-7.9,0,22620,0,194,0, 
12.5700,1.1,0.8,6.0,0.0,1.6,-1.9,-11.5,0,22626,0,195,0, 
12.5733,1.6,-1.2,10.0,-0.3,3.4,-5.2,-14.6,0,22632,0,196,0, 
12.5767,0.7,-4.7,8.8,0.6,3.5,-7.8,-16.1,0,22638,0,197,0, 
12.5800,-0.9,-8.7,2.6,2.0,1.9,-9.1,-16.1,0,22644,0,198,0, 
12.5833,-2.6,-11.5,-4.5,2.9,-0.3,-9.5,-15.4,0,22650,0,199,0, 
12.5867,-3.7,-12.2,-8.1,2.5,-1.7,-9.9,-14.8,0,22656,0,200,0, 
12.5900,-4.5,-11.2,-6.8,0.9,-1.9,-11.3,-14.9,0,22662,0,201,0, 
12.5933,-5.4,-10.2,-3.3,-1.2,-1.2,-13.5,-15.4,0,22668,0,202,0, 
12.5967,-7.0,-10.9,-1.9,-2.9,-0.3,-15.1,-15.7,0,22674,0,203,0, 
12.6000,-9.2,-13.4,-4.9,-3.8,0.2,-13.6,-15.2,0,22680,0,204,0, 
12.6033,-11.2,-16.5,-10.4,-4.4,0.3,-7.7,-13.4,0,22686,0,205,0, 
12.6067,-12.2,-18.4,-14.2,-5.0,0.4,1.8,-10.8,0,22692,0,206,0, 
12.6100,-11.2,-17.9,-13.1,-5.9,1.0,11.0,-8.1,0,22698,0,207,0, 
12.6133,-8.1,-15.2,-8.0,-6.5,1.9,15.4,-6.2,0,22704,0,208,0, 
12.6167,-3.6,-11.9,-3.3,-6.3,3.0,12.5,-5.7,0,22710,0,209,0, 
12.6200,0.8,-9.6,-3.2,-5.2,3.9,4.1,-6.1,0,22716,0,210,0, 
12.6233,3.4,-9.0,-8.2,-3.6,4.2,-4.7,-6.7,0,22722,0,211,0, 
12.6267,4.0,-9.8,-14.4,-2.2,4.1,-8.3,-6.5,0,22728,0,212,0, 
12.6300,3.1,-11.1,-16.6,-1.5,3.9,-4.6,-5.7,0,22734,0,213,0, 
12.6333,2.3,-11.9,-12.5,-1.3,4.0,3.6,-4.9,0,22740,0,214,0, 
12.6367,2.6,-12.4,-5.0,-1.3,4.3,10.1,-5.5,0,22746,0,215,0, 
12.6400,4.1,-13.0,-0.3,-1.4,4.7,10.1,-8.0,0,22752,0,216,0, 
12.6433,5.5,-14.3,-2.7,-1.7,4.3,3.2,-11.8,0,22758,0,217,0, 
12.6467,5.6,-16.4,-11.3,-2.7,2.8,-6.2,-15.4,0,22764,0,218,0, 
12.6500,3.9,-18.5,-20.4,-4.2,0.5,-12.3,-17.5,0,22770,0,219,0, 
12.6533,1.1,-19.8,-23.8,-5.8,-2.0,-11.9,-17.9,0,22776,0,220,0, 
12.6567,-1.5,-19.7,-20.2,-6.6,-3.6,-6.5,-17.4,0,22782,0,221,0, 
12.6600,-3.3,-18.5,-13.6,-6.7,-3.8,-0.9,-16.6,0,22788,0,222,0, 
12.6633,-4.5,-17.0,-10.3,-6.6,-2.3,0.9,-16.1,0,22794,0,223,0, 
12.6667,-5.9,-16.3,-13.3,-6.9,0.3,-1.8,-15.4,0,22800,0,224,0, 
12.6700,-7.9,-16.7,-19.7,-7.5,3.0,-6.1,-14.4,0,22806,0,225,0, 
12.6733,-10.8,-17.9,-23.4,-7.5,4.9,-8.1,-13.5,0,22812,0,226,0, 
12.6767,-14.2,-19.4,-20.8,-6.2,5.1,-6.6,-13.6,0,22818,0,227,0, 
12.6800,-17.7,-21.0,-14.1,-3.9,3.3,-3.8,-15.9,0,22824,0,228,0, 
12.6833,-21.7,-23.0,-9.7,-1.9,-0.4,-3.3,-20.2,0,22830,0,229,0, 
12.6867,-26.1,-25.9,-12.7,-2.2,-5.4,-7.2,-25.4,0,22836,0,230,0, 
12.6900,-31.2,-30.1,-22.9,-5.4,-10.6,-14.3,-30.1,0,22842,0,231,0, 
12.6933,-36.4,-35.0,-34.8,-10.8,-14.6,-21.1,-33.9,0,22848,0,232,0, 
12.6967,-41.2,-39.8,-42.7,-16.5,-16.7,-25.0,-37.0,0,22854,0,233,0, 
12.7000,-44.9,-43.6,-44.6,-20.5,-16.6,-25.9,-39.9,0,22860,0,234,0, 
12.7033,-47.4,-45.7,-43.1,-22.3,-15.1,-26.1,-42.5,0,22866,0,235,0, 
12.7067,-48.7,-46.3,-42.0,-22.6,-13.5,-27.6,-43.6,0,22872,0,236,0, 
12.7100,-49.3,-45.9,-42.6,-22.3,-13.2,-29.7,-42.2,0,22878,0,237,0, 
12.7133,-49.7,-45.0,-43.5,-22.1,-14.5,-29.8,-38.2,0,22884,0,238,0, 
12.7167,-50.0,-44.2,-43.1,-21.9,-16.8,-25.7,-33.3,0,22890,0,239,0, 
12.7200,-49.8,-44.1,-42.0,-21.8,-18.9,-18.4,-29.6,0,22896,0,240,0, 
12.7233,-48.8,-45.0,-42.9,-21.9,-19.5,-11.9,-28.3,0,22902,0,241,0, 
12.7267,-47.5,-47.0,-47.3,-22.8,-18.3,-10.8,-29.5,0,22908,0,242,0, 
12.7300,-46.9,-49.3,-53.3,-24.3,-16.0,-15.9,-32.0,0,22914,0,243,0, 
12.7333,-48.8,-51.4,-56.8,-26.0,-14.5,-24.4,-34.9,0,22920,0,244,0, 
12.7367,-54.2,-53.1,-55.2,-27.3,-15.3,-31.9,-38.6,0,22926,0,245,0, 
12.7400,-62.3,-54.6,-50.4,-27.9,-18.9,-36.1,-43.9,0,22932,0,246,0, 
12.7433,-70.7,-57.0,-47.8,-28.2,-24.2,-38.5,-51.4,0,22938,0,247,0, 
12.7467,-76.6,-60.6,-51.1,-28.9,-29.4,-42.3,-60.2,0,22944,0,248,0, 
12.7500,-78.8,-64.9,-59.2,-30.3,-32.6,-48.9,-68.7,0,22950,0,249,0, 
12.7533,-78.6,-68.8,-66.8,-32.0,-33.3,-55.8,-75.1,0,22956,0,250,0, 
12.7567,-78.6,-71.0,-68.7,-32.9,-32.7,-59.0,-78.9,0,22962,0,251,0, 
12.7600,-80.9,-71.5,-64.7,-32.8,-32.0,-56.9,-80.8,0,22968,0,252,0, 
12.7633,-85.0,-70.9,-59.6,-31.7,-32.0,-52.1,-81.8,0,22974,0,253,0, 
12.7667,-87.9,-69.8,-58.3,-30.4,-32.1,-49.6,-82.3,0,22980,0,254,0, 
12.7700,-87.0,-68.2,-61.3,-29.4,-31.3,-52.2,-81.7,0,22986,0,255,0, 
12.7733,-82.0,-65.4,-63.7,-28.3,-28.6,-57.4,-78.5,0,22992,0,0,0, 
12.7767,-75.3,-60.7,-59.8,-26.7,-24.4,-59.2,-72.2,0,22998,0,1,0, 
12.7800,-70.4,-54.7,-48.8,-24.4,-20.1,-52.8,-63.5,0,23004,0,2,0, 
12.7833,-68.8,-48.8,-36.4,-22.0,-16.9,-39.4,-54.3,0,23010,0,3,0, 
12.7867,-68.9,-45.0,-31.2,-20.7,-15.6,-26.0,-47.0,0,23016,0,4,0, 
12.7900,-67.8,-44.1,-37.3,-20.9,-16.3,-20.5,-43.0,0,23022,0,5,0, 
12.7933,-63.8,-45.0,-50.7,-22.3,-18.3,-25.9,-42.5,0,23028,0,6,0, 
12.7967,-58.0,-45.6,-61.7,-23.5,-20.7,-38.3,-44.1,0,23034,0,7,0, 
12.8000,-53.5,-44.2,-62.1,-23.5,-22.6,-49.2,-45.6,0,23040,0,8,0, 
12.8033,-52.5,-40.4,-51.2,-21.9,-22.6,-51.8,-45.0,0,23046,0,9,0, 
12.8067,-54.5,-35.4,-36.5,-19.8,-20.1,-45.2,-41.8,0,23052,0,10,0, 
12.8100,-56.3,-31.1,-27.3,-18.0,-15.2,-34.0,-37.0,0,23058,0,11,0, 
12.8133,-55.2,-28.6,-28.0,-17.0,-10.0,-24.7,-32.6,0,23064,0,12,0, 
12.8167,-50.4,-27.5,-35.0,-16.1,-7.0,-21.3,-30.1,0,23070,0,13,0, 
12.8200,-44.0,-26.7,-40.3,-14.6,-7.9,-23.3,-29.7,0,23076,0,14,0, 
12.8233,-39.0,-25.0,-38.3,-12.2,-12.1,-27.2,-30.1,0,23082,0,15,0, 
12.8267,-36.6,-22.2,-29.8,-9.7,-17.1,-29.3,-29.8,0,23088,0,16,0, 
12.8300,-36.2,-19.1,-21.1,-8.4,-20.3,-28.0,-27.7,0,23094,0,17,0, 
12.8333,-36.0,-17.0,-18.0,-8.6,-20.1,-23.7,-24.2,0,23100,0,18,0, 
12.8367,-35.1,-16.2,-21.1,-9.7,-17.3,-18.2,-20.8,0,23106,0,19,0, 
12.8400,-33.8,-15.8,-24.9,-10.0,-13.4,-12.7,-18.6,0,23112,0,20,0, 
12.8433,-32.7,-14.5,-23.1,-8.5,-9.6,-8.4,-17.7,0,23118,0,21,0, 
12.8467,-31.5,-11.4,-14.1,-5.3,-6.3,-5.7,-17.1,0,23124,0,22,0, 
12.8500,-29.1,-6.9,-2.3,-2.1,-3.3,-4.8,-15.5,0,23130,0,23,0, 
12.8533,-24.5,-2.6,5.4,-0.2,-1.2,-5.4,-12.1,0,23136,0,24,0, 
12.8567,-18.3,0.1,5.2,0.0,-0.9,-6.6,-7.3,0,23142,0,25,0, 
12.8600,-12.9,1.0,-0.5,-0.8,-2.7,-6.8,-2.2,0,23148,0,26,0, 
12.8633,-10.5,1.0,-5.6,-1.0,-5.7,-5.3,1.9,0,23154,0,27,0, 
12.8667,-11.7,1.4,-5.3,0.1,-7.8,-2.6,4.1,0,23160,0,28,0, 
12.8700,-14.5,2.8,-0.3,1.9,-7.6,0.1,4.3,0,23166,0,29,0, 
12.8733,-16.3,4.2,4.9,3.6,-5.3,1.2,3.0,0,23172,0,30,0, 
12.8767,-15.6,4.7,5.7,4.5,-2.6,0.4,1.2,0,23178,0,31,0, 
12.8800,-13.2,3.7,1.9,4.7,-1.3,-1.1,0.1,0,23184,0,32,0, 
12.8833,-11.3,2.1,-3.2,5.0,-1.3,-1.5,0.2,0,23190,0,33,0, 
12.8867,-11.2,1.3,-5.5,5.7,-1.0,0.6,1.7,0,23196,0,34,0, 
12.8900,-12.6,2.1,-3.8,6.2,1.4,5.5,3.6,0,23202,0,35,0, 
12.8933,-13.5,4.2,0.3,6.0,6.1,11.6,5.0,0,23208,0,36,0, 
12.8967,-12.0,6.3,4.5,4.6,10.9,16.6,5.3,0,23214,0,37,0, 
12.9000,-8.1,7.4,7.7,2.8,13.2,18.3,4.3,0,23220,0,38,0, 
12.9033,-3.6,7.0,10.7,1.8,11.3,15.6,2.5,0,23226,0,39,0, 
12.9067,-0.1,5.9,13.7,2.3,6.1,9.3,0.5,0,23232,0,40,0, 
12.9100,1.7,4.8,15.6,4.0,0.5,1.9,-1.1,0,23238,0,41,0, 
12.9133,2.4,4.1,14.1,5.6,-3.1,-3.1,-2.1,0,23244,0,42,0, 
12.9167,3.2,3.8,9.1,5.9,-3.7,-4.0,-2.3,0,23250,0,43,0, 
12.9200,4.5,3.7,3.0,4.8,-2.3,-0.9,-1.8,0,23256,0,44,0, 
12.9233,5.6,3.7,-0.2,3.0,-0.9,3.6,-1.0,0,23262,0,45,0, 
12.9267,5.5,3.9,1.3,1.8,-0.8,6.3,-0.5,0,23268,0,46,0, 
12.9300,4.0,3.8,5.9,1.7,-1.9,5.5,-0.6,0,23274,0,47,0, 
12.9333,2.0,2.6,9.3,2.3,-3.2,1.7,-1.6,0,23280,0,48,0, 
12.9367,1.1,0.1,8.1,2.5,-3.5,-3.0,-3.3,0,23286,0,49,0, 
12.9400,2.5,-3.3,2.5,1.7,-2.8,-6.3,-5.0,0,23292,0,50,0, 
12.9433,5.9,-6.2,-4.4,0.1,-2.1,-6.7,-6.1,0,23298,0,51,0, 
12.9467,9.5,-7.4,-8.9,-1.4,-2.0,-4.4,-6.4,0,23304,0,52,0, 
12.9500,11.7,-6.3,-9.7,-2.0,-2.6,-0.7,-5.5,0,23310,0,53,0, 
12.9533,11.8,-3.4,-7.4,-1.7,-3.0,3.0,-3.3,0,23316,0,54,0, 
12.9567,10.7,0.0,-3.7,-1.1,-2.2,5.6,0.3,0,23322,0,55,0, 
12.9600,10.3,3.2,0.9,-0.5,-0.1,7.1,4.7,0,23328,0,56,0, 
12.9633,11.8,5.7,6.4,0.1,2.3,8.0,9.2,0,23334,0,57,0, 
12.9667,14.8,7.5,11.8,1.1,4.0,9.5,12.6,0,23340,0,58,0, 
12.9700,17.4,8.2,14.8,2.7,4.8,12.2,13.8,0,23346,0,59,0, 
12.9733,17.6,7.4,13.0,4.2,5.8,15.5,12.7,0,23352,0,60,0, 
12.9767,15.1,5.3,6.6,4.5,8.1,17.1,10.4,0,23358,0,61,0, 
12.9800,11.6,2.7,-1.2,3.2,11.8,15.5,8.4,0,23364,0,62,0, 
12.9833,9.5,1.1,-5.5,1.0,15.2,11.0,8.3,0,23370,0,63,0, 
12.9867,10.6,1.6,-3.9,-0.7,16.1,6.4,10.3,0,23376,0,64,0, 
12.9900,14.1,3.8,2.3,-0.5,13.2,4.5,13.3,0,23382,0,65,0, 
12.9933,18.1,6.3,9.0,1.8,7.4,5.9,15.0,0,23388,0,66,0, 
12.9967,20.5,7.8,12.3,5.3,0.9,7.7,14.0,0,23394,0,67,0, 
13.0000,21.2,8.4,12.0,8.4,-4.1,6.2,10.9,0,23400,0,68,0, 
13.0033,21.3,9.6,11.3,10.5,-6.9,0.8,7.9,0,23406,0,69,0, 
13.0067,22.5,13.1,13.8,11.8,-7.8,-4.1,7.9,0,23412,0,70,0, 
13.0100,25.1,19.2,20.4,13.2,-7.4,-2.6,12.1,0,23418,0,71,0, 
13.0133,28.5,26.1,28.5,14.8,-5.6,7.8,19.3,0,23424,0,72,0, 
13.0167,31.4,31.4,33.7,16.4,-2.5,22.3,26.3,0,23430,0,73,0, 
13.0200,33.6,33.2,33.0,16.8,1.2,31.5,29.8,0,23436,0,74,0, 
13.0233,35.7,31.6,27.0,15.7,4.4,28.7,29.0,0,23442,0,75,0, 
13.0267,37.9,28.4,19.5,13.5,5.8,15.4,25.6,0,23448,0,76,0, 
13.0300,39.8,25.4,14.5,11.3,5.5,1.3,22.4,0,23454,0,77,0, 
13.0333,39.9,23.7,14.0,9.9,4.6,-3.2,21.4,0,23460,0,78,0, 
13.0367,37.4,23.0,16.8,9.7,4.7,5.4,22.9,0,23466,0,79,0, 
13.0400,33.2,22.9,19.9,10.1,6.1,21.0,25.1,0,23472,0,80,0, 
13.0433,29.6,23.1,20.7,10.3,7.7,33.0,26.4,0,23478,0,81,0, 
13.0467,28.8,23.6,18.6,9.8,7.9,34.6,26.7,0,23484,0,82,0, 
13.0500,31.4,24.7,15.0,8.6,6.0,27.3,26.7,0,23490,0,83,0, 
13.0533,35.4,26.1,11.8,6.9,2.8,18.8,27.7,0,23496,0,84,0, 
13.0567,38.2,26.9,10.4,5.3,0.1,15.4,29.6,0,23502,0,85,0, 
13.0600,38.2,26.9,10.6,4.2,-0.7,18.1,31.6,0,23508,0,86,0, 
13.0633,35.9,26.3,11.4,4.2,0.5,22.5,32.4,0,23514,0,87,0, 
13.0667,33.4,25.8,12.0,5.4,3.0,24.5,32.2,0,23520,0,88,0, 
13.0700,32.0,26.4,12.6,7.4,5.6,23.8,31.9,0,23526,0,89,0, 
13.0733,32.0,27.7,13.8,9.5,7.3,24.0,32.6,0,23532,0,90,0, 
13.0767,32.1,29.0,16.0,10.7,7.8,27.6,34.5,0,23538,0,91,0, 
13.0800,30.7,29.0,18.4,10.7,7.2,33.0,36.1,0,23544,0,92,0, 
13.0833,27.4,27.4,20.0,9.5,6.3,35.0,35.3,0,23550,0,93,0, 
13.0867,22.9,25.0,20.4,8.1,6.3,30.0,31.6,0,23556,0,94,0, 
13.0900,18.5,23.1,20.0,7.3,7.6,19.6,25.9,0,23562,0,95,0, 
13.0933,15.3,22.9,20.0,7.2,10.0,10.3,21.1,0,23568,0,96,0, 
13.0967,14.1,24.3,20.8,8.0,11.9,8.7,19.3,0,23574,0,97,0, 
13.1000,14.6,26.4,22.0,9.1,11.7,16.3,21.2,0,23580,0,98,0, 
13.1033,16.7,28.0,22.6,10.2,9.3,28.1,25.2,0,23586,0,99,0, 
13.1067,19.8,28.7,22.0,11.1,6.1,36.4,29.1,0,23592,0,100,0, 
13.1100,23.4,28.8,20.6,11.5,4.4,36.2,31.2,0,23598,0,101,0, 
13.1133,26.7,28.7,19.3,11.3,5.0,28.6,31.4,0,23604,0,102,0, 
13.1167,29.2,28.6,18.7,10.3,7.3,19.0,30.4,0,23610,0,103,0, 
13.1200,30.4,27.9,18.6,9.0,9.3,12.7,29.4,0,23616,0,104,0, 
13.1233,30.4,26.2,18.6,7.9,9.6,11.4,28.5,0,23622,0,105,0, 
13.1267,29.5,23.3,18.2,7.7,8.3,12.8,27.6,0,23628,0,106,0, 
13.1300,28.2,20.1,17.6,8.6,7.2,13.1,25.9,0,23634,0,107,0, 
13.1333,27.3,17.5,16.8,9.9,7.2,10.7,23.4,0,23640,0,108,0, 
13.1367,27.2,15.8,15.6,10.7,8.2,7.2,20.6,0,23646,0,109,0, 
13.1400,27.7,14.8,13.7,10.4,8.8,5.7,18.3,0,23652,0,110,0, 
13.1433,28.6,14.0,11.3,9.2,7.8,8.2,17.1,0,23658,0,111,0, 
13.1467,29.0,13.3,9.8,7.8,5.4,13.2,17.2,0,23664,0,112,0, 
13.1500,28.7,13.1,10.3,7.0,3.2,17.1,18.1,0,23670,0,113,0, 
13.1533,27.8,13.9,12.8,7.0,2.4,17.2,19.3,0,23676,0,114,0, 
13.1567,26.7,15.7,15.4,7.3,3.3,13.6,20.3,0,23682,0,115,0, 
13.1600,26.0,17.4,15.8,7.2,4.7,9.5,20.8,0,23688,0,116,0, 
13.1633,25.5,18.0,13.5,6.4,5.5,8.7,21.0,0,23694,0,117,0, 
13.1667,24.7,17.1,10.6,5.2,5.5,12.3,20.8,0,23700,0,118,0, 
13.1700,23.0,15.4,10.1,4.5,5.5,17.8,20.0,0,23706,0,119,0, 
13.1733,20.4,14.4,13.6,4.6,6.5,20.9,18.7,0,23712,0,120,0, 
13.1767,17.8,14.7,19.3,5.5,8.6,19.0,16.9,0,23718,0,121,0, 
13.1800,16.3,16.2,23.2,6.6,10.6,13.6,15.5,0,23724,0,122,0, 
13.1833,16.2,17.8,22.6,7.6,11.0,8.7,15.5,0,23730,0,123,0, 
13.1867,16.9,18.6,18.5,8.4,8.9,8.2,17.8,0,23736,0,124,0, 
13.1900,17.4,18.4,14.2,9.3,5.1,11.9,21.7,0,23742,0,125,0, 
13.1933,17.2,17.6,12.8,10.2,1.7,16.0,25.5,0,23748,0,126,0, 
13.1967,16.6,16.5,14.0,10.9,0.5,15.9,27.0,0,23754,0,127,0, 
13.2000,16.6,15.0,14.6,10.4,2.5,10.4,24.9,0,23760,0,128,0, 
13.2033,17.5,12.6,11.6,8.4,6.9,2.9,20.0,0,23766,0,129,0, 
13.2067,18.6,9.7,5.3,5.2,11.7,-1.2,14.8,0,23772,0,130,0, 
13.2100,18.9,7.2,-0.2,2.2,14.5,1.0,11.7,0,23778,0,131,0, 
13.2133,18.1,6.3,-0.7,0.6,14.0,7.5,11.6,0,23784,0,132,0, 
13.2167,17.2,7.4,4.7,1.1,10.2,13.1,13.5,0,23790,0,133,0, 
13.2200,17.6,9.7,12.4,2.9,5.1,13.7,15.6,0,23796,0,134,0, 
13.2233,19.9,11.7,17.3,4.7,1.4,10.0,17.0,0,23802,0,135,0, 
13.2267,23.0,12.3,16.6,5.3,1.3,6.5,17.9,0,23808,0,136,0, 
13.2300,24.9,12.0,11.8,4.5,4.6,7.6,19.3,0,23814,0,137,0, 
13.2333,23.9,11.9,7.2,3.1,9.1,13.2,21.4,0,23820,0,138,0, 
13.2367,20.2,13.0,6.4,2.2,11.9,18.9,23.0,0,23826,0,139,0, 
13.2400,15.6,15.2,9.5,2.2,11.2,20.0,22.9,0,23832,0,140,0, 
13.2433,12.0,16.8,13.7,2.6,7.8,15.6,20.7,0,23838,0,141,0, 
13.2467,10.0,16.3,15.8,2.8,4.4,9.6,17.7,0,23844,0,142,0, 
13.2500,8.9,13.3,14.3,2.4,3.8,7.7,15.8,0,23850,0,143,0, 
13.2533,7.6,9.3,10.3,1.7,6.3,12.4,15.8,0,23856,0,144,0, 
13.2567,6.1,6.6,6.0,1.2,9.9,21.0,17.3,0,23862,0,145,0, 
13.2600,5.2,7.0,3.2,1.4,11.8,27.2,18.6,0,23868,0,146,0, 
13.2633,5.9,10.6,2.8,2.3,10.5,26.2,18.8,0,23874,0,147,0, 
13.2667,8.3,15.5,5.0,3.4,7.2,17.6,17.8,0,23880,0,148,0, 
13.2700,11.1,19.3,9.0,4.4,4.5,5.6,16.2,0,23886,0,149,0, 
13.2733,13.0,20.3,13.3,5.1,4.1,-4.3,14.9,0,23892,0,150,0, 
13.2767,13.5,18.9,16.0,5.6,5.7,-8.3,14.2,0,23898,0,151,0, 
13.2800,13.2,16.5,16.0,6.1,7.7,-5.8,14.4,0,23904,0,152,0, 
13.2833,12.6,14.7,13.6,6.5,8.7,0.9,15.6,0,23910,0,153,0, 
13.2867,11.8,14.0,11.0,7.0,8.7,8.4,17.6,0,23916,0,154,0, 
13.2900,10.3,13.8,9.9,7.2,8.6,14.0,19.6,0,23922,0,155,0, 
13.2933,7.9,13.0,10.9,7.2,8.9,16.0,20.1,0,23928,0,156,0, 
13.2967,5.6,11.3,12.4,6.7,9.0,14.4,17.9,0,23934,0,157,0, 
13.3000,4.8,9.5,12.3,5.5,7.7,11.1,13.8,0,23940,0,158,0, 
13.3033,5.9,8.8,10.3,3.7,5.0,8.7,10.0,0,23946,0,159,0, 
13.3067,8.1,10.0,7.8,1.7,2.8,9.5,9.0,0,23952,0,160,0, 
13.3100,9.5,12.4,6.8,-0.1,3.1,13.2,11.6,0,23958,0,161,0, 
13.3133,8.4,14.2,7.2,-1.5,6.9,17.4,15.9,0,23964,0,162,0, 
13.3167,5.1,13.9,7.1,-2.4,12.5,18.7,18.5,0,23970,0,163,0, 
13.3200,1.6,11.1,4.6,-3.1,16.8,15.1,17.4,0,23976,0,164,0, 
13.3233,0.0,7.2,0.5,-3.6,17.7,8.1,13.0,0,23982,0,165,0, 
13.3267,1.4,4.4,-1.7,-3.4,15.4,1.3,8.0,0,23988,0,166,0, 
13.3300,4.9,4.2,1.4,-2.1,12.2,-2.1,5.2,0,23994,0,167,0, 
13.3333,9.2,6.5,9.5,0.5,10.3,-1.5,5.3,0,24000,0,168,0, 
13.3367,12.7,9.6,17.4,3.3,10.1,1.2,7.3,0,24006,0,169,0, 
13.3400,14.9,11.1,19.2,5.3,9.9,3.0,9.0,0,24012,0,170,0, 
13.3433,16.0,9.9,12.9,5.7,8.2,2.6,9.3,0,24018,0,171,0, 
13.3467,16.3,6.4,3.1,4.9,4.8,1.2,8.3,0,24024,0,172,0, 
13.3500,15.8,2.9,-2.5,4.2,1.2,1.3,6.8,0,24030,0,173,0, 
13.3533,14.6,1.5,1.0,4.7,-0.4,4.2,5.5,0,24036,0,174,0, 
13.3567,13.0,3.1,11.4,6.5,0.9,9.4,4.3,0,24042,0,175,0, 
13.3600,11.5,6.4,20.9,8.6,4.3,14.0,2.8,0,24048,0,176,0, 
13.3633,10.4,9.2,22.1,9.4,7.8,14.9,0.8,0,24054,0,177,0, 
13.3667,9.8,9.4,14.2,8.5,9.5,10.7,-1.9,0,24060,0,178,0, 
13.3700,9.3,6.9,3.0,6.2,8.9,2.4,-5.4,0,24066,0,179,0, 
13.3733,8.2,3.2,-3.1,4.0,6.6,-6.9,-9.5,0,24072,0,180,0, 
13.3767,6.2,0.3,-0.4,2.8,4.0,-13.1,-13.7,0,24078,0,181,0, 
13.3800,3.5,-0.9,8.2,2.7,1.9,-13.9,-16.8,0,24084,0,182,0, 
13.3833,0.9,-1.0,15.5,3.0,1.0,-9.7,-17.5,0,24090,0,183,0, 
13.3867,-0.6,-1.7,15.4,2.8,1.3,-3.8,-15.3,0,24096,0,184,0, 
13.3900,0.1,-4.0,7.4,2.0,3.0,0.0,-11.1,0,24102,0,185,0, 
13.3933,3.0,-7.7,-3.5,1.1,5.8,0.1,-6.8,0,24108,0,186,0, 
13.3967,7.0,-10.6,-10.4,0.6,8.9,-2.1,-3.9,0,24114,0,187,0, 
13.4000,10.2,-10.8,-9.0,1.0,10.8,-3.0,-2.8,0,24120,0,188,0, 
13.4033,10.9,-8.0,-0.3,1.9,10.5,-0.1,-2.3,0,24126,0,189,0, 
13.4067,9.1,-3.7,10.2,2.7,7.8,5.5,-1.5,0,24132,0,190,0, 
13.4100,6.2,-0.9,15.6,3.1,4.0,10.2,-0.3,0,24138,0,191,0, 
13.4133,4.3,-1.4,12.4,2.6,1.3,10.7,0.2,0,24144,0,192,0, 
13.4167,4.7,-4.7,2.1,1.4,1.1,6.7,-1.2,0,24150,0,193,0, 
13.4200,7.2,-8.6,-9.0,-0.2,3.6,1.4,-4.0,0,24156,0,194,0, 
13.4233,9.9,-10.3,-13.8,-1.4,6.7,-1.2,-6.6,0,24162,0,195,0, 
13.4267,10.9,-8.9,-9.3,-1.7,8.1,-0.5,-7.0,0,24168,0,196,0, 
13.4300,9.9,-5.3,1.9,-0.9,6.4,1.0,-4.7,0,24174,0,197,0, 
13.4333,8.0,-2.0,12.7,0.7,2.2,-0.5,-1.2,0,24180,0,198,0, 
13.4367,7.0,-0.7,16.8,2.3,-2.3,-5.9,1.5,0,24186,0,199,0, 
13.4400,7.8,-1.6,12.4,3.1,-5.1,-11.8,2.3,0,24192,0,200,0, 
13.4433,10.0,-3.4,2.8,2.6,-5.0,-13.2,1.4,0,24198,0,201,0, 
13.4467,12.5,-4.6,-6.1,1.2,-2.6,-8.1,0.1,0,24204,0,202,0, 
13.4500,14.1,-4.4,-10.2,0.0,0.1,0.7,-0.6,0,24210,0,203,0, 
13.4533,14.6,-3.3,-8.8,-0.2,1.5,7.1,-1.1,0,24216,0,204,0, 
13.4567,14.3,-2.1,-4.2,0.8,0.8,6.8,-2.2,0,24222,0,205,0, 
13.4600,13.6,-1.4,0.9,2.6,-1.5,0.8,-4.0,0,24228,0,206,0, 
13.4633,12.5,-1.0,4.7,4.1,-3.8,-5.4,-5.8,0,24234,0,207,0, 
13.4667,11.0,-0.3,6.6,4.4,-4.3,-6.2,-6.5,0,24240,0,208,0, 
13.4700,8.8,0.8,6.6,3.7,-2.0,-0.7,-5.7,0,24246,0,209,0, 
13.4733,6.2,2.1,4.8,2.6,2.9,6.7,-4.2,0,24252,0,210,0, 
13.4767,3.6,2.7,2.3,2.1,8.6,9.9,-3.6,0,24258,0,211,0, 
13.4800,1.5,2.0,0.4,2.2,12.6,6.0,-4.5,0,24264,0,212,0, 
13.4833,0.5,-0.1,0.3,2.7,13.0,-2.1,-6.1,0,24270,0,213,0, 
13.4867,0.8,-2.7,1.6,2.8,9.4,-8.2,-6.6,0,24276,0,214,0, 
13.4900,2.4,-4.9,2.9,2.4,3.2,-7.5,-4.9,0,24282,0,215,0, 
13.4933,4.9,-5.8,2.6,2.0,-3.0,-0.2,-1.1,0,24288,0,216,0, 
13.4967,7.3,-5.3,0.8,2.2,-7.0,8.8,3.1,0,24294,0,217,0, 
13.5000,8.9,-3.9,-0.7,3.5,-7.9,13.4,6.2,0,24300,0,218,0, 
13.5033,9.6,-2.6,0.1,5.1,-6.5,11.2,7.6,0,24306,0,219,0, 
13.5067,9.8,-1.6,3.4,6.1,-4.3,4.4,7.9,0,24312,0,220,0, 
13.5100,10.4,-0.9,7.4,6.1,-2.5,-1.1,8.1,0,24318,0,221,0, 
13.5133,11.3,0.0,9.8,5.3,-1.3,-0.4,8.8,0,24324,0,222,0, 
13.5167,11.7,1.3,9.0,4.6,-0.4,7.0,9.8,0,24330,0,223,0, 
13.5200,10.5,2.6,5.4,4.3,0.3,16.6,10.4,0,24336,0,224,0, 
13.5233,7.2,2.7,0.8,4.0,0.1,21.7,9.9,0,24342,0,225,0, 
13.5267,2.6,1.0,-3.2,3.2,-1.6,17.9,7.9,0,24348,0,226,0, 
13.5300,-1.8,-2.1,-5.3,1.6,-4.9,6.6,4.7,0,24354,0,227,0, 
13.5333,-5.0,-4.9,-4.6,0.1,-8.5,-5.8,0.9,0,24360,0,228,0, 
13.5367,-6.7,-5.9,-0.2,-0.5,-9.9,-11.5,-2.4,0,24366,0,229,0, 
13.5400,-7.7,-4.6,7.1,0.3,-7.3,-7.2,-4.5,0,24372,0,230,0, 
13.5433,-8.4,-2.6,14.2,1.3,-1.3,3.6,-5.3,0,24378,0,231,0, 
13.5467,-8.5,-2.3,16.3,0.9,5.0,12.6,-5.6,0,24384,0,232,0, 
13.5500,-7.4,-5.1,10.4,-1.6,7.8,13.2,-6.5,0,24390,0,233,0, 
13.5533,-5.0,-10.3,-1.9,-5.4,4.9,5.3,-8.1,0,24396,0,234,0, 
13.5567,-2.2,-14.9,-14.2,-8.1,-2.0,-4.3,-9.5,0,24402,0,235,0, 
13.5600,-0.8,-16.5,-19.8,-8.0,-9.0,-7.1,-9.2,0,24408,0,236,0, 
13.5633,-1.9,-14.3,-16.1,-5.3,-12.2,0.1,-6.4,0,24414,0,237,0, 
13.5667,-4.9,-10.2,-7.2,-2.0,-10.8,12.6,-2.3,0,24420,0,238,0, 
13.5700,-8.0,-7.1,-0.5,-0.2,-7.0,21.1,1.1,0,24426,0,239,0, 
13.5733,-9.2,-6.3,-0.7,-0.8,-4.3,19.2,1.9,0,24432,0,240,0, 
13.5767,-8.0,-7.0,-6.1,-2.8,-4.1,8.7,0.1,0,24438,0,241,0, 
13.5800,-5.5,-6.9,-10.5,-4.5,-5.2,-1.9,-1.9,0,24444,0,242,0, 
13.5833,-3.6,-4.6,-8.7,-5.2,-5.1,-4.0,-1.8,0,24450,0,243,0, 
13.5867,-3.2,-1.0,-1.7,-5.4,-2.7,4.0,1.2,0,24456,0,244,0, 
13.5900,-4.0,1.5,4.5,-6.2,0.8,15.6,5.7,0,24462,0,245,0, 
13.5933,-4.6,0.8,3.9,-7.8,2.5,21.3,8.9,0,24468,0,246,0, 
13.5967,-3.6,-3.2,-4.2,-9.5,1.1,16.8,9.1,0,24474,0,247,0, 
13.6000,-0.8,-8.1,-14.1,-10.4,-2.2,6.1,6.8,0,24480,0,248,0, 
13.6033,2.7,-10.9,-18.9,-9.9,-4.1,-1.9,4.1,0,24486,0,249,0, 
13.6067,5.6,-10.2,-15.9,-8.5,-2.3,-0.7,2.6,0,24492,0,250,0, 
13.6100,7.0,-7.1,-8.6,-7.3,2.5,8.1,2.5,0,24498,0,251,0, 
13.6133,6.9,-3.7,-3.0,-6.5,7.0,16.9,2.5,0,24504,0,252,0, 
13.6167,5.9,-1.6,-2.1,-5.9,7.9,18.3,1.6,0,24510,0,253,0, 
13.6200,5.1,-0.8,-3.6,-4.8,4.0,10.9,-0.4,0,24516,0,254,0, 
13.6233,4.6,0.1,-2.4,-3.0,-2.9,0.3,-2.2,0,24522,0,255,0, 
13.6267,4.5,1.8,3.8,-1.3,-9.0,-6.3,-3.0,0,24528,0,0,0, 
13.6300,4.0,3.4,12.0,-0.6,-11.1,-5.3,-3.1,0,24534,0,1,0, 
13.6333,2.8,3.5,15.8,-1.2,-8.6,0.5,-3.4,0,24540,0,2,0, 
13.6367,0.9,1.4,11.3,-2.5,-3.4,5.5,-4.5,0,24546,0,3,0, 
13.6400,-0.8,-2.0,0.3,-3.7,1.2,5.8,-6.1,0,24552,0,4,0, 
13.6433,-1.1,-4.4,-10.2,-4.3,2.5,1.4,-7.3,0,24558,0,5,0, 
13.6467,0.4,-4.5,-13.5,-4.2,0.1,-4.4,-7.7,0,24564,0,6,0, 
13.6500,3.3,-2.5,-8.2,-3.8,-3.8,-8.2,-7.7,0,24570,0,7,0, 
13.6533,5.8,-0.4,1.2,-3.2,-6.1,-8.9,-8.0,0,24576,0,8,0, 
13.6567,6.5,0.2,8.0,-2.5,-5.0,-6.7,-8.5,0,24582,0,9,0, 
13.6600,4.7,-0.6,8.1,-1.6,-1.3,-2.7,-7.9,0,24588,0,10,0, 
13.6633,1.7,-0.9,2.6,-0.8,2.1,2.3,-5.3,0,24594,0,11,0, 
13.6667,-0.7,1.1,-3.8,-0.2,2.8,6.8,-1.1,0,24600,0,12,0, 
13.6700,-0.8,5.3,-6.9,-0.1,0.5,9.0,2.9,0,24606,0,13,0, 
13.6733,1.5,10.0,-5.5,-0.3,-2.3,7.5,4.5,0,24612,0,14,0, 
13.6767,4.8,12.8,-1.3,-0.3,-2.6,2.8,3.3,0,24618,0,15,0, 
13.6800,7.1,13.0,2.6,0.4,0.5,-1.9,1.2,0,24624,0,16,0, 
13.6833,7.5,11.6,4.7,1.4,4.9,-2.5,1.0,0,24630,0,17,0, 
13.6867,6.1,10.6,5.0,2.3,7.2,3.0,3.9,0,24636,0,18,0, 
13.6900,4.4,11.0,4.8,2.4,5.4,12.2,8.4,0,24642,0,19,0, 
13.6933,3.8,12.3,5.2,1.6,0.7,19.8,11.6,0,24648,0,20,0, 
13.6967,4.9,13.1,6.5,0.4,-3.9,21.0,11.2,0,24654,0,21,0, 
13.7000,7.1,12.4,8.1,-0.5,-5.5,15.5,7.6,0,24660,0,22,0, 
13.7033,9.1,10.4,8.8,-0.8,-3.9,7.1,3.2,0,24666,0,23,0, 
13.7067,9.5,7.9,7.2,-0.6,-0.9,1.5,0.3,0,24672,0,24,0, 
13.7100,7.6,5.4,2.5,-0.8,1.1,1.5,-0.4,0,24678,0,25,0, 
13.7133,3.8,2.7,-3.9,-2.0,1.5,5.4,-0.3,0,24684,0,26,0, 
13.7167,-0.5,-0.5,-9.4,-4.0,0.8,8.9,-0.9,0,24690,0,27,0, 
13.7200,-3.5,-3.5,-10.6,-5.8,0.2,8.2,-2.3,0,24696,0,28,0, 
13.7233,-4.2,-4.9,-6.4,-6.5,-0.1,3.3,-3.1,0,24702,0,29,0, 
13.7267,-2.5,-3.6,0.7,-5.6,-1.0,-2.6,-2.0,0,24708,0,30,0, 
13.7300,0.2,-0.2,6.3,-4.0,-2.7,-5.7,0.8,0,24714,0,31,0, 
13.7333,2.4,3.6,6.4,-2.7,-5.0,-4.5,3.8,0,24720,0,32,0, 
13.7367,3.2,6.1,1.3,-2.4,-6.6,-0.2,4.9,0,24726,0,33,0, 
13.7400,3.0,6.6,-5.0,-2.6,-6.5,4.3,3.7,0,24732,0,34,0, 
13.7433,2.8,6.0,-7.5,-2.3,-4.6,6.6,1.2,0,24738,0,35,0, 
13.7467,3.5,5.7,-4.1,-0.9,-1.7,6.4,-1.2,0,24744,0,36,0, 
13.7500,4.7,6.3,2.6,1.1,1.1,5.0,-2.9,0,24750,0,37,0, 
13.7533,5.6,6.9,7.4,2.4,3.1,3.8,-4.2,0,24756,0,38,0, 
13.7567,5.5,6.4,6.6,2.1,3.7,3.6,-5.7,0,24762,0,39,0, 
13.7600,4.7,4.4,1.4,0.3,2.5,4.3,-7.1,0,24768,0,40,0, 
13.7633,4.2,1.7,-4.0,-1.5,-0.4,5.7,-7.4,0,24774,0,41,0, 
13.7667,5.0,-0.3,-5.9,-2.0,-3.9,7.8,-6.0,0,24780,0,42,0, 
13.7700,6.7,-1.3,-3.9,-1.3,-6.1,11.0,-3.2,0,24786,0,43,0, 
13.7733,8.2,-1.9,-1.2,-0.5,-5.3,14.8,-0.6,0,24792,0,44,0, 
13.7767,8.4,-2.9,-1.0,-0.9,-1.5,17.3,0.5,0,24798,0,45,0, 
13.7800,7.1,-4.1,-2.8,-2.4,3.3,15.9,-0.4,0,24804,0,46,0, 
13.7833,5.0,-4.3,-3.4,-3.6,5.9,8.9,-2.3,0,24810,0,47,0, 
13.7867,3.1,-2.1,0.4,-3.0,4.7,-2.4,-4.1,0,24816,0,48,0, 
13.7900,1.8,2.3,7.7,-0.5,0.4,-13.3,-4.7,0,24822,0,49,0, 
13.7933,0.7,7.2,13.5,2.4,-4.0,-18.6,-3.8,0,24828,0,50,0, 
13.7967,-0.4,10.3,13.0,3.6,-6.0,-15.4,-1.8,0,24834,0,51,0, 
13.8000,-1.3,10.6,6.1,2.5,-4.7,-5.6,0.8,0,24840,0,52,0, 
13.8033,-1.1,8.8,-2.2,0.3,-1.3,5.5,3.4,0,24846,0,53,0, 
13.8067,0.5,6.7,-5.4,-0.9,2.2,12.4,5.5,0,24852,0,54,0, 
13.8100,2.9,5.6,-1.4,0.0,4.9,12.6,6.2,0,24858,0,55,0, 
13.8133,5.0,5.3,5.7,2.3,6.8,8.1,5.1,0,24864,0,56,0, 
13.8167,6.0,4.5,9.0,4.1,8.4,2.8,2.3,0,24870,0,57,0, 
13.8200,5.9,2.4,4.8,4.1,9.4,-0.5,-1.5,0,24876,0,58,0, 
13.8233,5.5,-0.8,-4.0,2.7,8.6,-1.9,-5.3,0,24882,0,59,0, 
13.8267,5.6,-3.8,-10.3,1.6,5.5,-3.7,-8.5,0,24888,0,60,0, 
13.8300,5.9,-5.4,-9.2,2.0,0.8,-7.8,-10.7,0,24894,0,61,0, 
13.8333,5.6,-5.6,-2.1,3.8,-3.4,-13.5,-11.8,0,24900,0,62,0, 
13.8367,3.9,-5.3,4.9,5.4,-5.0,-18.1,-11.7,0,24906,0,63,0, 
13.8400,1.1,-5.8,5.8,5.4,-3.4,-18.7,-10.4,0,24912,0,64,0, 
13.8433,-2.0,-7.3,0.3,3.7,0.4,-14.7,-8.3,0,24918,0,65,0, 
13.8467,-4.8,-9.3,-6.5,1.4,4.5,-8.6,-6.6,0,24924,0,66,0, 
13.8500,-7.2,-10.7,-8.8,-0.4,7.4,-3.8,-6.4,0,24930,0,67,0, 
13.8533,-9.4,-10.8,-5.0,-1.2,8.3,-2.5,-8.3,0,24936,0,68,0, 
13.8567,-11.0,-10.0,1.3,-1.7,7.8,-3.9,-11.3,0,24942,0,69,0, 
13.8600,-11.2,-8.8,4.5,-2.4,6.4,-5.3,-13.3,0,24948,0,70,0, 
13.8633,-9.2,-7.8,1.7,-3.1,4.7,-4.3,-12.6,0,24954,0,71,0, 
13.8667,-5.1,-7.2,-5.2,-2.8,3.1,-0.8,-9.0,0,24960,0,72,0, 
13.8700,-0.5,-6.9,-11.4,-1.1,1.6,3.1,-4.2,0,24966,0,73,0, 
13.8733,2.3,-6.8,-13.3,1.5,-0.2,4.4,-0.8,0,24972,0,74,0, 
13.8767,1.8,-7.1,-10.7,3.6,-2.4,1.8,-0.8,0,24978,0,75,0, 
13.8800,-1.9,-8.1,-6.7,4.1,-5.2,-4.6,-4.3,0,24984,0,76,0, 
13.8833,-6.8,-9.9,-4.7,3.0,-7.8,-12.9,-10.0,0,24990,0,77,0, 
13.8867,-10.8,-12.0,-6.1,1.2,-9.1,-21.6,-16.4,0,24996,0,78,0, 
13.8900,-12.8,-13.9,-9.9,-0.3,-7.8,-28.9,-22.0,0,25002,0,79,0, 
13.8933,-13.3,-14.9,-13.4,-1.3,-3.8,-33.0,-25.6,0,25008,0,80,0, 
13.8967,-13.5,-14.5,-14.0,-1.9,1.8,-32.0,-26.5,0,25014,0,81,0, 
13.9000,-14.5,-13.0,-10.9,-2.5,6.6,-25.1,-24.2,0,25020,0,82,0, 
13.9033,-16.4,-11.2,-5.2,-2.9,8.6,-14.1,-19.4,0,25026,0,83,0, 
13.9067,-18.4,-10.5,-0.1,-2.7,6.9,-4.1,-14.1,0,25032,0,84,0, 
13.9100,-19.5,-11.5,1.2,-1.8,2.6,-0.1,-11.0,0,25038,0,85,0, 
13.9133,-19.1,-14.4,-2.4,-0.6,-2.2,-4.5,-11.5,0,25044,0,86,0, 
13.9167,-17.6,-18.0,-9.6,-0.2,-5.3,-14.1,-15.1,0,25050,0,87,0, 
13.9200,-15.8,-20.9,-16.8,-1.1,-5.9,-22.1,-19.0,0,25056,0,88,0, 
13.9233,-14.7,-22.0,-20.7,-3.1,-4.9,-23.3,-20.6,0,25062,0,89,0, 
13.9267,-14.8,-21.6,-21.0,-5.3,-3.6,-17.7,-18.9,0,25068,0,90,0, 
13.9300,-15.6,-20.7,-19.6,-6.7,-3.4,-10.7,-15.3,0,25074,0,91,0, 
13.9333,-16.5,-20.3,-19.0,-7.1,-4.0,-8.6,-12.1,0,25080,0,92,0, 
13.9367,-16.6,-20.3,-19.1,-6.8,-4.5,-13.4,-10.7,0,25086,0,93,0, 
13.9400,-15.5,-20.0,-17.7,-6.1,-3.8,-20.9,-10.6,0,25092,0,94,0, 
13.9433,-13.3,-18.0,-12.3,-5.0,-2.0,-24.4,-10.3,0,25098,0,95,0, 
13.9467,-10.4,-14.3,-3.7,-3.5,-0.4,-20.4,-8.7,0,25104,0,96,0, 
13.9500,-7.4,-9.8,4.4,-1.5,-0.3,-11.1,-6.2,0,25110,0,97,0, 
13.9533,-4.7,-6.0,7.4,0.3,-1.9,-2.8,-4.2,0,25116,0,98,0, 
13.9567,-2.8,-4.0,4.2,1.5,-3.6,-0.4,-3.7,0,25122,0,99,0, 
13.9600,-2.0,-3.9,-2.2,1.9,-3.1,-3.5,-4.8,0,25128,0,100,0, 
13.9633,-2.6,-4.9,-6.6,2.0,0.7,-7.8,-6.7,0,25134,0,101,0, 
13.9667,-4.5,-6.3,-6.5,2.5,6.6,-8.6,-8.7,0,25140,0,102,0, 
13.9700,-7.3,-7.7,-3.3,3.5,11.8,-5.3,-10.7,0,25146,0,103,0, 
13.9733,-10.1,-9.0,-0.6,4.6,13.0,-1.4,-12.9,0,25152,0,104,0, 
13.9767,-12.4,-10.2,-0.9,5.3,9.1,-1.1,-14.9,0,25158,0,105,0, 
13.9800,-13.9,-10.9,-3.5,5.1,2.0,-5.6,-15.9,0,25164,0,106,0, 
13.9833,-14.8,-11.4,-6.0,4.4,-4.9,-12.8,-15.9,0,25170,0,107,0, 
13.9867,-15.2,-12.1,-6.9,3.5,-8.4,-18.8,-16.0,0,25176,0,108,0, 
13.9900,-15.2,-13.5,-7.1,2.5,-7.5,-22.0,-17.6,0,25182,0,109,0, 
13.9933,-14.9,-15.7,-8.3,1.6,-4.0,-23.4,-21.7,0,25188,0,110,0, 
13.9967,-14.5,-17.7,-10.7,0.9,-0.6,-25.2,-26.9,0,25194,0,111,0, 
14.0000,-14.2,-18.1,-11.9,1.0,0.5,-28.3,-31.1,0,25200,0,112,0, 
14.0033,-14.3,-16.2,-9.6,2.1,-1.2,-31.4,-32.0,0,25206,0,113,0, 
14.0067,-14.2,-12.6,-3.8,4.2,-4.0,-31.9,-29.5,0,25212,0,114,0, 
14.0100,-13.4,-8.9,2.2,6.3,-5.7,-28.9,-25.4,0,25218,0,115,0, 
14.0133,-11.3,-6.5,4.4,6.9,-4.8,-23.6,-21.8,0,25224,0,116,0, 
14.0167,-8.2,-5.8,1.6,5.7,-1.7,-18.9,-19.6,0,25230,0,117,0, 
14.0200,-5.2,-5.9,-3.4,3.3,1.8,-16.4,-18.2,0,25236,0,118,0, 
14.0233,-3.7,-5.7,-6.3,1.6,3.3,-15.9,-16.6,0,25242,0,119,0, 
14.0267,-4.1,-5.0,-4.9,1.8,1.9,-15.6,-14.7,0,25248,0,120,0, 
14.0300,-5.7,-4.4,-1.1,3.8,-1.5,-14.1,-13.5,0,25254,0,121,0, 
14.0333,-6.8,-5.1,0.8,5.8,-4.7,-11.8,-14.0,0,25260,0,122,0, 
14.0367,-6.3,-7.3,-2.1,5.9,-5.8,-10.3,-16.0,0,25266,0,123,0, 
14.0400,-4.0,-10.0,-8.8,3.6,-4.3,-11.2,-17.7,0,25272,0,124,0, 
14.0433,-1.3,-12.0,-15.1,0.1,-1.8,-14.0,-17.5,0,25278,0,125,0, 
14.0467,0.1,-12.3,-16.9,-2.4,-0.6,-16.9,-15.1,0,25284,0,126,0, 
14.0500,-0.5,-11.2,-12.9,-2.4,-1.7,-18.2,-12.1,0,25290,0,127,0, 
14.0533,-2.6,-9.9,-6.1,-0.2,-4.7,-17.5,-10.5,0,25296,0,128,0, 
14.0567,-4.7,-9.2,-1.2,2.2,-7.6,-16.0,-11.2,0,25302,0,129,0, 
14.0600,-5.5,-9.3,-1.1,3.0,-8.6,-15.3,-13.0,0,25308,0,130,0, 
14.0633,-5.0,-9.2,-4.9,1.7,-7.1,-15.8,-13.7,0,25314,0,131,0, 
14.0667,-4.2,-7.8,-8.5,-0.4,-3.9,-16.3,-11.4,0,25320,0,132,0, 
14.0700,-3.9,-4.8,-8.0,-1.4,-0.4,-15.1,-6.7,0,25326,0,133,0, 
14.0733,-4.4,-0.9,-2.3,-0.5,2.2,-11.3,-1.5,0,25332,0,134,0, 
14.0767,-4.6,2.5,5.5,1.4,3.4,-6.2,2.0,0,25338,0,135,0, 
14.0800,-3.2,4.3,10.9,2.6,3.2,-1.8,2.7,0,25344,0,136,0, 
14.0833,0.0,4.5,11.1,2.2,2.2,-0.1,1.5,0,25350,0,137,0, 
14.0867,4.0,4.3,7.4,0.7,1.0,-1.2,0.2,0,25356,0,138,0, 
14.0900,7.1,4.8,3.8,-0.4,0.3,-3.8,-0.1,0,25362,0,139,0, 
14.0933,8.1,6.4,4.1,0.0,0.5,-6.1,0.9,0,25368,0,140,0, 
14.0967,6.9,8.5,8.3,1.7,1.4,-6.6,2.3,0,25374,0,141,0, 
14.1000,4.8,9.6,13.2,3.3,2.4,-4.9,3.3,0,25380,0,142,0, 
14.1033,2.9,8.7,14.7,3.7,3.0,-1.5,3.8,0,25386,0,143,0, 
14.1067,1.8,6.4,11.4,2.9,2.8,2.5,3.9,0,25392,0,144,0, 
14.1100,0.9,4.1,6.0,1.8,2.4,5.8,3.9,0,25398,0,145,0, 
14.1133,-0.5,3.2,2.7,1.4,2.4,7.0,3.3,0,25404,0,146,0, 
14.1167,-2.5,4.2,3.9,1.8,3.3,4.9,1.9,0,25410,0,147,0, 
14.1200,-4.3,5.9,8.5,2.7,4.4,-0.1,-0.3,0,25416,0,148,0, 
14.1233,-4.9,7.3,12.8,3.2,4.6,-6.1,-2.1,0,25422,0,149,0, 
14.1267,-4.0,7.5,13.7,3.5,3.2,-10.7,-2.3,0,25428,0,150,0, 
14.1300,-2.2,6.8,10.6,4.0,0.7,-11.8,-0.4,0,25434,0,151,0, 
14.1333,-1.1,5.7,5.5,4.9,-1.8,-9.1,2.5,0,25440,0,152,0, 
14.1367,-1.7,4.4,1.1,5.6,-2.7,-4.4,4.3,0,25446,0,153,0, 
14.1400,-4.2,2.5,-1.1,5.4,-1.6,-0.4,3.5,0,25452,0,154,0, 
14.1433,-7.5,-0.2,-1.1,3.8,1.0,0.7,0.2,0,25458,0,155,0, 
14.1467,-10.3,-3.2,0.4,1.9,3.6,-1.3,-3.3,0,25464,0,156,0, 
14.1500,-11.6,-5.0,2.7,1.0,4.9,-4.6,-4.6,0,25470,0,157,0, 
14.1533,-10.9,-4.4,4.9,1.7,4.3,-6.7,-2.3,0,25476,0,158,0, 
14.1567,-8.5,-1.4,5.9,3.1,2.1,-6.3,2.8,0,25482,0,159,0, 
14.1600,-4.6,2.8,5.2,3.6,-0.9,-3.6,8.2,0,25488,0,160,0, 
14.1633,0.2,6.6,3.3,2.2,-3.5,-0.8,11.7,0,25494,0,161,0, 
14.1667,5.1,8.8,1.7,-0.6,-5.0,0.3,12.6,0,25500,0,162,0, 
14.1700,9.3,9.3,1.9,-2.9,-5.2,-0.9,11.6,0,25506,0,163,0, 
14.1733,11.5,8.8,3.8,-3.6,-4.1,-2.9,9.9,0,25512,0,164,0, 
14.1767,11.1,7.9,5.8,-2.4,-2.3,-4.0,8.0,0,25518,0,165,0, 
14.1800,8.3,6.5,6.3,-0.9,-0.7,-3.3,5.7,0,25524,0,166,0, 
14.1833,4.5,4.3,5.1,-0.1,-0.3,-2.1,2.8,0,25530,0,167,0, 
14.1867,1.0,1.4,4.0,-0.6,-1.8,-2.5,-0.5,0,25536,0,168,0, 
14.1900,-0.9,-1.7,4.8,-1.5,-4.4,-4.6,-2.6,0,25542,0,169,0, 
14.1933,-1.1,-3.5,7.8,-1.9,-6.2,-6.5,-2.4,0,25548,0,170,0, 
14.1967,-0.4,-3.1,11.2,-1.4,-5.7,-5.4,0.4,0,25554,0,171,0, 
14.2000,0.8,-0.3,13.0,-0.3,-2.6,-0.5,4.5,0,25560,0,172,0, 
14.2033,2.2,4.1,12.6,1.0,1.1,5.2,8.0,0,25566,0,173,0, 
14.2067,4.6,8.4,11.0,2.5,2.6,7.8,9.4,0,25572,0,174,0, 
14.2100,8.1,11.4,9.9,4.2,0.7,5.7,9.1,0,25578,0,175,0, 
14.2133,12.2,12.4,9.9,6.2,-2.9,2.5,8.7,0,25584,0,176,0, 
14.2167,15.5,11.9,10.5,7.8,-4.6,4.2,10.0,0,25590,0,177,0, 
14.2200,16.7,11.1,10.7,8.3,-1.6,13.6,13.0,0,25596,0,178,0, 
14.2233,15.7,10.7,10.0,7.5,5.0,26.7,16.4,0,25602,0,179,0, 
14.2267,14.1,10.7,8.4,6.2,11.0,34.6,17.8,0,25608,0,180,0, 
14.2300,13.8,10.1,6.0,5.0,12.0,30.4,16.3,0,25614,0,181,0, 
14.2333,15.4,8.0,2.6,4.4,7.6,15.2,12.7,0,25620,0,182,0, 
14.2367,17.5,4.0,-1.2,4.4,1.6,-1.8,8.8,0,25626,0,183,0, 
14.2400,17.5,-0.6,-4.0,4.3,-0.4,-10.2,6.0,0,25632,0,184,0, 
14.2433,14.2,-4.0,-3.9,3.7,3.9,-6.5,4.3,0,25638,0,185,0, 
14.2467,8.8,-5.1,-0.5,2.9,11.6,3.5,2.7,0,25644,0,186,0, 
14.2500,4.4,-4.0,4.2,2.1,16.4,10.3,0.5,0,25650,0,187,0, 
14.2533,4.1,-2.2,7.1,1.8,14.3,8.4,-1.8,0,25656,0,188,0, 
14.2567,7.7,-0.8,6.0,2.0,6.1,0.6,-2.8,0,25662,0,189,0, 
14.2600,12.4,-0.3,1.9,2.5,-3.2,-5.3,-1.7,0,25668,0,190,0, 
14.2633,14.6,-0.3,-2.0,2.8,-8.5,-4.2,0.8,0,25674,0,191,0, 
14.2667,12.7,0.0,-3.4,2.8,-8.5,1.8,2.9,0,25680,0,192,0, 
14.2700,8.4,0.7,-2.6,2.2,-5.8,5.5,2.8,0,25686,0,193,0, 
14.2733,5.3,1.6,-2.0,1.2,-3.9,2.1,0.7,0,25692,0,194,0, 
14.2767,5.5,2.5,-3.0,0.2,-3.7,-6.3,-1.2,0,25698,0,195,0, 
14.2800,8.5,3.8,-3.7,0.2,-3.5,-12.1,-1.1,0,25704,0,196,0, 
14.2833,11.1,5.5,-1.0,1.5,-1.2,-8.6,1.6,0,25710,0,197,0, 
14.2867,11.1,7.3,6.7,3.7,3.1,3.9,5.2,0,25716,0,198,0, 
14.2900,8.7,8.1,16.2,5.7,6.6,17.8,7.3,0,25722,0,199,0, 
14.2933,6.7,7.1,21.3,5.9,6.8,24.0,6.7,0,25728,0,200,0, 
14.2967,7.8,4.8,17.9,4.1,3.1,18.8,4.3,0,25734,0,201,0, 
14.3000,11.8,2.9,7.6,1.4,-1.7,5.7,2.3,0,25740,0,202,0, 
14.3033,15.8,2.9,-2.6,-0.3,-4.4,-7.1,2.3,0,25746,0,203,0, 
14.3067,16.4,5.2,-5.3,0.1,-3.9,-12.6,4.2,0,25752,0,204,0, 
14.3100,12.5,8.2,1.3,2.5,-1.9,-8.7,6.6,0,25758,0,205,0, 
14.3133,6.6,9.8,12.2,5.0,-1.1,1.3,7.9,0,25764,0,206,0, 
14.3167,3.0,8.8,19.6,6.0,-2.7,11.7,7.7,0,25770,0,207,0, 
14.3200,4.1,6.6,19.0,4.8,-5.6,17.4,6.9,0,25776,0,208,0, 
14.3233,9.3,5.5,12.3,2.2,-7.5,16.3,7.0,0,25782,0,209,0, 
14.3267,15.0,6.9,5.6,-0.1,-7.0,10.0,8.5,0,25788,0,210,0, 
14.3300,17.6,10.1,4.1,-1.3,-4.5,2.6,11.2,0,25794,0,211,0, 
14.3333,16.4,12.8,7.7,-1.3,-1.9,-1.4,13.8,0,25800,0,212,0, 
14.3367,13.0,13.2,12.1,-0.5,-0.5,0.2,15.2,0,25806,0,213,0, 
14.3400,10.6,11.6,13.5,0.7,-0.3,6.1,14.9,0,25812,0,214,0, 
14.3433,10.7,9.9,11.7,2.2,-0.4,12.2,13.0,0,25818,0,215,0, 
14.3467,12.6,10.3,10.4,3.8,-0.2,14.4,10.1,0,25824,0,216,0, 
14.3500,14.0,12.8,12.9,5.0,0.3,11.7,7.1,0,25830,0,217,0, 
14.3533,13.2,15.6,18.4,5.2,0.0,6.5,4.4,0,25836,0,218,0, 
14.3567,10.3,16.3,23.0,4.3,-1.4,3.1,2.5,0,25842,0,219,0, 
14.3600,6.8,14.2,22.4,3.1,-3.4,4.1,1.4,0,25848,0,220,0, 
14.3633,4.3,11.0,16.6,2.7,-4.7,8.9,1.1,0,25854,0,221,0, 
14.3667,3.8,9.5,10.0,3.6,-3.9,14.4,1.8,0,25860,0,222,0, 
14.3700,5.3,11.6,8.0,5.5,-1.3,17.5,3.4,0,25866,0,223,0, 
14.3733,8.1,16.4,12.1,7.1,1.6,16.8,5.7,0,25872,0,224,0, 
14.3767,11.7,21.4,19.3,7.6,2.5,13.1,8.2,0,25878,0,225,0, 
14.3800,15.4,23.9,24.2,6.9,0.4,8.4,10.8,0,25884,0,226,0, 
14.3833,18.2,22.9,23.5,5.6,-3.9,4.7,13.1,0,25890,0,227,0, 
14.3867,19.1,20.1,18.4,4.5,-7.8,3.5,15.3,0,25896,0,228,0, 
14.3900,17.3,17.5,12.8,3.8,-9.0,5.1,17.1,0,25902,0,229,0, 
14.3933,13.2,16.4,10.0,3.3,-7.1,8.4,18.2,0,25908,0,230,0, 
14.3967,8.0,16.5,10.1,2.6,-4.0,10.9,17.7,0,25914,0,231,0, 
14.4000,3.8,16.2,10.9,2.1,-2.6,10.1,15.5,0,25920,0,232,0, 
14.4033,2.0,14.5,10.3,2.1,-4.3,5.1,12.1,0,25926,0,233,0, 
14.4067,2.6,11.6,8.2,2.9,-7.7,-1.8,8.9,0,25932,0,234,0, 
14.4100,4.6,8.8,6.3,3.7,-9.8,-6.6,7.0,0,25938,0,235,0, 
14.4133,6.6,7.1,5.7,3.9,-8.3,-6.3,6.7,0,25944,0,236,0, 
14.4167,8.0,6.6,6.0,3.1,-4.0,-1.4,7.1,0,25950,0,237,0, 
14.4200,8.8,6.4,5.5,1.8,0.1,4.3,6.8,0,25956,0,238,0, 
14.4233,9.8,5.8,3.1,0.9,1.0,6.7,5.5,0,25962,0,239,0, 
14.4267,11.3,5.0,-0.4,0.9,-1.2,5.3,4.1,0,25968,0,240,0, 
14.4300,13.1,4.8,-2.7,1.5,-4.0,3.5,4.0,0,25974,0,241,0, 
14.4333,14.6,6.3,-1.8,2.0,-3.8,5.1,5.9,0,25980,0,242,0, 
14.4367,15.5,9.4,2.7,1.7,0.6,10.8,8.8,0,25986,0,243,0, 
14.4400,15.9,13.0,8.8,1.1,6.7,16.3,10.7,0,25992,0,244,0, 
14.4433,16.4,15.6,14.0,0.5,10.7,15.9,10.2,0,25998,0,245,0, 
14.4467,17.2,16.3,15.7,0.4,10.0,7.7,7.5,0,26004,0,246,0, 
14.4500,18.1,15.5,13.2,0.3,5.3,-3.7,4.7,0,26010,0,247,0, 
14.4533,18.1,14.0,7.3,-0.3,-0.1,-10.6,3.9,0,26016,0,248,0, 
14.4567,16.6,12.7,0.9,-1.6,-3.0,-8.2,5.4,0,26022,0,249,0, 
14.4600,13.4,11.9,-3.2,-2.5,-2.4,1.5,7.3,0,26028,0,250,0, 
14.4633,9.6,11.5,-3.4,-2.4,0.3,10.5,6.9,0,26034,0,251,0, 
14.4667,6.6,11.3,-0.4,-1.1,2.6,11.4,2.7,0,26040,0,252,0, 
14.4700,5.6,11.4,3.0,0.6,2.9,3.2,-4.1,0,26046,0,253,0, 
14.4733,6.8,12.1,4.4,1.3,1.8,-8.5,-10.1,0,26052,0,254,0, 
14.4767,9.5,13.7,3.8,0.8,0.4,-15.4,-12.2,0,26058,0,255,0, 
14.4800,12.4,16.2,3.6,0.0,-0.2,-13.6,-9.5,0,26064,0,0,0, 
14.4833,14.6,18.9,6.6,0.3,-0.2,-5.9,-3.8,0,26070,0,1,0, 
14.4867,16.0,21.1,13.2,2.5,-0.4,1.4,1.8,0,26076,0,2,0, 
14.4900,17.1,22.5,20.3,5.8,-1.2,3.7,5.1,0,26082,0,3,0, 
14.4933,18.2,22.8,23.9,8.1,-2.0,2.3,6.4,0,26088,0,4,0, 
14.4967,18.9,22.5,22.2,8.0,-1.6,2.3,7.6,0,26094,0,5,0, 
14.5000,18.6,21.9,17.2,5.7,0.8,7.9,10.3,0,26100,0,6,0, 
14.5033,16.9,21.1,12.8,2.7,5.0,17.9,14.3,0,26106,0,7,0, 
14.5067,14.0,19.7,11.2,0.9,9.7,27.0,17.5,0,26112,0,8,0, 
14.5100,10.7,17.2,11.4,0.7,13.2,29.3,17.6,0,26118,0,9,0, 
14.5133,7.9,13.3,10.1,1.4,14.1,23.8,14.2,0,26124,0,10,0, 
14.5167,5.9,8.5,6.0,1.8,12.4,14.9,8.9,0,26130,0,11,0, 
14.5200,4.1,4.0,0.7,1.2,9.0,8.4,4.3,0,26136,0,12,0, 
14.5233,1.9,1.1,-2.1,-0.3,5.5,7.0,2.2,0,26142,0,13,0, 
14.5267,-0.8,0.0,-0.5,-1.5,3.0,8.7,2.6,0,26148,0,14,0, 
14.5300,-3.2,0.3,4.3,-1.7,1.8,8.9,4.3,0,26154,0,15,0, 
14.5333,-3.9,1.5,8.4,-0.4,1.2,5.2,6.3,0,26160,0,16,0, 
14.5367,-2.5,3.7,9.7,2.1,0.4,-0.3,8.6,0,26166,0,17,0, 
14.5400,0.8,7.4,9.3,5.4,-0.7,-2.8,12.2,0,26172,0,18,0, 
14.5433,4.9,13.5,10.7,8.7,-1.4,0.7,17.6,0,26178,0,19,0, 
14.5467,8.5,21.1,16.1,11.2,-1.0,8.9,24.2,0,26184,0,20,0, 
14.5500,11.2,28.4,23.9,12.5,0.7,17.4,30.2,0,26190,0,21,0, 
14.5533,12.7,33.0,30.4,12.4,2.4,21.9,33.6,0,26196,0,22,0, 
14.5567,13.0,33.7,32.1,11.5,2.1,21.9,33.5,0,26202,0,23,0, 
14.5600,11.5,30.9,28.8,10.5,-0.8,20.1,30.3,0,26208,0,24,0, 
14.5633,8.0,26.7,23.2,9.7,-4.7,19.8,25.7,0,26214,0,25,0, 
14.5667,2.3,22.7,18.2,8.5,-6.3,21.1,21.2,0,26220,0,26,0, 
14.5700,-4.5,19.4,14.8,6.2,-3.3,21.3,17.3,0,26226,0,27,0, 
14.5733,-11.2,16.0,11.9,2.4,3.9,17.2,13.7,0,26232,0,28,0, 
14.5767,-16.4,11.5,7.8,-2.4,11.3,8.9,9.5,0,26238,0,29,0, 
14.5800,-19.9,5.8,2.7,-6.7,14.5,0.1,4.4,0,26244,0,30,0, 
14.5833,-22.2,0.1,-1.8,-9.0,11.4,-4.2,-0.8,0,26250,0,31,0, 
14.5867,-24.1,-4.1,-3.9,-8.9,4.5,-2.0,-5.1,0,26256,0,32,0, 
14.5900,-25.7,-5.8,-3.0,-7.1,-2.0,3.7,-7.2,0,26262,0,33,0, 
14.5933,-25.9,-5.0,-0.5,-5.1,-5.0,7.2,-7.0,0,26268,0,34,0, 
14.5967,-23.8,-2.8,1.7,-3.9,-4.9,4.1,-5.3,0,26274,0,35,0, 
14.6000,-18.7,-0.5,2.3,-3.5,-4.6,-4.5,-3.3,0,26280,0,36,0, 
14.6033,-11.5,1.5,1.7,-3.3,-6.5,-12.9,-1.4,0,26286,0,37,0, 
14.6067,-4.2,3.2,1.4,-2.1,-9.7,-14.6,1.0,0,26292,0,38,0, 
14.6100,1.7,5.5,2.6,0.4,-11.3,-7.3,4.9,0,26298,0,39,0, 
14.6133,5.7,8.9,5.8,4.3,-8.7,5.3,10.5,0,26304,0,40,0, 
14.6167,8.6,13.6,10.4,8.8,-2.8,16.6,17.1,0,26310,0,41,0, 
14.6200,11.7,19.1,15.3,12.7,2.9,21.7,23.2,0,26316,0,42,0, 
14.6233,15.2,24.0,19.0,15.0,5.3,20.4,27.2,0,26322,0,43,0, 
14.6267,17.8,26.6,20.6,14.7,4.3,16.9,29.0,0,26328,0,44,0, 
14.6300,17.6,26.0,19.5,11.9,3.1,15.2,29.0,0,26334,0,45,0, 
14.6333,13.3,22.0,15.7,7.4,4.5,15.9,28.0,0,26340,0,46,0, 
14.6367,5.8,16.1,10.2,2.8,8.5,16.5,26.0,0,26346,0,47,0, 
14.6400,-2.3,10.2,4.5,-0.5,11.9,13.9,22.8,0,26352,0,48,0, 
14.6433,-8.2,6.0,-0.3,-1.7,10.8,7.7,18.5,0,26358,0,49,0, 
14.6467,-10.6,3.8,-3.5,-1.4,4.7,0.3,13.5,0,26364,0,50,0, 
14.6500,-10.1,3.0,-4.7,-0.8,-3.0,-5.0,8.7,0,26370,0,51,0, 
14.6533,-9.0,2.6,-4.1,-1.0,-7.6,-7.2,4.8,0,26376,0,52,0, 
14.6567,-8.7,1.8,-2.4,-2.1,-6.8,-7.4,1.6,0,26382,0,53,0, 
14.6600,-9.5,1.1,-0.2,-3.5,-2.1,-7.1,-1.7,0,26388,0,54,0, 
14.6633,-9.9,1.0,1.4,-4.3,2.6,-6.5,-5.0,0,26394,0,55,0, 
14.6667,-8.7,2.0,1.9,-3.7,4.2,-4.7,-7.4,0,26400,0,56,0, 
14.6700,-5.5,4.0,1.0,-2.0,2.5,-1.0,-7.8,0,26406,0,57,0, 
14.6733,-1.5,6.2,-0.6,-0.1,0.1,3.0,-5.6,0,26412,0,58,0, 
14.6767,2.0,8.0,-1.8,1.4,-0.5,4.8,-1.8,0,26418,0,59,0, 
14.6800,4.2,9.3,-1.8,2.2,1.5,3.1,1.8,0,26424,0,60,0, 
14.6833,5.3,10.4,-0.2,2.6,4.4,-0.3,3.6,0,26430,0,61,0, 
14.6867,5.9,11.3,2.4,3.3,5.4,-2.0,3.8,0,26436,0,62,0, 
14.6900,6.3,11.8,5.5,4.6,3.1,0.0,3.3,0,26442,0,63,0, 
14.6933,6.1,11.4,8.2,6.3,-1.9,4.9,3.6,0,26448,0,64,0, 
14.6967,5.0,9.9,9.9,7.6,-7.3,8.9,4.4,0,26454,0,65,0, 
14.7000,3.2,7.4,10.1,7.8,-10.7,9.1,4.7,0,26460,0,66,0, 
14.7033,1.4,4.8,8.6,6.8,-10.8,4.8,2.8,0,26466,0,67,0, 
14.7067,0.1,2.4,6.1,5.0,-8.5,-1.6,-1.5,0,26472,0,68,0, 
14.7100,-0.8,0.4,3.4,3.2,-5.7,-7.4,-6.9,0,26478,0,69,0, 
14.7133,-1.9,-1.4,1.7,1.8,-4.0,-11.3,-11.2,0,26484,0,70,0, 
14.7167,-3.9,-3.2,1.3,0.7,-4.1,-13.6,-12.9,0,26490,0,71,0, 
14.7200,-6.3,-4.2,1.7,-0.4,-5.3,-15.2,-11.9,0,26496,0,72,0, 
14.7233,-7.8,-3.6,1.5,-1.7,-6.7,-16.3,-9.5,0,26502,0,73,0, 
14.7267,-7.3,-0.9,0.5,-2.3,-7.7,-16.6,-7.2,0,26508,0,74,0, 
14.7300,-4.7,3.4,-0.3,-1.6,-8.5,-16.0,-5.9,0,26514,0,75,0, 
14.7333,-2.0,8.2,1.2,1.1,-9.4,-15.0,-5.6,0,26520,0,76,0, 
14.7367,-1.6,11.8,6.9,4.9,-10.3,-14.3,-5.9,0,26526,0,77,0, 
14.7400,-4.7,13.4,15.8,8.4,-10.6,-13.5,-6.5,0,26532,0,78,0, 
14.7433,-10.4,13.0,24.3,10.0,-9.9,-12.2,-7.3,0,26538,0,79,0, 
14.7467,-15.8,11.4,27.5,9.4,-9.2,-10.6,-8.4,0,26544,0,80,0, 
14.7500,-18.5,9.3,22.7,7.0,-9.6,-10.0,-9.2,0,26550,0,81,0, 
14.7533,-17.6,7.3,11.2,4.2,-11.9,-11.5,-9.2,0,26556,0,82,0, 
14.7567,-14.9,5.8,-1.4,2.0,-15.1,-14.1,-7.7,0,26562,0,83,0, 
14.7600,-12.8,5.1,-9.2,0.5,-17.1,-15.1,-4.9,0,26568,0,84,0, 
14.7633,-12.8,5.2,-9.3,-0.6,-16.2,-12.1,-1.7,0,26574,0,85,0, 
14.7667,-14.4,5.9,-3.9,-1.6,-12.1,-5.4,0.4,0,26580,0,86,0, 
14.7700,-15.7,6.0,2.0,-2.6,-6.3,1.0,0.3,0,26586,0,87,0, 
14.7733,-15.1,4.8,3.5,-3.5,-1.3,2.8,-1.9,0,26592,0,88,0, 
14.7767,-12.6,2.1,0.1,-4.2,1.7,-1.4,-5.2,0,26598,0,89,0, 
14.7800,-9.2,-1.3,-4.9,-4.6,2.6,-8.1,-8.0,0,26604,0,90,0, 
14.7833,-6.2,-3.8,-7.3,-4.8,2.1,-11.9,-8.9,0,26610,0,91,0, 
14.7867,-4.1,-4.7,-5.4,-4.6,1.4,-9.3,-7.9,0,26616,0,92,0, 
14.7900,-2.5,-4.1,-1.4,-3.9,0.9,-2.1,-5.7,0,26622,0,93,0, 
14.7933,-0.9,-3.4,0.8,-2.7,0.9,4.9,-3.4,0,26628,0,94,0, 
14.7967,0.7,-3.4,-0.7,-1.2,1.8,7.8,-1.6,0,26634,0,95,0, 
14.8000,1.9,-3.7,-3.7,0.4,3.2,6.9,-0.1,0,26640,0,96,0, 
14.8033,2.6,-3.2,-3.8,2.1,4.3,5.8,1.3,0,26646,0,97,0, 
14.8067,3.2,-1.1,1.8,4.1,3.9,7.5,2.7,0,26652,0,98,0, 
14.8100,4.4,2.2,11.3,6.3,1.5,11.4,3.4,0,26658,0,99,0, 
14.8133,6.4,5.1,19.2,8.3,-1.9,13.6,2.8,0,26664,0,100,0, 
14.8167,8.4,6.1,20.5,9.6,-4.3,10.6,0.8,0,26670,0,101,0, 
14.8200,9.2,5.1,14.5,10.1,-4.5,2.3,-1.7,0,26676,0,102,0, 
14.8233,8.0,3.2,5.5,10.1,-3.0,-7.4,-3.6,0,26682,0,103,0, 
14.8267,5.1,1.8,-0.8,10.2,-1.6,-13.6,-4.1,0,26688,0,104,0, 
14.8300,1.6,1.5,-1.7,10.6,-1.6,-13.6,-3.6,0,26694,0,105,0, 
14.8333,-1.3,1.9,1.1,10.7,-2.3,-8.4,-2.9,0,26700,0,106,0, 
14.8367,-3.4,2.4,3.4,9.7,-1.5,-1.3,-2.2,0,26706,0,107,0, 
14.8400,-4.7,2.7,2.8,7.3,2.1,4.5,-1.4,0,26712,0,108,0, 
14.8433,-5.2,3.8,0.9,4.2,7.5,7.2,-0.1,0,26718,0,109,0, 
14.8467,-4.8,6.0,1.3,1.8,11.4,6.8,1.9,0,26724,0,110,0, 
14.8500,-3.3,8.7,5.8,1.5,10.7,4.4,4.1,0,26730,0,111,0, 
14.8533,-0.8,10.5,12.1,3.4,5.4,1.9,6.2,0,26736,0,112,0, 
14.8567,1.8,10.1,15.3,6.4,-1.6,1.0,8.0,0,26742,0,113,0, 
14.8600,3.5,7.3,12.5,9.1,-6.5,2.0,9.6,0,26748,0,114,0, 
14.8633,4.2,3.7,6.0,10.6,-7.6,3.4,11.0,0,26754,0,115,0, 
14.8667,4.5,1.0,1.4,11.0,-6.4,2.3,11.3,0,26760,0,116,0, 
14.8700,4.8,0.4,3.6,10.9,-5.4,-2.7,9.8,0,26766,0,117,0, 
14.8733,5.2,1.4,11.8,10.7,-5.8,-9.9,6.4,0,26772,0,118,0, 
14.8767,4.9,2.7,20.3,10.1,-6.1,-14.4,2.5,0,26778,0,119,0, 
14.8800,3.1,3.1,22.7,8.8,-4.2,-11.8,-0.2,0,26784,0,120,0, 
14.8833,0.2,2.7,17.3,6.5,0.5,-2.1,-0.8,0,26790,0,121,0, 
14.8867,-2.3,2.1,7.7,3.5,6.0,9.8,0.0,0,26796,0,122,0, 
14.8900,-3.0,1.8,0.1,0.5,9.2,16.7,0.7,0,26802,0,123,0, 
14.8933,-1.3,1.9,-1.9,-1.9,8.6,14.6,0.4,0,26808,0,124,0, 
14.8967,1.6,2.1,0.1,-3.0,5.5,5.4,-0.2,0,26814,0,125,0, 
14.9000,4.3,2.5,1.8,-2.5,2.3,-4.6,0.5,0,26820,0,126,0, 
14.9033,5.7,3.0,0.4,-0.4,0.8,-9.8,3.3,0,26826,0,127,0, 
14.9067,6.2,4.2,-2.4,2.5,0.5,-8.7,6.9,0,26832,0,128,0, 
14.9100,6.9,5.9,-2.5,5.0,-0.4,-4.5,8.9,0,26838,0,129,0, 
14.9133,8.7,7.3,2.6,5.8,-2.9,-1.8,7.5,0,26844,0,130,0, 
14.9167,11.1,7.4,10.5,4.5,-6.3,-2.8,3.3,0,26850,0,131,0, 
14.9200,13.2,5.4,15.5,1.6,-8.5,-6.4,-1.2,0,26856,0,132,0, 
14.9233,14.2,1.8,12.9,-1.2,-7.8,-9.8,-3.6,0,26862,0,133,0, 
14.9267,13.8,-2.6,3.5,-2.7,-4.1,-10.1,-3.1,0,26868,0,134,0, 
14.9300,13.1,-6.2,-6.5,-2.4,1.3,-5.7,-1.0,0,26874,0,135,0, 
14.9333,12.9,-7.8,-9.8,-1.1,6.8,3.4,1.1,0,26880,0,136,0, 
14.9367,14.3,-6.7,-3.7,0.1,11.8,16.2,2.8,0,26886,0,137,0, 
14.9400,17.4,-3.2,7.9,0.7,15.6,30.2,5.4,0,26892,0,138,0, 
14.9433,21.7,1.7,17.4,0.8,17.8,41.1,9.8,0,26898,0,139,0, 
14.9467,25.9,6.2,19.7,0.9,17.9,44.8,15.3,0,26904,0,140,0, 
14.9500,28.5,8.6,14.9,1.3,16.0,39.5,19.3,0,26910,0,141,0, 
14.9533,27.9,7.9,8.2,1.6,13.0,27.4,19.2,0,26916,0,142,0, 
14.9567,23.8,4.2,4.5,1.3,10.5,13.3,14.4,0,26922,0,143,0, 
14.9600,17.5,-0.8,4.9,0.5,9.0,1.7,6.7,0,26928,0,144,0, 
14.9633,11.2,-5.0,6.1,-0.2,8.0,-5.6,-0.6,0,26934,0,145,0, 
14.9667,7.2,-6.9,4.7,-0.2,6.1,-8.9,-4.9,0,26940,0,146,0, 
14.9700,5.8,-6.0,0.3,1.1,2.7,-9.1,-5.2,0,26946,0,147,0, 
14.9733,5.7,-3.5,-3.1,3.1,-1.0,-5.9,-2.4,0,26952,0,148,0, 
14.9767,5.2,-0.5,-0.8,5.0,-2.8,1.2,2.2,0,26958,0,149,0, 
14.9800,3.7,2.0,8.0,6.0,-1.3,10.4,7.5,0,26964,0,150,0, 
14.9833,2.4,4.1,19.5,6.0,2.4,17.6,12.2,0,26970,0,151,0, 
14.9867,3.4,6.1,27.0,5.5,5.7,18.4,15.6,0,26976,0,152,0, 
14.9900,7.4,8.0,26.5,5.1,6.3,12.1,16.6,0,26982,0,153,0, 
14.9933,13.2,9.1,19.0,4.8,4.2,2.9,14.9,0,26988,0,154,0, 
14.9967,18.1,8.5,9.8,4.7,1.4,-2.6,11.5,0,26994,0,155,0, 
15.0000,19.7,5.9,4.3,4.5,0.1,-0.8,7.8,0,27000,0,156,0, 
15.0033,17.7,2.0,4.0,3.9,1.0,5.9,4.9,0,27006,0,157,0, 
15.0067,13.9,-2.0,7.0,3.1,2.8,11.2,3.0,0,27012,0,158,0, 
15.0100,10.2,-5.3,9.6,2.3,3.5,9.1,0.9,0,27018,0,159,0, 
15.0133,7.6,-8.3,9.6,1.5,2.2,-0.7,-3.2,0,27024,0,160,0, 
15.0167,5.6,-11.6,6.8,0.7,-0.5,-13.2,-9.6,0,27030,0,161,0, 
15.0200,3.4,-16.0,2.2,-0.3,-3.1,-21.8,-16.9,0,27036,0,162,0, 
15.0233,0.9,-20.6,-3.5,-1.7,-5.0,-22.9,-22.5,0,27042,0,163,0, 
15.0267,-1.0,-23.9,-9.1,-3.4,-6.6,-17.4,-23.8,0,27048,0,164,0, 
15.0300,-1.0,-24.1,-13.1,-5.0,-8.6,-9.3,-20.1,0,27054,0,165,0, 
15.0333,1.1,-21.0,-13.1,-5.8,-10.4,-2.7,-13.1,0,27060,0,166,0, 
15.0367,4.3,-15.9,-8.0,-5.4,-10.7,0.5,-6.0,0,27066,0,167,0, 
15.0400,7.0,-11.4,0.2,-4.1,-8.2,0.1,-2.3,0,27072,0,168,0, 
15.0433,8.4,-9.7,6.8,-2.6,-3.1,-2.8,-3.2,0,27078,0,169,0, 
15.0467,8.5,-11.3,7.1,-1.8,2.4,-6.2,-7.5,0,27084,0,170,0, 
15.0500,7.9,-14.4,0.5,-2.1,5.5,-8.1,-11.8,0,27090,0,171,0, 
15.0533,7.4,-16.6,-8.4,-2.8,4.7,-7.2,-13.2,0,27096,0,172,0, 
15.0567,6.8,-15.7,-12.9,-3.1,1.0,-3.7,-10.8,0,27102,0,173,0, 
15.0600,5.7,-11.9,-8.8,-2.3,-3.1,0.2,-6.3,0,27108,0,174,0, 
15.0633,3.8,-7.1,1.9,-0.5,-5.0,1.9,-2.9,0,27114,0,175,0, 
15.0667,1.3,-3.9,12.1,1.1,-3.7,0.3,-2.6,0,27120,0,176,0, 
15.0700,-1.5,-4.0,14.9,1.5,-0.4,-2.8,-5.1,0,27126,0,177,0, 
15.0733,-4.0,-6.7,8.7,0.3,2.7,-4.3,-8.0,0,27132,0,178,0, 
15.0767,-6.0,-9.5,-2.1,-1.7,3.7,-2.7,-8.6,0,27138,0,179,0, 
15.0800,-7.3,-10.1,-10.0,-3.1,2.0,0.8,-6.0,0,27144,0,180,0, 
15.0833,-8.3,-7.9,-10.5,-3.2,-1.5,2.5,-2.3,0,27150,0,181,0, 
15.0867,-9.2,-4.4,-5.3,-2.3,-4.8,0.2,0.0,0,27156,0,182,0, 
15.0900,-10.5,-2.4,-0.1,-1.7,-6.1,-5.0,-0.8,0,27162,0,183,0, 
15.0933,-12.4,-3.5,-0.3,-2.7,-4.9,-9.4,-4.0,0,27168,0,184,0, 
15.0967,-14.8,-7.1,-6.5,-5.3,-1.9,-9.4,-7.1,0,27174,0,185,0, 
15.1000,-17.5,-11.0,-14.3,-8.3,1.1,-5.1,-8.1,0,27180,0,186,0, 
15.1033,-19.8,-12.7,-17.7,-10.1,2.8,0.6,-6.9,0,27186,0,187,0, 
15.1067,-21.4,-11.8,-14.1,-10.1,3.0,4.4,-5.0,0,27192,0,188,0, 
15.1100,-22.4,-9.9,-6.5,-8.8,2.7,5.3,-4.1,0,27198,0,189,0, 
15.1133,-22.6,-9.4,-1.1,-7.8,2.9,4.9,-5.0,0,27204,0,190,0, 
15.1167,-22.0,-11.8,-2.6,-8.2,3.6,4.5,-7.1,0,27210,0,191,0, 
15.1200,-20.4,-16.5,-10.8,-10.0,3.7,3.8,-9.3,0,27216,0,192,0, 
15.1233,-17.8,-21.2,-20.4,-12.1,2.3,1.0,-10.9,0,27222,0,193,0, 
15.1267,-14.8,-23.5,-25.1,-13.1,0.0,-3.9,-11.4,0,27228,0,194,0, 
15.1300,-12.6,-22.5,-21.8,-12.2,-1.4,-8.0,-10.9,0,27234,0,195,0, 
15.1333,-12.2,-19.2,-13.3,-10.2,0.1,-7.1,-9.2,0,27240,0,196,0, 
15.1367,-14.0,-15.7,-5.6,-8.2,4.0,0.2,-6.7,0,27246,0,197,0, 
15.1400,-16.7,-14.1,-3.7,-7.0,7.1,10.0,-4.5,0,27252,0,198,0, 
15.1433,-18.4,-15.0,-8.2,-6.9,5.9,15.4,-4.3,0,27258,0,199,0, 
15.1467,-17.8,-17.3,-15.3,-6.9,-0.4,11.2,-6.9,0,27264,0,200,0, 
15.1500,-15.0,-19.2,-20.0,-6.4,-8.7,-1.2,-11.5,0,27270,0,201,0, 
15.1533,-11.8,-19.4,-19.6,-5.1,-13.9,-14.8,-16.0,0,27276,0,202,1, sound 
15.1567,-10.0,-17.6,-15.6,-3.2,-13.0,-22.2,-18.3,0,27282,0,203,0, 
15.1600,-10.6,-14.7,-11.4,-1.9,-7.4,-20.3,-17.4,0,27288,0,204,0, 
15.1633,-13.0,-12.1,-9.9,-1.8,-1.3,-12.2,-14.6,0,27294,0,205,0, 
15.1667,-15.2,-10.7,-11.4,-3.2,1.3,-3.3,-11.6,0,27300,0,206,0, 
15.1700,-15.5,-10.3,-14.3,-5.7,-0.1,2.3,-9.8,0,27306,0,207,0, 
15.1733,-13.4,-10.3,-16.2,-8.4,-3.0,4.4,-9.3,0,27312,0,208,0, 
15.1767,-10.0,-10.1,-16.3,-10.7,-4.3,4.3,-9.4,0,27318,0,209,0, 
15.1800,-6.9,-9.8,-14.9,-12.4,-3.4,3.3,-9.9,0,27324,0,210,0, 
15.1833,-5.1,-9.9,-13.0,-13.4,-1.6,1.2,-10.8,0,27330,0,211,0, 
15.1867,-4.8,-10.8,-11.9,-14.4,-0.7,-2.0,-12.5,0,27336,0,212,0, 
15.1900,-5.0,-12.4,-12.0,-15.3,-0.9,-5.1,-14.3,0,27342,0,213,0, 
15.1933,-4.6,-13.7,-13.7,-15.8,-0.8,-6.1,-15.1,0,27348,0,214,0, 
15.1967,-3.5,-13.9,-16.1,-15.1,0.6,-4.4,-13.9,0,27354,0,215,0, 
15.2000,-2.1,-12.5,-17.2,-12.6,2.8,-1.6,-10.9,0,27360,0,216,0, 
15.2033,-1.4,-9.5,-14.8,-8.4,4.0,-0.1,-7.2,0,27366,0,217,0, 
15.2067,-1.9,-6.0,-8.6,-3.9,3.4,-0.8,-3.9,0,27372,0,218,0, 
15.2100,-2.6,-2.7,-0.9,-0.8,2.0,-1.9,-1.2,0,27378,0,219,0, 
15.2133,-2.4,-0.6,3.8,-0.2,1.5,-0.4,1.3,0,27384,0,220,0, 
15.2167,-0.4,0.1,2.1,-1.9,2.9,4.4,4.1,0,27390,0,221,0, 
15.2200,3.0,-0.5,-5.7,-4.6,5.0,9.7,6.5,0,27396,0,222,0, 
15.2233,5.9,-2.2,-15.4,-6.3,6.0,11.5,7.0,0,27402,0,223,0, 
15.2267,6.4,-4.7,-21.6,-6.4,4.5,7.6,4.6,0,27408,0,224,0, 
15.2300,4.1,-7.7,-21.9,-5.2,1.3,0.0,-0.2,0,27414,0,225,0, 
15.2333,0.2,-10.8,-17.9,-4.0,-1.9,-6.9,-5.4,0,27420,0,226,0, 
15.2367,-2.9,-13.1,-13.6,-3.6,-3.8,-10.1,-8.9,0,27426,0,227,0, 
15.2400,-3.6,-14.0,-11.5,-3.7,-4.6,-9.6,-10.0,0,27432,0,228,0, 
15.2433,-1.9,-13.2,-10.9,-3.7,-4.8,-8.2,-9.6,0,27438,0,229,0, 
15.2467,0.7,-10.9,-9.4,-2.9,-4.8,-8.2,-9.5,0,27444,0,230,0, 
15.2500,2.4,-8.3,-5.6,-1.8,-4.4,-9.4,-10.9,0,27450,0,231,0, 
15.2533,2.6,-6.3,-1.3,-1.4,-2.9,-9.9,-13.8,0,27456,0,232,0, 
15.2567,1.8,-5.3,0.0,-2.1,-1.0,-8.0,-17.4,0,27462,0,233,0, 
15.2600,0.7,-5.3,-3.8,-3.4,0.3,-4.7,-20.5,0,27468,0,234,0, 
15.2633,-0.4,-5.6,-11.1,-3.9,0.2,-2.0,-22.8,0,27474,0,235,0, 
15.2667,-1.9,-5.6,-17.5,-2.5,-0.9,-1.6,-24.0,0,27480,0,236,0, 
15.2700,-4.0,-4.7,-18.9,0.2,-1.7,-2.9,-24.1,0,27486,0,237,0, 
15.2733,-5.9,-3.2,-14.6,2.8,-1.4,-3.9,-22.6,0,27492,0,238,0, 
15.2767,-6.2,-1.2,-7.7,3.8,-0.4,-2.9,-19.1,0,27498,0,239,0, 
15.2800,-3.9,0.5,-2.8,2.7,0.2,0.0,-13.6,0,27504,0,240,0, 
15.2833,0.5,1.6,-2.5,0.7,-0.1,3.3,-6.9,0,27510,0,241,0, 
15.2867,5.3,1.6,-6.1,-0.8,-0.4,5.7,-0.3,0,27516,0,242,0, 
15.2900,8.6,0.7,-9.9,-1.0,0.4,7.3,5.2,0,27522,0,243,0, 
15.2933,9.8,0.0,-10.0,-0.2,2.8,9.1,9.5,0,27528,0,244,0, 
15.2967,9.6,0.5,-5.2,0.7,5.6,11.9,13.1,0,27534,0,245,0, 
15.3000,9.6,2.5,2.3,0.9,7.0,15.3,16.8,0,27540,0,246,0, 
15.3033,10.7,5.3,7.8,0.3,6.4,18.0,20.3,0,27546,0,247,0, 
15.3067,13.0,7.2,7.3,-0.4,4.5,18.3,22.7,0,27552,0,248,0, 
15.3100,15.4,7.2,0.8,-0.6,2.7,15.5,22.5,0,27558,0,249,0, 
15.3133,16.8,5.7,-7.6,-0.1,1.8,10.7,19.5,0,27564,0,250,0, 
15.3167,16.5,4.5,-12.1,1.0,1.1,5.8,14.8,0,27570,0,251,0, 
15.3200,14.8,5.3,-9.4,2.4,-0.4,2.9,10.3,0,27576,0,252,0, 
15.3233,12.3,8.3,-1.4,4.0,-2.5,2.6,7.5,0,27582,0,253,0, 
15.3267,10.4,11.9,6.0,5.5,-4.3,3.6,6.4,0,27588,0,254,0, 
15.3300,9.6,13.9,7.6,6.8,-4.4,3.2,5.1,0,27594,0,255,0, 
15.3333,9.9,13.1,3.3,7.9,-3.2,-0.2,1.9,0,27600,0,0,0, 
15.3367,10.4,10.6,-1.7,8.6,-2.1,-6.1,-3.7,0,27606,0,1,0, 
15.3400,9.5,8.1,-1.8,8.9,-2.9,-11.3,-10.1,0,27612,0,2,0, 
15.3433,6.6,6.9,4.0,8.7,-5.6,-12.9,-15.4,0,27618,0,3,0, 
15.3467,1.9,6.4,10.6,7.9,-8.4,-10.5,-18.6,0,27624,0,4,0, 
15.3500,-2.8,5.3,10.9,6.4,-9.6,-7.1,-20.7,0,27630,0,5,0, 
15.3533,-6.0,2.5,2.3,4.6,-8.4,-7.1,-23.8,0,27636,0,6,0, 
15.3567,-7.6,-1.3,-10.2,3.1,-5.8,-12.4,-28.9,0,27642,0,7,0, 
15.3600,-9.4,-4.8,-17.9,2.6,-3.7,-20.6,-35.4,0,27648,0,8,0, 
15.3633,-13.2,-7.1,-15.5,3.4,-3.0,-26.8,-41.4,0,27654,0,9,0, 
15.3667,-19.7,-8.7,-5.7,4.9,-3.4,-27.8,-45.2,0,27660,0,10,0, 
15.3700,-27.4,-10.4,2.9,6.0,-4.3,-24.8,-46.5,0,27666,0,11,0, 
15.3733,-33.6,-12.6,2.5,6.0,-5.3,-22.8,-46.1,0,27672,0,12,0, 
15.3767,-36.2,-14.1,-6.8,4.9,-7.0,-25.9,-44.7,0,27678,0,13,0, 
15.3800,-35.6,-13.4,-18.1,3.6,-9.8,-34.0,-42.2,0,27684,0,14,0, 
15.3833,-34.1,-10.2,-22.8,3.0,-13.4,-42.6,-38.2,0,27690,0,15,0, 
15.3867,-33.7,-5.7,-17.9,3.3,-16.2,-46.1,-32.2,0,27696,0,16,0, 
15.3900,-34.9,-1.9,-7.4,4.1,-17.0,-42.0,-25.0,0,27702,0,17,0, 
15.3933,-36.4,0.2,1.6,4.7,-15.7,-32.7,-17.3,0,27708,0,18,0, 
15.3967,-36.1,1.9,5.1,4.6,-13.3,-22.5,-9.7,0,27714,0,19,0, 
15.4000,-33.2,5.1,4.7,3.9,-11.4,-14.7,-2.0,0,27720,0,20,0, 
15.4033,-28.3,10.9,4.7,3.1,-11.0,-9.6,5.7,0,27726,0,21,0, 
15.4067,-23.1,18.0,7.8,2.3,-11.4,-5.8,12.3,0,27732,0,22,0, 
15.4100,-18.6,23.5,12.1,1.1,-11.6,-2.7,15.9,0,27738,0,23,0, 
15.4133,-15.0,24.5,13.6,-0.7,-11.0,-1.3,15.0,0,27744,0,24,0, 
15.4167,-12.2,20.6,9.7,-3.0,-9.5,-3.1,9.8,0,27750,0,25,0, 
15.4200,-10.2,13.7,1.8,-5.1,-7.8,-7.7,2.8,0,27756,0,26,0, 
15.4233,-9.5,6.4,-6.0,-6.4,-6.2,-12.1,-3.4,0,27762,0,27,0, 
15.4267,-10.8,0.4,-10.2,-6.4,-4.5,-12.9,-7.4,0,27768,0,28,0, 
15.4300,-13.4,-4.0,-10.7,-5.2,-3.0,-9.2,-9.7,0,27774,0,29,0, 
15.4333,-16.3,-7.6,-10.2,-3.4,-2.1,-3.6,-11.8,0,27780,0,30,0, 
15.4367,-17.9,-11.0,-11.5,-1.7,-2.7,-1.0,-14.3,0,27786,0,31,0, 
15.4400,-17.9,-13.6,-14.9,-0.5,-5.2,-4.3,-16.5,0,27792,0,32,0, 
15.4433,-16.8,-14.4,-18.4,-0.1,-8.5,-11.9,-16.7,0,27798,0,33,0, 
15.4467,-15.6,-13.1,-18.7,-0.3,-11.1,-18.6,-14.4,0,27804,0,34,0, 
15.4500,-15.1,-10.1,-14.6,-1.0,-12.0,-19.8,-10.5,0,27810,0,35,0, 
15.4533,-14.8,-6.8,-7.6,-1.9,-11.3,-14.9,-7.3,0,27816,0,36,0, 
15.4567,-13.8,-4.2,-1.4,-3.1,-10.4,-7.1,-6.1,0,27822,0,37,0, 
15.4600,-11.7,-2.8,0.8,-4.6,-10.1,-1.1,-6.1,0,27828,0,38,0, 
15.4633,-8.6,-1.9,-1.9,-6.4,-9.9,1.1,-5.2,0,27834,0,39,0, 
15.4667,-5.8,-0.8,-7.0,-8.2,-8.1,1.3,-1.9,0,27840,0,40,0, 
15.4700,-4.0,1.0,-10.0,-9.6,-3.5,2.6,3.8,0,27846,0,41,0, 
15.4733,-3.7,3.4,-7.4,-9.7,2.8,6.1,9.5,0,27852,0,42,0, 
15.4767,-4.7,5.8,1.1,-8.0,8.0,9.6,12.6,0,27858,0,43,0, 
15.4800,-6.5,7.1,11.4,-4.8,9.6,10.1,11.8,0,27864,0,44,0, 
15.4833,-8.6,6.8,17.6,-1.3,7.0,6.7,8.4,0,27870,0,45,0, 
15.4867,-10.3,4.8,15.3,1.0,2.6,2.2,4.5,0,27876,0,46,0, 
15.4900,-11.0,1.7,4.8,1.4,-0.4,0.3,1.8,0,27882,0,47,0, 
15.4933,-9.9,-1.5,-9.0,0.0,-0.5,2.0,0.4,0,27888,0,48,0, 
15.4967,-6.6,-3.8,-19.6,-1.9,1.5,4.3,-0.8,0,27894,0,49,0, 
15.5000,-1.6,-4.8,-23.1,-3.0,3.4,2.4,-3.1,0,27900,0,50,0, 
15.5033,3.6,-4.7,-19.4,-2.9,3.7,-4.9,-6.0,0,27906,0,51,0, 
15.5067,7.3,-4.0,-12.2,-2.3,3.0,-13.5,-7.6,0,27912,0,52,0, 
15.5100,8.6,-3.3,-5.3,-2.2,3.0,-16.4,-6.2,0,27918,0,53,0, 
15.5133,7.9,-2.3,-1.2,-3.1,4.8,-9.7,-1.3,0,27924,0,54,0, 
15.5167,6.7,-1.1,0.1,-4.6,7.5,3.7,5.0,0,27930,0,55,0, 
15.5200,6.6,0.5,-0.4,-5.3,8.7,15.3,9.8,0,27936,0,56,0, 
15.5233,8.1,2.1,-1.8,-4.4,6.7,17.7,11.1,0,27942,0,57,0, 
15.5267,10.6,3.0,-3.0,-2.0,1.7,10.0,9.1,0,27948,0,58,0, 
15.5300,12.6,3.1,-3.4,0.7,-3.7,-2.0,5.9,0,27954,0,59,0, 
15.5333,12.8,2.7,-2.5,2.4,-6.9,-10.3,3.9,0,27960,0,60,0, 
15.5367,11.2,2.5,-0.8,2.5,-6.7,-10.8,4.0,0,27966,0,61,0, 
15.5400,8.6,2.7,0.5,1.6,-4.4,-5.5,5.3,0,27972,0,62,0, 
15.5433,5.7,3.1,0.3,0.7,-2.4,0.1,5.9,0,27978,0,63,0, 
15.5467,2.8,3.0,-1.4,0.5,-2.3,1.8,4.4,0,27984,0,64,0, 
15.5500,-0.2,2.0,-3.3,0.6,-3.7,-0.8,1.3,0,27990,0,65,0, 
15.5533,-3.3,0.3,-3.8,0.2,-4.9,-4.8,-1.6,0,27996,0,66,0, 
15.5567,-6.4,-1.4,-2.6,-1.4,-4.0,-7.0,-3.2,0,28002,0,67,0, 
15.5600,-8.9,-2.3,-1.1,-3.8,-1.0,-6.0,-3.2,0,28008,0,68,0, 
15.5633,-10.1,-2.1,-0.6,-6.2,2.5,-2.7,-2.7,0,28014,0,69,0, 
15.5667,-9.7,-1.1,-1.0,-7.3,4.1,1.6,-2.9,0,28020,0,70,0, 
15.5700,-8.1,0.2,-0.6,-6.7,2.7,5.1,-3.9,0,28026,0,71,0, 
15.5733,-5.9,1.2,2.1,-5.1,-0.6,6.7,-5.0,0,28032,0,72,0, 
15.5767,-3.9,1.8,6.7,-3.5,-3.2,5.6,-5.1,0,28038,0,73,0, 
15.5800,-2.2,1.8,10.0,-2.5,-2.8,2.2,-3.8,0,28044,0,74,0, 
15.5833,-1.1,1.3,8.7,-2.0,0.8,-2.2,-2.0,0,28050,0,75,0, 
15.5867,-0.1,0.6,2.0,-1.6,5.6,-5.5,-1.2,0,28056,0,76,0, 
15.5900,1.0,-0.1,-6.7,-0.9,8.4,-6.7,-2.5,0,28062,0,77,0, 
15.5933,2.1,-0.4,-12.4,-0.1,7.6,-6.2,-5.8,0,28068,0,78,0, 
15.5967,2.6,0.0,-11.6,0.0,3.7,-5.6,-9.5,0,28074,0,79,0, 
15.6000,2.1,0.7,-5.1,-0.7,-0.6,-6.1,-12.0,0,28080,0,80,0, 
15.6033,0.1,0.8,2.4,-2.0,-2.8,-7.0,-12.6,0,28086,0,81,0, 
15.6067,-2.9,-0.4,5.6,-3.2,-2.6,-6.4,-11.3,0,28092,0,82,0, 
15.6100,-5.7,-3.1,2.4,-4.0,-1.0,-3.3,-9.5,0,28098,0,83,0, 
15.6133,-7.1,-6.8,-4.9,-4.7,0.3,1.1,-8.3,0,28104,0,84,0, 
15.6167,-7.0,-10.1,-11.8,-5.6,0.4,3.7,-8.5,0,28110,0,85,0, 
15.6200,-6.2,-12.0,-14.6,-6.9,-0.1,1.7,-10.2,0,28116,0,86,0, 
15.6233,-5.9,-12.3,-13.2,-8.0,-0.2,-4.7,-12.8,0,28122,0,87,0, 
15.6267,-7.0,-11.6,-10.2,-8.1,0.4,-11.9,-15.2,0,28128,0,88,0, 
15.6300,-9.1,-10.5,-8.6,-6.9,1.5,-15.3,-16.2,0,28134,0,89,0, 
15.6333,-10.7,-9.2,-9.1,-4.8,2.6,-12.3,-14.9,0,28140,0,90,0, 
15.6367,-10.9,-7.1,-9.1,-2.8,3.7,-4.3,-11.3,0,28146,0,91,0, 
15.6400,-9.1,-3.6,-5.8,-1.2,5.2,4.1,-6.2,0,28152,0,92,0, 
15.6433,-6.1,1.4,1.6,0.2,6.7,7.7,-1.3,0,28158,0,93,0, 
15.6467,-2.9,6.8,10.0,1.8,7.6,4.8,2.1,0,28164,0,94,0, 
15.6500,-0.1,11.0,14.3,3.6,7.0,-2.1,3.7,0,28170,0,95,0, 
15.6533,2.1,12.7,11.7,4.9,5.0,-8.1,4.2,0,28176,0,96,0, 
15.6567,3.7,11.8,3.8,5.2,2.9,-8.6,5.0,0,28182,0,97,0, 
15.6600,4.7,9.6,-4.1,4.3,1.8,-2.9,6.7,0,28188,0,98,0, 
15.6633,4.9,7.5,-6.4,3.1,1.7,5.6,9.1,0,28194,0,99,0, 
15.6667,4.2,6.9,-2.0,2.4,1.9,11.7,11.1,0,28200,0,100,0, 
15.6700,2.9,7.8,5.9,2.6,1.2,12.3,11.6,0,28206,0,101,0, 
15.6733,1.7,9.3,11.8,3.6,0.0,8.2,10.7,0,28212,0,102,0, 
15.6767,0.8,10.4,12.6,4.7,-0.4,3.1,9.0,0,28218,0,103,0, 
15.6800,0.2,10.3,9.1,5.3,1.2,0.7,7.5,0,28224,0,104,0, 
15.6833,-0.6,8.9,4.5,5.3,4.7,1.6,6.4,0,28230,0,105,0, 
15.6867,-1.9,6.8,1.6,4.7,8.3,3.6,5.4,0,28236,0,106,0, 
15.6900,-3.9,4.5,0.1,3.5,10.3,3.8,3.7,0,28242,0,107,0, 
15.6933,-6.4,2.3,-1.8,1.7,10.2,1.2,1.2,0,28248,0,108,0, 
15.6967,-9.0,0.5,-5.4,-0.2,9.4,-1.7,-1.4,0,28254,0,109,0, 
15.7000,-11.0,-1.1,-9.6,-1.6,9.3,-1.6,-2.7,0,28260,0,110,0, 
15.7033,-11.9,-2.4,-11.8,-1.8,10.4,2.9,-2.0,0,28266,0,111,0, 
15.7067,-11.2,-3.2,-10.5,-0.8,11.1,9.6,0.4,0,28272,0,112,0, 
15.7100,-8.9,-3.0,-6.5,0.8,9.7,14.2,3.4,0,28278,0,113,0, 
15.7133,-5.5,-1.5,-2.4,2.2,5.6,13.2,5.8,0,28284,0,114,0, 
15.7167,-1.8,1.5,-0.2,3.2,0.2,7.0,7.1,0,28290,0,115,0, 
15.7200,1.8,5.3,0.0,3.9,-4.1,-0.4,7.5,0,28296,0,116,0, 
15.7233,4.8,9.0,0.2,5.0,-5.8,-4.1,8.3,0,28302,0,117,0, 
15.7267,7.6,11.8,2.3,6.4,-4.9,-1.6,10.1,0,28308,0,118,0, 
15.7300,10.0,13.4,6.2,7.5,-3.0,6.0,13.0,0,28314,0,119,0, 
15.7333,11.6,13.8,10.3,7.6,-1.2,14.4,15.8,0,28320,0,120,0, 
15.7367,11.7,13.7,12.6,6.5,0.0,19.1,17.1,0,28326,0,121,0, 
15.7400,10.0,13.2,12.0,4.9,1.2,17.6,15.8,0,28332,0,122,0, 
15.7433,7.1,11.9,9.1,3.6,2.8,10.5,11.9,0,28338,0,123,0, 
15.7467,4.1,9.0,4.8,2.8,4.7,1.7,6.7,0,28344,0,124,0, 
15.7500,2.0,4.6,0.0,2.0,6.3,-4.0,2.4,0,28350,0,125,0, 
15.7533,1.0,-0.4,-4.5,0.8,7.2,-3.3,0.6,0,28356,0,126,0, 
15.7567,0.2,-4.2,-8.0,-0.9,7.2,3.4,1.8,0,28362,0,127,0, 
15.7600,-1.0,-5.1,-9.3,-2.2,6.6,12.5,4.9,0,28368,0,128,0, 
15.7633,-2.3,-2.9,-7.6,-2.2,5.3,18.8,8.5,0,28374,0,129,0, 
15.7667,-2.5,1.3,-3.5,-0.8,3.2,19.2,11.1,0,28380,0,130,0, 
15.7700,-0.5,5.7,0.8,1.2,0.8,14.7,12.4,0,28386,0,131,0, 
15.7733,3.4,8.3,2.7,2.7,-0.9,9.9,12.8,0,28392,0,132,0, 
15.7767,7.5,8.5,1.3,2.7,-0.7,9.4,13.1,0,28398,0,133,0, 
15.7800,9.6,6.7,-2.4,1.5,1.7,14.4,13.4,0,28404,0,134,0, 
15.7833,8.7,4.3,-5.3,-0.1,5.2,22.1,13.3,0,28410,0,135,0, 
15.7867,6.1,2.6,-4.6,-0.9,7.7,27.3,12.4,0,28416,0,136,0, 
15.7900,4.3,2.4,0.2,-0.4,7.8,26.2,10.8,0,28422,0,137,0, 
15.7933,5.4,3.9,6.8,1.1,5.6,19.4,9.6,0,28428,0,138,0, 
15.7967,9.2,6.3,11.6,2.7,3.6,10.7,9.9,0,28434,0,139,0, 
15.8000,13.4,8.5,12.1,3.6,4.1,5.3,12.1,0,28440,0,140,0, 
15.8033,15.1,9.6,8.3,3.4,8.2,6.5,15.6,0,28446,0,141,0, 
15.8067,12.7,8.8,2.9,2.5,14.2,14.0,18.5,0,28452,0,142,0, 
15.8100,7.4,6.2,-0.9,1.4,18.8,24.2,19.3,0,28458,0,143,0, 
15.8133,2.2,3.1,-1.2,0.8,18.8,32.1,17.2,0,28464,0,144,0, 
15.8167,-0.2,0.6,1.6,1.0,13.6,33.3,13.4,0,28470,0,145,0, 
15.8200,0.7,-0.4,5.5,1.6,5.6,26.5,9.6,0,28476,0,146,0, 
15.8233,3.4,0.1,8.3,1.9,-1.6,14.1,7.2,0,28482,0,147,0, 
15.8267,5.2,1.1,9.3,1.5,-4.9,1.6,6.3,0,28488,0,148,0, 
15.8300,4.5,1.7,8.6,0.9,-3.6,-5.1,6.0,0,28494,0,149,0, 
15.8333,1.8,1.6,7.5,0.9,0.3,-3.3,5.4,0,28500,0,150,0, 
15.8367,-0.6,1.6,6.8,2.0,3.8,5.1,4.4,0,28506,0,151,0, 
15.8400,-0.5,3.0,7.1,4.2,4.4,14.6,4.3,0,28512,0,152,0, 
15.8433,3.0,6.4,8.5,6.6,2.0,19.8,6.4,0,28518,0,153,0, 
15.8467,8.4,11.5,10.9,8.3,-1.5,19.0,11.0,0,28524,0,154,0, 
15.8500,13.0,16.6,14.1,8.8,-3.1,15.1,16.5,0,28530,0,155,0, 
15.8533,14.6,19.7,16.8,8.5,-0.9,12.7,20.9,0,28536,0,156,0, 
15.8567,12.7,19.7,17.8,7.8,4.2,14.4,22.2,0,28542,0,157,0, 
15.8600,8.8,16.7,15.7,6.7,9.6,18.6,20.2,0,28548,0,158,0, 
15.8633,5.1,11.9,10.5,5.0,11.9,21.0,16.1,0,28554,0,159,0, 
15.8667,3.6,7.2,3.8,2.6,9.4,18.3,11.5,0,28560,0,160,0, 
15.8700,4.5,3.6,-2.1,0.0,3.5,10.8,7.6,0,28566,0,161,0, 
15.8733,6.8,1.5,-5.5,-2.0,-2.3,2.2,4.3,0,28572,0,162,0, 
15.8767,8.8,0.6,-6.2,-2.5,-4.9,-3.6,1.6,0,28578,0,163,0, 
15.8800,9.3,0.1,-5.3,-1.8,-3.5,-5.0,-0.4,0,28584,0,164,0, 
15.8833,8.5,-0.2,-4.7,-0.9,-0.4,-3.3,-1.3,0,28590,0,165,0, 
15.8867,7.3,-0.5,-5.0,-0.6,1.3,-1.2,-0.6,0,28596,0,166,0, 
15.8900,6.9,-0.4,-5.7,-1.1,0.0,-0.3,1.3,0,28602,0,167,0, 
15.8933,7.5,0.1,-5.5,-1.5,-2.9,-0.6,3.3,0,28608,0,168,0, 
15.8967,8.5,0.7,-3.2,-1.0,-4.4,-0.7,4.3,0,28614,0,169,0, 
15.9000,8.8,1.1,0.8,0.7,-2.1,0.3,4.0,0,28620,0,170,0, 
15.9033,7.8,1.3,5.1,2.3,3.4,2.9,3.3,0,28626,0,171,0, 
15.9067,5.8,1.3,7.6,2.6,9.3,6.9,3.4,0,28632,0,172,0, 
15.9100,4.1,1.1,7.2,0.9,12.3,11.3,4.6,0,28638,0,173,0, 
15.9133,3.7,0.8,4.0,-2.0,11.1,14.7,5.7,0,28644,0,174,0, 
15.9167,4.6,0.3,-0.5,-4.6,7.1,15.0,5.2,0,28650,0,175,0, 
15.9200,6.0,-0.6,-4.3,-5.8,2.8,11.3,2.2,0,28656,0,176,0, 
15.9233,6.4,-1.6,-6.0,-5.4,0.3,4.3,-2.2,0,28662,0,177,0, 
15.9267,5.1,-2.5,-5.8,-4.3,-0.2,-3.1,-6.3,0,28668,0,178,0, 
15.9300,2.6,-3.2,-4.9,-3.4,0.2,-7.7,-8.1,0,28674,0,179,0, 
15.9333,0.1,-3.8,-4.5,-3.1,0.3,-8.0,-7.7,0,28680,0,180,0, 
15.9367,-1.3,-4.4,-4.9,-3.1,-0.2,-5.7,-6.6,0,28686,0,181,0, 
15.9400,-1.4,-5.1,-5.7,-2.6,-1.0,-4.0,-6.6,0,28692,0,182,0, 
15.9433,-1.4,-6.0,-5.9,-1.6,-1.8,-5.5,-8.6,0,28698,0,183,0, 
15.9467,-2.4,-6.7,-5.5,-0.3,-2.7,-9.6,-11.3,0,28704,0,184,0, 
15.9500,-4.7,-7.0,-5.2,0.7,-3.9,-13.2,-13.2,0,28710,0,185,0, 
15.9533,-7.6,-6.6,-5.4,1.2,-5.0,-13.6,-13.0,0,28716,0,186,0, 
15.9567,-9.5,-5.3,-6.1,1.2,-5.6,-10.4,-11.4,0,28722,0,187,0, 
15.9600,-9.5,-3.3,-6.4,1.0,-5.3,-6.8,-9.8,0,28728,0,188,0, 
15.9633,-7.6,-1.2,-6.4,0.5,-4.8,-6.4,-9.4,0,28734,0,189,0, 
15.9667,-4.9,0.0,-6.7,-0.5,-5.1,-10.2,-10.4,0,28740,0,190,0, 
15.9700,-2.8,-0.7,-8.4,-2.0,-6.6,-15.3,-12.1,0,28746,0,191,0, 
15.9733,-2.2,-3.6,-11.5,-3.8,-8.6,-17.4,-13.6,0,28752,0,192,0, 
15.9767,-3.2,-8.1,-14.0,-5.4,-9.2,-13.9,-14.6,0,28758,0,193,0, 
15.9800,-5.2,-12.6,-13.8,-6.5,-7.7,-6.9,-15.5,0,28764,0,194,0, 
15.9833,-7.1,-16.0,-10.7,-7.4,-4.8,-1.9,-16.7,0,28770,0,195,0, 
15.9867,-8.0,-17.9,-7.7,-8.4,-2.6,-3.6,-17.8,0,28776,0,196,0, 
15.9900,-7.6,-18.6,-8.3,-9.8,-2.7,-11.9,-18.4,0,28782,0,197,0, 
15.9933,-6.4,-18.8,-13.3,-11.0,-4.5,-21.6,-18.0,0,28788,0,198,0, 
15.9967,-5.4,-18.3,-19.1,-10.9,-5.2,-25.3,-16.7,0,28794,0,199,0, 
16.0000,-5.6,-16.4,-19.6,-8.8,-2.5,-19.4,-15.2,0,28800,0,200,0, 
16.0033,-7.0,-12.7,-12.0,-5.3,3.3,-6.7,-14.1,0,28806,0,201,0, 
16.0067,-8.4,-7.8,0.3,-1.8,9.0,5.1,-13.2,0,28812,0,202,0, 
16.0100,-8.4,-3.5,9.7,0.3,10.8,9.1,-12.1,0,28818,0,203,0, 
16.0133,-6.2,-1.1,9.7,0.5,6.9,4.3,-10.3,0,28824,0,204,0, 
16.0167,-2.3,-1.2,0.9,-0.2,-0.6,-4.2,-7.7,0,28830,0,205,0, 
16.0200,1.5,-2.3,-10.0,-0.6,-6.9,-9.1,-4.8,0,28836,0,206,0, 
16.0233,3.7,-2.7,-15.4,0.1,-8.3,-6.9,-2.4,0,28842,0,207,0, 
16.0267,4.0,-1.7,-13.0,1.2,-4.2,0.4,-0.7,0,28848,0,208,0, 
16.0300,3.5,0.0,-6.6,1.6,2.8,6.9,0.5,0,28854,0,209,0, 
16.0333,3.5,1.2,-2.3,0.4,8.7,8.8,1.5,0,28860,0,210,0, 
16.0367,4.6,1.0,-2.3,-1.6,11.1,6.3,2.6,0,28866,0,211,0, 
16.0400,5.8,0.0,-4.4,-3.1,9.9,2.8,3.8,0,28872,0,212,0, 
16.0433,6.2,-0.4,-4.1,-3.1,7.0,1.1,4.6,0,28878,0,213,0, 
16.0467,5.3,1.0,-0.1,-1.5,4.4,0.6,4.9,0,28884,0,214,0, 
16.0500,4.1,4.2,5.1,0.7,3.0,-0.7,4.8,0,28890,0,215,0, 
16.0533,3.9,7.8,7.5,2.2,2.9,-3.8,4.8,0,28896,0,216,0, 
16.0567,5.2,10.5,6.1,2.6,3.2,-6.1,5.5,0,28902,0,217,0, 
16.0600,7.2,11.6,3.3,2.1,3.7,-4.1,7.0,0,28908,0,218,0, 
16.0633,8.5,11.1,2.2,1.0,3.8,3.1,9.0,0,28914,0,219,0, 
16.0667,8.3,10.0,3.6,-0.3,3.8,11.6,10.4,0,28920,0,220,0, 
16.0700,6.7,8.8,5.0,-1.5,3.9,15.5,10.1,0,28926,0,221,0, 
16.0733,4.8,7.9,3.9,-2.6,4.6,11.4,7.8,0,28932,0,222,0, 
16.0767,3.3,7.3,0.5,-3.2,5.9,1.6,3.7,0,28938,0,223,0, 
16.0800,2.3,6.7,-2.2,-3.1,7.3,-7.3,-0.8,0,28944,0,224,0, 
16.0833,1.4,6.1,-1.9,-2.5,7.5,-9.9,-4.3,0,28950,0,225,0, 
16.0867,0.5,5.4,1.0,-2.2,5.5,-5.8,-5.9,0,28956,0,226,0, 
16.0900,-0.2,4.8,3.1,-2.6,1.3,0.4,-5.3,0,28962,0,227,0, 
16.0933,-0.3,4.8,2.0,-3.5,-3.2,3.8,-3.4,0,28968,0,228,0, 
16.0967,-0.3,5.7,-1.5,-4.2,-5.4,3.0,-1.4,0,28974,0,229,0, 
16.1000,-1.2,7.4,-3.4,-4.0,-3.6,0.8,-0.2,0,28980,0,230,0, 
16.1033,-3.1,9.3,-0.8,-2.9,1.3,0.6,-0.2,0,28986,0,231,0, 
16.1067,-5.1,10.8,5.5,-1.4,6.3,3.5,-0.9,0,28992,0,232,0, 
16.1100,-5.3,11.4,11.2,-0.3,8.2,7.3,-1.0,0,28998,0,233,0, 
16.1133,-2.7,11.3,12.4,0.1,6.1,9.5,0.5,0,29004,0,234,0, 
16.1167,1.8,11.0,8.6,0.0,1.7,9.9,4.1,0,29010,0,235,0, 
16.1200,5.7,10.9,3.2,-0.2,-1.8,10.6,9.0,0,29016,0,236,0, 
16.1233,6.6,11.2,0.5,-0.4,-2.0,13.6,13.7,0,29022,0,237,0, 
16.1267,4.7,11.6,2.0,-0.9,0.3,17.8,16.3,0,29028,0,238,0, 
16.1300,2.1,11.6,5.8,-2.0,2.7,19.8,16.0,0,29034,0,239,0, 
16.1333,1.7,11.3,8.3,-3.5,2.4,16.6,13.3,0,29040,0,240,0, 
16.1367,4.5,10.9,7.8,-4.7,-0.7,9.0,9.8,0,29046,0,241,0, 
16.1400,8.7,10.5,5.2,-5.1,-4.3,0.9,7.1,0,29052,0,242,0, 
16.1433,11.3,10.0,2.6,-4.5,-5.4,-3.5,5.9,0,29058,0,243,0, 
16.1467,10.4,9.4,1.8,-3.4,-2.9,-2.8,5.5,0,29064,0,244,0, 
16.1500,6.4,8.1,2.3,-2.3,1.5,0.5,4.8,0,29070,0,245,0, 
16.1533,1.7,6.5,2.8,-1.7,4.5,3.0,2.8,0,29076,0,246,0, 
16.1567,-1.2,4.8,2.3,-1.5,3.5,3.1,0.1,0,29082,0,247,0, 
16.1600,-1.7,3.6,1.0,-1.1,-1.0,2.2,-2.0,0,29088,0,248,0, 
16.1633,-0.4,3.5,-0.1,-0.5,-6.2,3.1,-2.0,0,29094,0,249,0, 
16.1667,1.4,4.8,-0.4,0.4,-8.6,7.4,0.9,0,29100,0,250,0, 
16.1700,3.1,7.3,0.5,1.0,-6.4,14.0,5.9,0,29106,0,251,0, 
16.1733,4.6,10.5,2.2,1.0,-0.8,20.4,11.4,0,29112,0,252,0, 
16.1767,6.3,13.3,4.7,0.3,5.5,24.7,15.6,0,29118,0,253,0, 
16.1800,7.8,15.0,7.8,-0.8,9.3,26.2,17.9,0,29124,0,254,0, 
16.1833,9.2,15.2,10.7,-1.5,9.1,25.4,18.3,0,29130,0,255,0, 
16.1867,10.7,14.5,12.4,-1.4,5.6,22.5,17.9,0,29136,0,0,0, 
16.1900,12.8,13.8,12.0,-0.5,1.1,17.4,17.1,0,29142,0,1,0, 
16.1933,15.6,14.1,10.1,0.7,-1.4,10.9,16.0,0,29148,0,2,0, 
16.1967,18.2,15.3,7.7,1.8,0.2,5.1,14.2,0,29154,0,3,0, 
16.2000,18.7,16.5,6.2,2.2,5.7,2.7,11.3,0,29160,0,4,0, 
16.2033,16.2,16.3,5.4,2.2,12.4,4.3,7.5,0,29166,0,5,0, 
16.2067,11.1,14.5,4.4,2.2,16.0,7.7,3.5,0,29172,0,6,0, 
16.2100,5.8,11.7,2.6,2.5,13.9,8.1,0.0,0,29178,0,7,0, 
16.2133,2.3,9.4,1.3,3.0,6.4,2.6,-2.8,0,29184,0,8,0, 
16.2167,0.9,8.6,2.5,3.5,-2.0,-7.9,-4.9,0,29190,0,9,0, 
16.2200,0.1,8.8,7.5,3.7,-6.0,-17.8,-6.2,0,29196,0,10,0, 
16.2233,-1.6,8.8,14.2,3.6,-3.0,-21.0,-6.4,0,29202,0,11,0, 
16.2267,-4.4,7.3,18.5,3.5,5.0,-15.1,-5.4,0,29208,0,12,0, 
16.2300,-6.4,4.2,16.6,3.8,12.5,-3.4,-3.4,0,29214,0,13,0, 
16.2333,-5.3,0.8,8.7,4.4,14.4,6.8,-1.2,0,29220,0,14,0, 
16.2367,-0.8,-1.3,-1.0,4.8,9.6,10.0,0.1,0,29226,0,15,0, 
16.2400,4.6,-1.7,-7.2,4.5,1.7,5.9,0.1,0,29232,0,16,0, 
16.2433,7.3,-1.0,-7.4,3.7,-4.0,-0.9,-0.8,0,29238,0,17,0, 
16.2467,5.6,-0.7,-3.3,2.7,-4.4,-4.3,-1.4,0,29244,0,18,0, 
16.2500,0.7,-1.2,0.9,2.2,-0.6,-1.8,-0.9,0,29250,0,19,0, 
16.2533,-3.6,-1.9,2.2,2.2,3.3,3.9,0.5,0,29256,0,20,0, 
16.2567,-3.9,-1.8,1.3,2.4,3.8,7.6,1.4,0,29262,0,21,0, 
16.2600,0.0,0.0,1.2,2.5,0.3,6.1,0.7,0,29268,0,22,0, 
16.2633,5.1,3.0,3.8,2.3,-4.3,0.3,-1.5,0,29274,0,23,0, 
16.2667,8.0,5.8,8.5,2.2,-6.4,-5.6,-4.0,0,29280,0,24,0, 
16.2700,7.1,7.3,12.2,2.9,-4.4,-8.2,-5.4,0,29286,0,25,0, 
16.2733,3.9,7.4,13.0,4.3,0.4,-7.5,-5.2,0,29292,0,26,0, 
16.2767,1.2,7.1,11.3,6.0,4.8,-6.7,-4.7,0,29298,0,27,0, 
16.2800,1.0,7.0,9.8,7.3,6.1,-8.5,-5.3,0,29304,0,28,0, 
16.2833,2.6,7.1,9.9,7.8,3.9,-12.4,-7.5,0,29310,0,29,0, 
16.2867,3.9,6.5,10.9,7.7,0.5,-15.1,-10.2,0,29316,0,30,0, 
16.2900,3.2,4.6,10.7,7.4,-1.4,-13.8,-12.0,0,29322,0,31,0, 
16.2933,0.8,1.2,8.3,7.3,-0.5,-8.8,-12.5,0,29328,0,32,0, 
16.2967,-1.7,-2.5,5.3,7.2,2.6,-4.2,-12.9,0,29334,0,33,0, 
16.3000,-2.7,-5.0,4.4,6.7,5.8,-3.7,-14.4,0,29340,0,34,0, 
16.3033,-2.0,-5.8,6.4,5.7,7.0,-7.6,-16.5,0,29346,0,35,0, 
16.3067,-0.7,-5.2,8.9,4.4,5.4,-11.9,-17.2,0,29352,0,36,0, 
16.3100,-0.3,-4.2,8.4,3.4,2.0,-11.5,-14.7,0,29358,0,37,0, 
16.3133,-0.9,-3.6,3.6,3.3,-1.2,-4.5,-8.6,0,29364,0,38,0, 
16.3167,-1.6,-3.4,-2.8,4.0,-2.4,6.2,-1.6,0,29370,0,39,0, 
16.3200,-1.4,-2.9,-5.5,4.8,-1.0,15.0,3.3,0,29376,0,40,0, 
16.3233,-0.2,-1.6,-1.4,5.3,2.5,18.2,4.9,0,29382,0,41,0, 
16.3267,1.1,0.7,8.0,5.5,6.7,16.1,4.7,0,29388,0,42,0, 
16.3300,1.3,3.3,17.1,5.4,10.3,12.1,5.7,0,29394,0,43,0, 
16.3333,0.1,5.2,20.7,5.6,11.9,9.7,9.4,0,29400,0,44,0, 
16.3367,-2.2,5.7,17.7,5.9,11.1,9.5,14.2,0,29406,0,45,0, 
16.3400,-4.6,4.9,11.5,5.8,8.4,9.6,16.7,0,29412,0,46,0, 
16.3433,-6.6,3.6,7.3,5.0,4.6,7.7,14.2,0,29418,0,47,0, 
16.3467,-7.7,2.5,7.8,3.8,0.9,3.1,7.2,0,29424,0,48,0, 
16.3500,-7.9,1.9,11.5,2.7,-2.0,-3.2,-1.3,0,29430,0,49,0, 
16.3533,-7.1,1.3,14.1,2.2,-4.0,-9.0,-8.1,0,29436,0,50,0, 
16.3567,-5.5,-0.1,12.0,2.5,-4.9,-12.3,-11.8,0,29442,0,51,0, 
16.3600,-4.0,-2.8,5.4,2.8,-4.4,-11.9,-13.5,0,29448,0,52,0, 
16.3633,-3.5,-6.4,-2.4,2.5,-2.1,-8.3,-14.9,0,29454,0,53,0, 
16.3667,-4.4,-9.8,-7.2,1.5,1.6,-3.3,-17.2,0,29460,0,54,0, 
16.3700,-6.2,-12.1,-7.0,0.0,5.4,0.5,-19.6,0,29466,0,55,0, 
16.3733,-7.5,-13.2,-3.4,-1.4,7.3,0.4,-21.1,0,29472,0,56,0, 
16.3767,-7.2,-14.1,-0.2,-2.2,5.8,-4.0,-21.4,0,29478,0,57,0, 
16.3800,-5.4,-16.2,-0.7,-2.7,1.4,-10.2,-21.2,0,29484,0,58,0, 
16.3833,-3.5,-19.8,-5.4,-3.2,-3.3,-14.1,-21.7,0,29490,0,59,0, 
16.3867,-3.3,-24.0,-12.0,-3.8,-4.8,-13.2,-23.2,0,29496,0,60,0, 
16.3900,-5.3,-26.5,-16.6,-4.4,-1.5,-8.1,-24.6,0,29502,0,61,0, 
16.3933,-8.5,-25.8,-16.8,-4.7,5.4,-2.6,-24.2,0,29508,0,62,0, 
16.3967,-11.2,-22.4,-13.2,-4.7,12.5,-0.1,-21.1,0,29514,0,63,0, 
16.4000,-12.2,-18.4,-8.6,-4.8,16.0,-1.4,-15.8,0,29520,0,64,0, 
16.4033,-11.7,-16.2,-6.0,-5.3,14.2,-4.5,-10.5,0,29526,0,65,0, 
16.4067,-10.7,-16.6,-6.8,-6.0,8.6,-6.6,-7.5,0,29532,0,66,0, 
16.4100,-10.2,-18.5,-9.4,-6.9,2.4,-7.1,-8.0,0,29538,0,67,0, 
16.4133,-10.4,-19.7,-11.3,-7.4,-1.4,-7.0,-11.0,0,29544,0,68,0, 
16.4167,-10.2,-18.6,-11.0,-7.5,-1.5,-8.0,-14.1,0,29550,0,69,0, 
16.4200,-8.8,-15.5,-8.5,-6.9,1.0,-10.0,-14.6,0,29556,0,70,0, 
16.4233,-6.1,-11.7,-4.9,-5.6,4.1,-11.3,-11.6,0,29562,0,71,0, 
16.4267,-2.9,-8.6,-1.8,-3.8,5.9,-10.5,-6.3,0,29568,0,72,0, 
16.4300,-0.5,-6.7,0.2,-1.7,6.3,-8.0,-1.1,0,29574,0,73,0, 
16.4333,0.3,-5.7,0.5,-0.3,5.9,-5.6,1.5,0,29580,0,74,0, 
16.4367,-0.3,-4.9,-0.7,-0.1,5.8,-4.4,1.3,0,29586,0,75,0, 
16.4400,-1.0,-4.1,-3.3,-1.2,6.3,-3.5,0.0,0,29592,0,76,0, 
16.4433,-0.6,-3.2,-5.7,-2.8,6.8,-0.8,0.0,0,29598,0,77,0, 
16.4467,1.5,-2.3,-6.0,-3.6,6.6,5.0,2.4,0,29604,0,78,0, 
16.4500,4.8,-1.0,-2.6,-2.8,5.6,12.1,6.4,0,29610,0,79,0, 
16.4533,8.1,0.8,3.2,-1.1,4.4,17.0,9.8,0,29616,0,80,0, 
16.4567,10.0,2.3,7.7,0.1,3.8,16.6,10.6,0,29622,0,81,0, 
16.4600,10.2,2.6,6.9,-0.5,3.8,11.0,8.6,0,29628,0,82,0, 
16.4633,8.8,1.4,0.1,-2.7,3.4,3.5,5.4,0,29634,0,83,0, 
16.4667,6.5,-0.3,-8.7,-5.1,2.1,-1.6,3.3,0,29640,0,84,0, 
16.4700,4.0,-0.8,-13.1,-5.9,0.2,-1.9,3.6,0,29646,0,85,0, 
16.4733,1.5,1.0,-9.4,-4.6,-0.6,2.0,6.1,0,29652,0,86,0, 
16.4767,-0.6,4.2,0.5,-2.4,0.8,7.4,9.0,0,29658,0,87,0, 
16.4800,-1.8,6.5,9.5,-1.0,4.0,11.0,10.4,0,29664,0,88,0, 
16.4833,-1.7,5.8,11.6,-1.3,6.8,11.0,9.5,0,29670,0,89,0, 
16.4867,-0.1,2.2,6.1,-2.6,6.8,7.8,7.1,0,29676,0,90,0, 
16.4900,2.4,-2.3,-1.6,-3.3,3.9,3.3,4.8,0,29682,0,91,0, 
16.4933,4.6,-5.3,-5.0,-2.4,0.4,-0.1,3.6,0,29688,0,92,0, 
16.4967,5.4,-5.5,-1.7,0.0,-0.5,-1.1,3.8,0,29694,0,93,0, 
16.5000,5.0,-4.0,4.5,2.4,2.7,-0.2,4.1,0,29700,0,94,0, 
16.5033,4.3,-2.8,7.4,3.5,7.7,1.0,3.6,0,29706,0,95,0, 
16.5067,4.4,-3.0,4.2,3.1,10.9,1.4,2.1,0,29712,0,96,0, 
16.5100,5.4,-4.0,-2.1,2.2,9.4,0.9,0.4,0,29718,0,97,0, 
16.5133,6.8,-4.4,-5.7,1.8,3.9,0.9,-0.4,0,29724,0,98,0, 
16.5167,7.4,-3.7,-3.3,2.1,-2.3,2.4,-0.1,0,29730,0,99,0, 
16.5200,6.9,-2.6,2.8,2.5,-5.6,4.3,0.0,0,29736,0,100,0, 
16.5233,5.9,-2.7,6.8,2.2,-4.8,3.8,-1.6,0,29742,0,101,0, 
16.5267,5.7,-4.2,4.6,0.9,-1.5,-1.0,-5.1,0,29748,0,102,0, 
16.5300,7.0,-6.0,-2.1,-0.7,1.4,-8.9,-9.4,0,29754,0,103,0, 
16.5333,9.1,-6.1,-7.6,-1.5,2.5,-15.5,-12.1,0,29760,0,104,0, 
16.5367,10.6,-3.6,-6.8,-1.2,1.9,-16.2,-11.7,0,29766,0,105,0, 
16.5400,10.4,0.5,0.0,-0.1,0.8,-9.9,-8.8,0,29772,0,106,0, 
16.5433,8.3,4.2,7.7,0.5,0.2,-0.1,-5.0,0,29778,0,107,0, 
16.5467,5.8,5.8,10.5,0.1,0.0,6.9,-1.9,0,29784,0,108,0, 
16.5500,4.4,5.5,6.8,-1.2,-0.2,7.4,0.3,0,29790,0,109,0, 
16.5533,4.8,4.8,-0.2,-2.4,-0.6,2.1,2.6,0,29796,0,110,0, 
16.5567,6.4,4.6,-5.1,-2.9,-0.8,-4.5,5.8,0,29802,0,111,0, 
16.5600,7.9,4.8,-5.4,-2.5,-0.6,-8.2,9.2,0,29808,0,112,0, 
16.5633,8.2,4.2,-2.1,-1.7,-0.4,-8.2,11.1,0,29814,0,113,0, 
16.5667,7.0,1.9,1.3,-1.1,-1.1,-6.6,9.8,0,29820,0,114,0, 
16.5700,5.0,-1.7,2.6,-0.9,-3.1,-6.0,5.3,0,29826,0,115,0, 
16.5733,3.0,-5.1,2.2,-0.8,-5.8,-7.0,-0.6,0,29832,0,116,0, 
16.5767,1.2,-6.8,1.8,-0.3,-7.9,-8.6,-5.3,0,29838,0,117,0, 
16.5800,-0.3,-6.8,2.4,0.8,-8.1,-9.6,-7.7,0,29844,0,118,0, 
16.5833,-1.6,-5.9,3.0,2.0,-6.5,-9.8,-8.0,0,29850,0,119,0, 
16.5867,-2.6,-5.4,2.0,2.6,-4.1,-9.8,-7.8,0,29856,0,120,0, 
16.5900,-3.0,-5.4,-0.7,2.4,-2.1,-10.1,-8.1,0,29862,0,121,0, 
16.5933,-2.9,-5.6,-3.7,1.8,-1.5,-10.1,-9.1,0,29868,0,122,0, 
16.5967,-2.8,-5.5,-4.7,1.4,-1.9,-9.8,-10.0,0,29874,0,123,0, 
16.6000,-3.1,-5.4,-3.3,1.5,-2.6,-9.6,-10.0,0,29880,0,124,0, 
16.6033,-4.4,-5.7,-1.4,2.0,-2.5,-10.6,-9.2,0,29886,0,125,0, 
16.6067,-6.2,-7.1,-1.3,2.4,-1.4,-12.6,-7.9,0,29892,0,126,0, 
16.6100,-7.7,-8.9,-4.0,2.5,0.4,-13.9,-6.6,0,29898,0,127,0, 
16.6133,-8.3,-10.2,-8.0,2.4,1.6,-12.0,-5.7,0,29904,0,128,0, 
16.6167,-7.9,-10.4,-10.3,2.6,1.2,-7.0,-5.4,0,29910,0,129,0, 
16.6200,-7.4,-9.6,-9.6,3.3,-0.9,-1.9,-6.2,0,29916,0,130,0, 
16.6233,-7.6,-9.3,-7.0,3.9,-3.5,-0.8,-8.2,0,29922,0,131,0, 
16.6267,-8.8,-10.2,-5.4,3.9,-4.8,-5.0,-10.9,0,29928,0,132,0, 
16.6300,-10.4,-12.1,-6.7,3.1,-3.6,-11.2,-13.3,0,29934,0,133,0, 
16.6333,-11.4,-13.6,-9.9,2.1,-0.2,-13.5,-13.4,0,29940,0,134,0, 
16.6367,-10.9,-13.1,-12.0,1.8,3.8,-8.3,-10.1,0,29946,0,135,0, 
16.6400,-8.8,-10.1,-10.6,2.5,5.9,2.4,-3.8,0,29952,0,136,0, 
16.6433,-5.6,-5.7,-6.0,3.7,4.8,12.1,3.4,0,29958,0,137,0, 
16.6467,-2.4,-1.6,-1.1,4.2,1.4,14.3,8.5,0,29964,0,138,0, 
16.6500,0.2,0.5,0.7,3.4,-2.5,7.8,9.4,0,29970,0,139,0, 
16.6533,1.7,0.3,-1.1,1.8,-4.7,-2.8,6.0,0,29976,0,140,0, 
16.6567,2.1,-1.4,-3.8,0.5,-4.7,-10.9,0.6,0,29982,0,141,0, 
16.6600,1.8,-3.0,-3.5,0.5,-3.5,-13.0,-3.9,0,29988,0,142,0, 
16.6633,1.0,-3.6,1.4,1.6,-2.5,-9.9,-5.6,0,29994,0,143,0, 
16.6667,0.1,-3.0,8.5,2.6,-2.5,-5.4,-4.7,0,30000,0,144,0, 
16.6700,-0.7,-2.3,13.3,2.2,-2.9,-1.9,-3.1,0,30006,0,145,0, 
16.6733,-1.3,-2.4,12.3,0.1,-2.4,0.5,-3.0,0,30012,0,146,0, 
16.6767,-1.6,-3.8,5.7,-2.7,-0.7,3.1,-4.9,0,30018,0,147,0, 
16.6800,-1.8,-6.1,-3.1,-4.9,1.6,5.8,-7.3,0,30024,0,148,0, 
16.6833,-1.6,-8.1,-9.9,-5.5,2.5,6.7,-8.3,0,30030,0,149,0, 
16.6867,-0.9,-9.4,-12.7,-4.4,0.8,3.9,-6.8,0,30036,0,150,0, 
16.6900,0.1,-9.6,-11.8,-2.4,-2.7,-2.0,-3.5,0,30042,0,151,0, 
16.6933,1.1,-9.1,-9.2,-0.2,-6.0,-7.6,-0.2,0,30048,0,152,0, 
16.6967,1.5,-8.3,-6.1,1.4,-6.5,-9.2,1.6,0,30054,0,153,0, 
16.7000,1.4,-7.1,-3.0,2.2,-3.5,-5.6,2.1,0,30060,0,154,0, 
16.7033,0.9,-5.4,-0.2,2.2,1.5,0.9,2.8,0,30066,0,155,0, 
16.7067,0.8,-3.2,1.1,1.5,5.3,6.3,5.3,0,30072,0,156,0, 
16.7100,1.5,-0.7,0.5,0.5,5.6,8.4,9.7,0,30078,0,157,0, 
16.7133,3.0,1.6,-1.1,0.1,2.5,7.6,14.1,0,30084,0,158,0, 
16.7167,4.5,3.7,-1.1,0.6,-1.8,6.6,16.5,0,30090,0,159,0, 
16.7200,5.7,5.8,2.4,1.7,-4.1,7.8,15.7,0,30096,0,160,0, 
16.7233,6.8,8.2,8.9,2.5,-2.9,11.2,12.6,0,30102,0,161,0, 
16.7267,8.1,10.7,14.2,2.1,0.9,14.9,9.3,0,30108,0,162,0, 
16.7300,9.6,13.0,14.4,0.3,4.7,16.5,7.4,0,30114,0,163,0, 
16.7333,10.7,14.5,9.1,-1.8,5.8,14.6,6.9,0,30120,0,164,0, 
16.7367,10.5,15.1,2.7,-2.9,3.6,9.5,6.5,0,30126,0,165,0, 
16.7400,8.4,15.1,1.3,-2.1,-0.5,3.2,4.8,0,30132,0,166,0, 
16.7433,5.1,14.8,7.2,-0.3,-4.4,-1.9,1.7,0,30138,0,167,0, 
16.7467,2.1,13.7,16.4,1.1,-6.2,-4.1,-1.3,0,30144,0,168,0, 
16.7500,0.8,11.6,21.0,0.8,-5.6,-2.6,-2.6,0,30150,0,169,0, 
16.7533,1.2,8.3,15.8,-0.9,-3.4,1.3,-1.6,0,30156,0,170,0, 
16.7567,2.4,4.6,2.9,-2.6,-1.1,5.2,0.8,0,30162,0,171,0, 
16.7600,3.0,1.7,-9.9,-2.8,0.5,6.4,2.6,0,30168,0,172,0, 
16.7633,2.7,0.6,-15.0,-1.3,1.2,4.2,2.9,0,30174,0,173,0, 
16.7667,1.9,1.0,-10.8,0.7,1.7,-0.1,2.1,0,30180,0,174,0, 
16.7700,1.9,1.7,-2.8,2.0,2.8,-3.6,1.6,0,30186,0,175,0, 
16.7733,3.4,1.7,1.8,1.7,4.7,-4.0,2.7,0,30192,0,176,0, 
16.7767,5.9,0.8,0.2,0.6,6.8,-0.9,5.1,0,30198,0,177,0, 
16.7800,8.3,0.0,-4.9,-0.3,7.9,3.7,7.8,0,30204,0,178,0, 
16.7833,9.7,0.2,-8.1,-0.6,7.1,7.2,9.1,0,30210,0,179,0, 
16.7867,9.8,1.2,-6.7,-0.7,4.5,8.1,8.8,0,30216,0,180,0, 
16.7900,8.8,2.3,-2.5,-1.3,1.8,7.0,7.5,0,30222,0,181,0, 
16.7933,7.0,2.4,0.5,-2.7,1.1,5.8,6.4,0,30228,0,182,0, 
16.7967,4.7,1.5,-0.1,-4.1,3.7,6.5,5.9,0,30234,0,183,0, 
16.8000,2.2,0.4,-3.4,-4.4,8.5,9.4,5.9,0,30240,0,184,0, 
16.8033,0.2,0.1,-6.5,-3.1,12.8,13.4,5.7,0,30246,0,185,0, 
16.8067,-0.2,1.2,-7.9,-1.1,13.5,16.4,5.2,0,30252,0,186,0, 
16.8100,1.4,3.3,-7.4,0.7,9.4,16.6,4.7,0,30258,0,187,0, 
16.8133,4.8,5.8,-5.8,1.7,2.2,13.6,4.7,0,30264,0,188,0, 
16.8167,8.5,8.3,-2.8,2.2,-4.2,8.6,5.4,0,30270,0,189,0, 
16.8200,11.0,10.7,2.1,2.7,-6.5,3.9,6.2,0,30276,0,190,0, 
16.8233,11.6,12.7,8.3,3.7,-3.8,1.3,6.3,0,30282,0,191,0, 
16.8267,10.8,13.7,12.8,4.6,1.4,1.0,5.3,0,30288,0,192,0, 
16.8300,9.7,12.7,12.4,4.8,5.6,1.7,3.4,0,30294,0,193,0, 
16.8333,9.3,9.8,6.2,4.1,6.4,1.3,1.3,0,30300,0,194,0, 
16.8367,9.7,5.8,-2.9,3.0,4.2,-1.3,-0.4,0,30306,0,195,0, 
16.8400,10.4,2.5,-9.9,2.1,1.4,-4.9,-1.2,0,30312,0,196,0, 
16.8433,10.8,0.9,-11.7,1.8,0.7,-7.2,-1.1,0,30318,0,197,0, 
16.8467,11.0,0.8,-9.0,2.1,3.2,-5.9,-0.1,0,30324,0,198,0, 
16.8500,11.4,1.1,-5.5,2.7,7.2,-1.1,1.8,0,30330,0,199,0, 
16.8533,12.0,0.8,-4.3,3.3,10.3,4.8,4.1,0,30336,0,200,0, 
16.8567,12.7,-0.3,-5.4,3.9,10.6,8.9,6.1,0,30342,0,201,0, 
16.8600,13.0,-1.5,-6.5,3.9,8.3,9.5,6.9,0,30348,0,202,0, 
16.8633,12.3,-1.9,-5.7,2.9,5.0,7.0,6.5,0,30354,0,203,0, 
16.8667,11.0,-0.8,-3.1,0.5,2.7,4.0,5.8,0,30360,0,204,0, 
16.8700,9.8,1.3,-1.0,-2.3,2.3,3.1,5.9,0,30366,0,205,0, 
16.8733,9.0,3.7,-1.0,-4.2,3.3,5.2,7.5,0,30372,0,206,0, 
16.8767,8.6,5.4,-2.8,-3.7,4.4,9.1,9.9,0,30378,0,207,0, 
16.8800,8.2,5.9,-4.3,-0.9,4.5,12.2,11.2,0,30384,0,208,0, 
16.8833,7.5,5.4,-3.9,2.5,3.3,11.9,9.9,0,30390,0,209,0, 
16.8867,6.5,4.4,-1.3,4.5,1.4,7.7,6.1,0,30396,0,210,0, 
16.8900,5.8,4.0,1.8,4.5,-0.2,1.4,1.9,0,30402,0,211,0, 
16.8933,5.6,4.5,3.7,3.2,-0.5,-3.0,0.3,0,30408,0,212,0, 
16.8967,5.4,5.4,3.7,2.7,1.1,-2.2,2.5,0,30414,0,213,0, 
16.9000,4.5,5.9,2.6,3.9,4.1,4.2,7.1,0,30420,0,214,0, 
16.9033,2.0,4.7,1.7,6.0,7.6,13.2,11.1,0,30426,0,215,0, 
16.9067,-1.8,1.8,2.1,7.3,10.4,19.7,11.6,0,30432,0,216,0, 
16.9100,-5.8,-2.2,3.5,6.5,11.4,19.9,8.1,0,30438,0,217,0, 
16.9133,-8.5,-5.9,4.5,3.9,10.6,14.1,2.9,0,30444,0,218,0, 
16.9167,-9.2,-8.6,3.4,1.0,8.0,5.9,-1.3,0,30450,0,219,0, 
16.9200,-8.4,-10.5,-0.5,-0.5,4.6,-0.3,-2.8,0,30456,0,220,0, 
16.9233,-7.2,-12.2,-5.7,0.0,1.1,-2.6,-2.5,0,30462,0,221,0, 
16.9267,-6.8,-14.3,-9.5,1.4,-1.7,-2.4,-2.4,0,30468,0,222,0, 
16.9300,-7.5,-16.1,-9.4,2.4,-2.9,-2.2,-4.0,0,30474,0,223,0, 
16.9333,-8.3,-17.0,-5.3,2.3,-2.5,-3.4,-6.8,0,30480,0,224,0, 
16.9367,-8.3,-16.4,0.0,1.2,-0.7,-4.3,-8.7,0,30486,0,225,0, 
16.9400,-6.9,-15.0,2.9,0.0,1.4,-2.5,-8.4,0,30492,0,226,0, 
16.9433,-5.1,-13.4,1.8,-0.6,2.9,2.7,-6.0,0,30498,0,227,0, 
16.9467,-4.1,-12.1,-1.7,-0.3,3.1,8.6,-3.3,0,30504,0,228,0, 
16.9500,-4.7,-10.7,-4.4,0.9,2.3,11.2,-2.1,0,30510,0,229,0, 
16.9533,-6.7,-8.3,-4.3,2.4,1.3,8.3,-3.1,0,30516,0,230,0, 
16.9567,-8.8,-4.9,-2.5,3.4,0.9,1.1,-5.2,0,30522,0,231,0, 
16.9600,-10.0,-1.1,-1.8,3.4,1.3,-6.2,-6.7,0,30528,0,232,0, 
16.9633,-9.9,2.2,-3.0,2.4,1.9,-9.5,-6.5,0,30534,0,233,0, 
16.9667,-9.4,4.5,-3.8,0.7,2.1,-7.4,-4.5,0,30540,0,234,0, 
16.9700,-9.6,6.3,-0.8,-0.4,1.8,-1.7,-1.7,0,30546,0,235,0, 
16.9733,-10.7,7.9,6.2,-0.4,1.8,4.1,1.3,0,30552,0,236,0, 
16.9767,-12.1,9.0,13.2,0.4,2.7,7.2,3.8,0,30558,0,237,0, 
16.9800,-12.4,8.7,14.5,1.2,4.4,6.8,5.5,0,30564,0,238,0, 
16.9833,-10.8,6.4,7.7,0.9,6.1,4.5,6.4,0,30570,0,239,0, 
16.9867,-7.8,3.0,-3.1,-0.6,6.7,3.4,6.7,0,30576,0,240,0, 
16.9900,-4.6,0.5,-10.3,-2.4,6.3,5.9,7.0,0,30582,0,241,0, 
16.9933,-2.6,0.6,-8.8,-3.2,5.7,12.2,8.4,0,30588,0,242,0, 
16.9967,-2.2,3.1,0.2,-2.5,5.6,19.4,10.9,0,30594,0,243,0, 
17.0000,-2.4,6.2,10.0,-0.9,6.2,22.9,13.9,0,30600,0,244,0, 
17.0033,-2.0,7.4,14.0,0.4,6.7,20.0,15.7,0,30606,0,245,0, 
17.0067,-0.2,5.8,10.9,0.4,6.6,11.4,15.0,0,30612,0,246,0, 
17.0100,2.4,2.7,4.9,-0.7,5.8,2.3,12.2,0,30618,0,247,0, 
17.0133,4.2,0.1,1.7,-1.6,5.2,-1.6,8.8,0,30624,0,248,0, 
17.0167,4.2,-0.5,4.1,-1.3,5.2,2.0,6.4,0,30630,0,249,0, 
17.0200,2.4,0.5,9.4,0.4,5.0,9.4,5.7,0,30636,0,250,0, 
17.0233,0.1,1.6,12.8,2.5,3.4,14.1,5.4,0,30642,0,251,0, 
17.0267,-1.2,1.7,10.7,3.4,-0.2,11.8,4.3,0,30648,0,252,0, 
17.0300,-1.0,0.9,4.0,2.2,-4.2,3.7,2.0,0,30654,0,253,0, 
17.0333,-0.2,0.8,-3.6,-0.5,-6.2,-4.2,-0.1,0,30660,0,254,0, 
17.0367,-0.2,2.4,-7.4,-3.3,-4.5,-6.5,0.0,0,30666,0,255,0, 
17.0400,-1.5,5.7,-5.8,-4.6,-0.1,-3.0,3.0,0,30672,0,0,0, 
17.0433,-3.4,8.9,-0.6,-3.7,3.9,1.8,7.5,0,30678,0,1,0, 
17.0467,-4.9,10.2,4.2,-1.5,4.7,2.7,10.8,0,30684,0,2,0, 
17.0500,-5.2,9.0,5.3,0.4,2.3,-0.8,10.6,0,30690,0,3,0, 
17.0533,-5.0,6.5,2.2,0.6,-0.5,-4.4,7.4,0,30696,0,4,0, 
17.0567,-5.7,4.7,-2.1,-0.8,-0.4,-3.3,3.4,0,30702,0,5,0, 
17.0600,-7.8,5.1,-3.6,-2.6,3.8,3.4,1.5,0,30708,0,6,0, 
17.0633,-10.2,7.3,-0.2,-3.3,9.7,10.8,2.7,0,30714,0,7,0, 
17.0667,-11.2,9.4,6.1,-2.1,13.4,12.4,5.6,0,30720,0,8,0, 
17.0700,-9.3,9.1,10.1,0.4,12.0,5.7,7.5,0,30726,0,9,0, 
17.0733,-5.5,5.8,8.2,2.8,6.3,-5.7,6.3,0,30732,0,10,0, 
17.0767,-2.3,0.8,1.1,4.1,-0.1,-14.4,2.5,0,30738,0,11,0, 
17.0800,-2.2,-3.2,-6.1,4.3,-3.6,-15.2,-1.5,0,30744,0,12,0, 
17.0833,-5.7,-4.4,-7.6,3.8,-2.9,-8.4,-3.5,0,30750,0,13,0, 
17.0867,-10.8,-2.9,-2.4,3.3,0.3,0.8,-2.6,0,30756,0,14,0, 
17.0900,-14.4,-0.7,4.9,2.8,2.5,6.4,-0.1,0,30762,0,15,0, 
17.0933,-14.4,-0.2,7.6,1.8,1.6,5.6,1.4,0,30768,0,16,0, 
17.0967,-11.4,-2.4,2.1,0.2,-2.3,0.0,0.5,0,30774,0,17,0, 
17.1000,-7.7,-6.3,-8.8,-2.0,-6.7,-6.7,-2.6,0,30780,0,18,0, 
17.1033,-5.7,-9.9,-18.5,-4.3,-9.2,-11.3,-6.1,0,30786,0,19,0, 
17.1067,-6.0,-11.8,-21.5,-6.5,-8.7,-12.7,-8.2,0,30792,0,20,0, 
17.1100,-7.5,-12.0,-17.7,-8.5,-5.8,-11.3,-7.7,0,30798,0,21,0, 
17.1133,-8.2,-11.2,-11.2,-9.8,-2.6,-8.0,-5.1,0,30804,0,22,0, 
17.1167,-7.0,-10.2,-6.4,-10.1,-0.7,-3.7,-1.6,0,30810,0,23,0, 
17.1200,-4.4,-8.9,-4.8,-8.6,-0.6,0.1,1.4,0,30816,0,24,0, 
17.1233,-1.8,-7.0,-4.8,-5.6,-1.3,1.7,2.8,0,30822,0,25,0, 
17.1267,-0.3,-4.4,-4.4,-2.4,-1.5,-0.2,2.1,0,30828,0,26,0, 
17.1300,-0.1,-2.0,-3.6,-0.8,-0.7,-5.0,0.0,0,30834,0,27,0, 
17.1333,-0.9,-0.8,-3.6,-1.7,0.7,-9.7,-2.5,0,30840,0,28,0, 
17.1367,-1.8,-0.9,-5.1,-4.3,1.5,-10.8,-3.6,0,30846,0,29,0, 
17.1400,-2.7,-1.3,-6.1,-6.3,1.0,-6.6,-2.7,0,30852,0,30,0, 
17.1433,-3.5,-0.7,-4.4,-5.7,-0.6,1.0,-0.4,0,30858,0,31,0, 
17.1467,-4.1,1.4,1.0,-2.2,-2.4,7.2,1.6,0,30864,0,32,0, 
17.1500,-3.9,4.2,7.7,2.2,-3.7,7.3,1.4,0,30870,0,33,0, 
17.1533,-2.7,6.3,12.3,5.1,-4.7,0.1,-1.5,0,30876,0,34,0, 
17.1567,-0.4,6.5,12.7,5.0,-6.0,-10.4,-5.4,0,30882,0,35,0, 
17.1600,2.0,5.1,10.2,2.6,-7.9,-17.7,-7.9,0,30888,0,36,0, 
17.1633,3.4,3.5,7.6,0.2,-9.5,-16.5,-7.2,0,30894,0,37,0, 
17.1667,3.4,3.0,6.2,-0.6,-9.6,-7.1,-3.9,0,30900,0,38,0, 
17.1700,2.8,3.6,5.1,0.1,-7.6,4.5,-0.1,0,30906,0,39,0, 
17.1733,3.0,4.2,2.1,1.3,-4.7,10.7,2.0,0,30912,0,40,0, 
17.1767,4.7,3.6,-2.9,1.5,-2.6,7.8,1.6,0,30918,0,41,0, 
17.1800,7.0,1.6,-7.6,0.5,-2.3,-1.6,0.2,0,30924,0,42,0, 
17.1833,7.6,-1.1,-8.7,-0.6,-2.5,-9.9,-0.4,0,30930,0,43,0, 
17.1867,5.1,-2.9,-5.0,-1.0,-1.1,-10.7,0.7,0,30936,0,44,0, 
17.1900,-0.3,-2.9,1.3,-0.4,3.2,-3.8,2.8,0,30942,0,45,0, 
17.1933,-6.1,-1.2,6.2,0.7,8.5,4.4,4.2,0,30948,0,46,0, 
17.1967,-9.3,0.9,6.9,1.5,11.6,6.4,3.9,0,30954,0,47,0, 
17.2000,-8.9,2.0,3.7,1.8,9.8,-0.2,2.3,0,30960,0,48,0, 
17.2033,-6.4,1.5,-0.8,1.7,4.0,-10.4,0.9,0,30966,0,49,0, 
17.2067,-4.8,-0.4,-4.2,1.4,-2.1,-15.7,1.1,0,30972,0,50,0, 
17.2100,-5.9,-2.7,-5.6,1.1,-5.1,-11.2,2.6,0,30978,0,51,0, 
17.2133,-9.1,-4.1,-5.1,0.7,-4.4,0.1,4.4,0,30984,0,52,0, 
17.2167,-11.8,-4.0,-3.1,0.5,-2.8,9.7,5.0,0,30990,0,53,0, 
17.2200,-11.6,-2.0,0.8,0.8,-3.2,10.3,4.0,0,30996,0,54,0, 
17.2233,-8.5,1.2,6.1,1.6,-5.8,1.9,1.8,0,31002,0,55,0, 
17.2267,-4.5,4.4,10.8,2.5,-7.9,-8.8,-0.6,0,31008,0,56,0, 
17.2300,-2.0,6.2,11.7,2.5,-6.6,-14.2,-2.6,0,31014,0,57,0, 
17.2333,-1.7,5.5,6.7,1.3,-2.0,-11.8,-4.2,0,31020,0,58,0, 
17.2367,-2.4,2.3,-2.5,-0.7,2.6,-5.7,-5.5,0,31026,0,59,0, 
17.2400,-2.7,-2.1,-11.2,-2.4,3.3,-2.7,-6.8,0,31032,0,60,0, 
17.2433,-2.4,-6.1,-14.6,-2.6,-0.8,-5.8,-8.1,0,31038,0,61,0, 
17.2467,-2.6,-8.6,-11.6,-1.4,-6.5,-12.0,-8.8,0,31044,0,62,0, 
17.2500,-4.2,-9.4,-5.8,0.0,-9.3,-15.6,-8.7,0,31050,0,63,0, 
17.2533,-6.8,-9.3,-2.5,0.5,-7.5,-13.5,-8.0,0,31056,0,64,0, 
17.2567,-8.6,-9.3,-4.7,-0.5,-3.2,-8.1,-7.3,0,31062,0,65,0, 
17.2600,-8.1,-10.0,-10.6,-2.2,-0.3,-4.7,-7.6,0,31068,0,66,0, 
17.2633,-5.8,-11.0,-15.6,-3.3,-1.1,-7.0,-9.4,0,31074,0,67,0, 
17.2667,-3.7,-11.7,-15.6,-2.9,-4.4,-13.6,-12.3,0,31080,0,68,0, 
17.2700,-3.9,-11.8,-11.0,-1.5,-6.7,-19.3,-15.3,0,31086,0,69,0, 
17.2733,-6.3,-11.5,-5.3,-0.2,-5.9,-19.6,-16.9,0,31092,0,70,0, 
17.2767,-9.1,-11.4,-2.7,0.3,-2.7,-13.9,-16.5,0,31098,0,71,0, 
17.2800,-10.2,-12.1,-4.1,-0.2,0.1,-6.1,-14.5,0,31104,0,72,0, 
17.2833,-9.1,-13.6,-7.7,-1.0,0.3,-1.3,-12.4,0,31110,0,73,0, 
17.2867,-7.0,-15.4,-10.3,-1.4,-2.0,-2.2,-11.4,0,31116,0,74,0, 
17.2900,-5.5,-16.5,-10.5,-1.4,-4.5,-7.7,-12.2,0,31122,0,75,0, 
17.2933,-5.3,-16.5,-9.6,-1.3,-5.3,-14.5,-13.8,0,31128,0,76,0, 
17.2967,-5.5,-15.0,-10.2,-1.8,-4.3,-19.1,-14.8,0,31134,0,77,0, 
17.3000,-4.8,-12.8,-13.1,-3.0,-2.8,-20.0,-14.3,0,31140,0,78,0, 
17.3033,-3.1,-10.4,-16.4,-4.3,-2.4,-17.5,-12.1,0,31146,0,79,0, 
17.3067,-1.3,-8.8,-16.4,-4.8,-3.4,-13.5,-9.5,0,31152,0,80,0, 
17.3100,-0.5,-7.9,-11.1,-3.6,-4.7,-9.7,-7.5,0,31158,0,81,0, 
17.3133,-0.8,-7.4,-2.0,-0.8,-5.1,-7.5,-7.0,0,31164,0,82,0, 
17.3167,-0.9,-6.6,6.0,2.8,-4.2,-7.2,-7.4,0,31170,0,83,0, 
17.3200,0.2,-5.4,7.8,5.7,-2.5,-8.0,-7.8,0,31176,0,84,0, 
17.3233,2.4,-4.1,2.1,7.0,-0.9,-8.7,-7.8,0,31182,0,85,0, 
17.3267,4.1,-3.4,-7.1,6.7,-0.2,-8.5,-7.4,0,31188,0,86,0, 
17.3300,3.7,-3.5,-13.3,6.0,-0.2,-7.6,-7.4,0,31194,0,87,0, 
17.3333,1.1,-4.1,-12.1,6.0,-0.5,-6.8,-8.1,0,31200,0,88,0, 
17.3367,-2.2,-4.6,-4.5,7.3,-0.5,-6.3,-9.1,0,31206,0,89,0, 
17.3400,-4.1,-4.4,3.4,9.1,-0.2,-5.3,-9.5,0,31212,0,90,0, 
17.3433,-3.3,-3.7,5.8,10.1,0.0,-2.9,-8.7,0,31218,0,91,0, 
17.3467,-0.5,-3.2,1.5,9.4,-0.3,0.5,-6.8,0,31224,0,92,0, 
17.3500,2.3,-3.2,-4.9,7.4,-1.3,2.5,-5.0,0,31230,0,93,0, 
17.3533,3.4,-3.8,-7.3,5.3,-2.4,0.0,-4.7,0,31236,0,94,0, 
17.3567,2.1,-4.5,-3.2,4.2,-2.8,-7.7,-5.8,0,31242,0,95,0, 
17.3600,-0.4,-5.1,4.0,4.2,-1.9,-17.2,-7.5,0,31248,0,96,0, 
17.3633,-2.7,-5.7,8.2,4.4,0.2,-22.8,-8.2,0,31254,0,97,0, 
17.3667,-3.7,-6.5,5.8,4.1,2.2,-20.3,-7.3,0,31260,0,98,0, 
17.3700,-3.4,-7.5,-1.3,3.0,2.5,-10.8,-5.9,0,31266,0,99,0, 
17.3733,-2.4,-8.8,-8.0,1.7,0.2,-0.6,-5.8,0,31272,0,100,0, 
17.3767,-1.6,-10.1,-10.2,1.0,-4.1,3.2,-8.0,0,31278,0,101,0, 
17.3800,-1.4,-11.1,-8.0,1.2,-8.8,-2.5,-11.9,0,31284,0,102,0, 
17.3833,-1.9,-11.6,-4.6,2.1,-11.6,-13.8,-15.3,0,31290,0,103,0, 
17.3867,-2.9,-11.5,-2.7,3.0,-11.4,-22.7,-16.0,0,31296,0,104,0, 
17.3900,-4.0,-10.7,-2.0,3.5,-8.7,-22.9,-13.4,0,31302,0,105,0, 
17.3933,-4.9,-9.4,-1.0,3.5,-5.0,-14.5,-9.0,0,31308,0,106,0, 
17.3967,-4.9,-8.3,0.9,3.0,-2.0,-3.5,-5.5,0,31314,0,107,0, 
17.4000,-3.5,-8.1,1.8,2.6,-0.8,2.6,-5.1,0,31320,0,108,0, 
17.4033,-1.0,-9.2,-0.5,2.6,-1.4,0.4,-7.7,0,31326,0,109,0, 
17.4067,1.9,-10.9,-6.0,3.2,-3.2,-7.3,-11.4,0,31332,0,110,0, 
17.4100,3.9,-11.9,-11.5,4.4,-5.3,-14.3,-13.9,0,31338,0,111,0, 
17.4133,4.4,-11.3,-13.2,6.1,-6.9,-15.3,-13.4,0,31344,0,112,0, 
17.4167,3.7,-9.0,-10.3,7.5,-7.5,-9.8,-10.5,0,31350,0,113,0, 
17.4200,2.8,-6.4,-5.5,8.3,-7.2,-1.9,-6.9,0,31356,0,114,0, 
17.4233,3.1,-4.9,-2.7,8.3,-6.4,3.4,-4.7,0,31362,0,115,0, 
17.4267,4.7,-5.4,-3.3,7.9,-5.4,3.2,-5.1,0,31368,0,116,0, 
17.4300,6.8,-7.1,-5.4,7.4,-4.2,-1.2,-7.6,0,31374,0,117,0, 
17.4333,8.2,-8.8,-5.9,7.2,-2.8,-6.4,-10.5,0,31380,0,118,0, 
17.4367,8.0,-9.4,-3.6,7.1,-1.3,-9.5,-12.1,0,31386,0,119,0, 
17.4400,6.3,-8.6,-0.1,6.7,-0.1,-9.8,-11.4,0,31392,0,120,0, 
17.4433,4.2,-6.9,1.9,5.8,0.4,-8.6,-8.7,0,31398,0,121,0, 
17.4467,2.6,-5.5,1.0,4.7,0.1,-7.4,-5.6,0,31404,0,122,0, 
17.4500,2.1,-5.0,-2.1,3.4,-0.4,-6.4,-4.1,0,31410,0,123,0, 
17.4533,2.7,-5.6,-5.8,2.3,0.2,-4.8,-5.3,0,31416,0,124,0, 
17.4567,3.8,-7.0,-9.1,1.4,2.5,-2.4,-8.9,0,31422,0,125,0, 
17.4600,4.9,-8.2,-11.1,1.2,5.9,-0.4,-13.1,0,31428,0,126,0, 
17.4633,5.8,-8.1,-10.8,2.1,8.4,-0.9,-15.7,0,31434,0,127,0, 
17.4667,6.5,-6.2,-6.9,3.9,8.1,-4.4,-15.0,0,31440,0,128,0, 
17.4700,7.0,-2.9,0.4,5.9,4.6,-9.2,-11.3,0,31446,0,129,0, 
17.4733,7.3,0.1,7.9,6.9,-0.6,-11.5,-6.5,0,31452,0,130,0, 
17.4767,6.9,1.0,11.2,5.8,-4.5,-8.5,-2.9,0,31458,0,131,0, 
17.4800,5.8,-0.7,7.6,3.2,-5.4,-1.1,-2.1,0,31464,0,132,0, 
17.4833,3.8,-4.0,-0.7,0.6,-3.4,6.1,-3.6,0,31470,0,133,0, 
17.4867,1.3,-6.7,-7.6,-0.5,-0.6,8.3,-5.7,0,31476,0,134,0, 
17.4900,-0.9,-7.0,-7.7,0.4,1.0,4.0,-6.5,0,31482,0,135,0, 
17.4933,-2.0,-4.9,-1.0,2.1,1.1,-2.9,-5.1,0,31488,0,136,0, 
17.4967,-1.7,-2.3,7.1,3.0,0.9,-6.4,-2.6,0,31494,0,137,0, 
17.5000,-0.1,-0.8,9.8,2.2,1.8,-2.9,-0.8,0,31500,0,138,0, 
17.5033,2.1,-1.3,4.5,0.5,3.6,5.1,-1.0,0,31506,0,139,0, 
17.5067,4.0,-2.6,-5.3,-0.7,4.2,10.5,-2.9,0,31512,0,140,0, 
17.5100,5.3,-3.1,-12.8,-0.4,1.7,7.6,-5.3,0,31518,0,141,0, 
17.5133,5.8,-2.0,-13.6,0.9,-3.3,-3.0,-6.7,0,31524,0,142,0, 
17.5167,5.5,0.0,-8.2,1.9,-7.4,-13.9,-6.2,0,31530,0,143,0, 
17.5200,4.4,1.5,-1.4,1.4,-6.9,-16.0,-3.8,0,31536,0,144,0, 
17.5233,3.1,1.8,2.4,-0.7,-0.7,-6.1,-0.3,0,31542,0,145,0, 
17.5267,2.3,1.0,1.3,-3.1,8.0,10.1,3.1,0,31548,0,146,0, 
17.5300,2.7,0.2,-3.1,-4.6,13.4,21.4,5.3,0,31554,0,147,0, 
17.5333,4.5,0.0,-7.5,-4.7,11.5,19.6,5.0,0,31560,0,148,0, 
17.5367,6.4,0.1,-9.2,-3.3,2.9,5.5,1.4,0,31566,0,149,0, 
17.5400,6.8,0.0,-6.8,-1.1,-7.6,-11.3,-4.8,0,31572,0,150,0, 
17.5433,4.4,-0.7,-1.0,1.2,-14.1,-19.6,-11.3,0,31578,0,151,0, 
17.5467,-0.3,-2.0,5.6,3.0,-13.9,-14.6,-15.5,0,31584,0,152,0, 
17.5500,-5.1,-3.7,9.6,3.7,-9.1,-1.2,-15.7,0,31590,0,153,0, 
17.5533,-7.6,-5.5,8.4,3.0,-4.1,10.5,-12.7,0,31596,0,154,0, 
17.5567,-6.4,-7.0,2.1,1.2,-2.5,13.0,-8.9,0,31602,0,155,0, 
17.5600,-1.9,-7.8,-5.8,-0.5,-4.7,6.1,-6.7,0,31608,0,156,0, 
17.5633,3.7,-7.1,-10.2,-1.0,-8.3,-3.7,-6.8,0,31614,0,157,0, 
17.5667,8.7,-4.4,-8.5,0.0,-10.1,-9.0,-7.3,0,31620,0,158,0, 
17.5700,11.9,-0.6,-2.0,1.5,-8.7,-6.5,-6.1,0,31626,0,159,0, 
17.5733,13.6,2.7,4.2,2.2,-4.9,1.2,-2.8,0,31632,0,160,0, 
17.5767,14.1,3.7,5.7,1.2,-0.9,9.2,0.9,0,31638,0,161,0, 
17.5800,13.5,1.9,1.4,-0.6,1.4,13.8,2.4,0,31644,0,162,0, 
17.5833,12.1,-1.4,-5.4,-1.8,1.1,14.3,0.5,0,31650,0,163,0, 
17.5867,9.8,-4.2,-10.0,-1.2,-1.3,12.0,-3.6,0,31656,0,164,0, 
17.5900,7.3,-5.0,-10.0,0.7,-4.2,8.4,-7.1,0,31662,0,165,0, 
17.5933,5.0,-4.1,-6.6,2.5,-5.7,4.1,-8.2,0,31668,0,166,0, 
17.5967,3.3,-3.1,-3.2,2.5,-4.4,0.2,-6.6,0,31674,0,167,0, 
17.6000,2.2,-3.2,-2.9,0.5,-0.7,-1.9,-4.0,0,31680,0,168,0, 
17.6033,2.0,-4.7,-5.9,-2.6,3.5,-0.5,-1.6,0,31686,0,169,0, 
17.6067,3.1,-6.3,-10.1,-5.2,5.3,4.0,0.3,0,31692,0,170,0, 
17.6100,5.9,-6.4,-12.7,-6.3,3.1,9.6,2.7,0,31698,0,171,0, 
17.6133,9.8,-4.2,-11.2,-5.9,-2.3,13.4,6.2,0,31704,0,172,0, 
17.6167,13.5,0.2,-5.1,-4.5,-7.8,14.1,10.5,0,31710,0,173,0, 
17.6200,15.8,5.9,4.8,-2.9,-10.2,12.8,14.3,0,31716,0,174,0, 
17.6233,16.7,11.8,15.7,-1.3,-8.5,12.0,16.5,0,31722,0,175,0, 
17.6267,16.9,17.1,24.3,0.5,-4.6,12.9,17.2,0,31728,0,176,0, 
17.6300,17.3,20.9,27.4,2.3,-2.0,14.5,17.2,0,31734,0,177,0, 
17.6333,18.1,22.6,23.9,3.6,-2.7,14.6,16.8,0,31740,0,178,0, 
17.6367,18.4,22.0,15.8,4.0,-5.7,11.9,15.6,0,31746,0,179,0, 
17.6400,17.2,19.7,7.2,3.2,-8.0,7.3,12.5,0,31752,0,180,0, 
17.6433,14.6,17.1,2.1,1.6,-6.9,3.5,7.2,0,31758,0,181,0, 
17.6467,11.6,15.1,1.9,-0.3,-2.6,2.8,0.9,0,31764,0,182,0, 
17.6500,9.6,14.0,4.6,-2.0,2.4,5.6,-3.9,0,31770,0,183,0, 
17.6533,9.0,13.1,6.6,-3.1,5.0,9.7,-5.4,0,31776,0,184,0, 
17.6567,8.8,11.4,5.2,-3.6,3.9,12.5,-3.3,0,31782,0,185,0, 
17.6600,7.7,8.9,0.9,-3.6,0.5,12.0,0.5,0,31788,0,186,0, 
17.6633,5.4,6.7,-3.6,-3.8,-2.4,8.7,3.8,0,31794,0,187,0, 
17.6667,2.7,6.2,-5.4,-4.4,-3.0,5.2,5.5,0,31800,0,188,0, 
17.6700,0.9,8.2,-3.6,-5.5,-1.6,4.8,6.6,0,31806,0,189,0, 
17.6733,0.8,12.1,0.1,-6.5,0.1,9.5,9.4,0,31812,0,190,0, 
17.6767,1.8,16.1,3.4,-6.3,0.9,18.5,14.7,0,31818,0,191,0, 
17.6800,2.9,18.5,4.9,-4.4,1.1,27.8,21.5,0,31824,0,192,0, 
17.6833,3.2,18.9,5.3,-1.1,2.4,32.6,26.8,0,31830,0,193,0, 
17.6867,3.0,17.9,6.6,2.2,5.8,30.1,27.9,0,31836,0,194,0, 
17.6900,2.8,16.7,9.6,3.9,10.4,21.7,24.3,0,31842,0,195,0, 
17.6933,2.7,16.0,13.1,3.4,13.8,12.2,18.4,0,31848,0,196,0, 
17.6967,2.1,15.6,14.5,1.4,13.8,6.9,13.6,0,31854,0,197,0, 
17.7000,0.5,15.0,12.0,-0.8,10.4,7.6,12.4,0,31860,0,198,0, 
17.7033,-1.7,13.7,6.2,-1.8,5.7,11.8,14.5,0,31866,0,199,0, 
17.7067,-3.3,12.0,-0.2,-1.6,2.4,14.6,17.4,0,31872,0,200,0, 
17.7100,-3.5,10.6,-4.0,-1.1,1.9,13.1,18.7,0,31878,0,201,0, 
17.7133,-2.0,10.1,-4.0,-1.2,3.7,8.6,17.4,0,31884,0,202,0, 
17.7167,-0.1,10.4,-1.3,-2.2,5.7,5.1,14.6,0,31890,0,203,0, 
17.7200,0.9,11.2,1.4,-3.5,6.3,5.2,12.2,0,31896,0,204,0, 
17.7233,0.7,12.0,2.4,-4.0,5.0,7.9,11.3,0,31902,0,205,0, 
17.7267,0.1,12.4,2.1,-3.4,2.4,9.5,11.4,0,31908,0,206,0, 
17.7300,0.3,12.6,1.8,-1.9,-0.6,7.0,11.4,0,31914,0,207,0, 
17.7333,1.9,12.4,2.7,-0.5,-2.8,1.3,10.2,0,31920,0,208,0, 
17.7367,4.0,11.7,4.2,0.2,-3.5,-3.3,8.1,0,31926,0,209,0, 
17.7400,5.2,10.4,4.5,0.1,-2.4,-3.3,6.2,0,31932,0,210,0, 
17.7433,4.9,9.0,2.6,-0.4,-0.2,0.7,5.1,0,31938,0,211,0, 
17.7467,3.8,8.1,-0.8,-0.7,1.7,5.1,4.6,0,31944,0,212,0, 
17.7500,2.9,8.4,-3.5,-0.6,1.7,5.6,3.7,0,31950,0,213,0, 
17.7533,2.7,9.9,-3.4,-0.3,-0.3,1.8,1.4,0,31956,0,214,0, 
17.7567,2.3,11.5,-0.4,-0.4,-2.9,-3.0,-2.1,0,31962,0,215,0, 
17.7600,0.2,12.0,3.4,-1.2,-3.3,-5.1,-5.7,0,31968,0,216,0, 
17.7633,-3.8,10.7,5.3,-2.7,-0.3,-3.5,-8.0,0,31974,0,217,0, 
17.7667,-8.5,8.5,4.1,-4.6,4.5,-0.9,-7.8,0,31980,0,218,0, 
17.7700,-11.3,6.9,1.1,-6.1,7.7,-0.7,-5.2,0,31986,0,219,0, 
17.7733,-10.4,7.3,-1.2,-6.7,6.5,-3.4,-1.1,0,31992,0,220,0, 
17.7767,-6.2,9.7,-1.1,-6.3,1.9,-5.7,3.6,0,31998,0,221,0, 
17.7800,-1.2,12.5,0.8,-5.2,-2.3,-3.5,7.8,0,32004,0,222,0, 
17.7833,2.0,13.6,2.2,-4.4,-1.8,4.0,10.8,0,32010,0,223,0, 
17.7867,1.8,12.2,1.0,-4.2,4.2,12.9,12.1,0,32016,0,224,0, 
17.7900,-0.9,8.7,-2.4,-4.6,11.9,17.0,11.7,0,32022,0,225,0, 
17.7933,-3.9,5.3,-5.7,-4.8,15.9,12.7,9.7,0,32028,0,226,0, 
17.7967,-5.8,3.8,-5.9,-4.1,13.2,2.4,6.9,0,32034,0,227,0, 
17.8000,-6.0,4.7,-2.2,-2.3,5.7,-7.4,4.2,0,32040,0,228,0, 
17.8033,-5.5,7.0,3.0,-0.2,-1.7,-10.3,2.7,0,32046,0,229,0, 
17.8067,-5.5,8.8,6.1,1.2,-4.6,-4.9,2.5,0,32052,0,230,0, 
17.8100,-6.3,8.8,4.3,1.2,-2.5,4.5,3.4,0,32058,0,231,0, 
17.8133,-7.7,7.0,-1.4,0.1,1.4,11.5,4.7,0,32064,0,232,0, 
17.8167,-8.7,5.1,-7.3,-1.3,3.1,11.9,5.8,0,32070,0,233,0, 
17.8200,-8.8,4.6,-9.5,-2.0,1.5,6.4,6.2,0,32076,0,234,0, 
17.8233,-8.1,6.1,-6.5,-1.6,-1.5,-0.8,6.1,0,32082,0,235,0, 
17.8267,-7.1,8.8,-0.5,-0.7,-2.5,-5.5,5.9,0,32088,0,236,0, 
17.8300,-6.2,11.4,4.9,0.4,-0.1,-6.0,6.0,0,32094,0,237,0, 
17.8333,-5.8,12.9,7.3,1.3,4.1,-3.7,6.7,0,32100,0,238,0, 
17.8367,-6.1,13.2,6.9,2.2,7.3,-0.9,8.0,0,32106,0,239,0, 
17.8400,-6.9,12.8,5.3,3.0,7.5,0.8,9.2,0,32112,0,240,0, 
17.8433,-8.0,12.4,4.1,3.3,5.4,1.7,9.4,0,32118,0,241,0, 
17.8467,-9.3,11.8,3.6,2.8,3.5,2.6,8.4,0,32124,0,242,0, 
17.8500,-10.7,10.7,3.2,1.3,3.7,3.9,6.7,0,32130,0,243,0, 
17.8533,-12.0,9.0,2.6,-0.7,6.0,5.4,5.8,0,32136,0,244,0, 
17.8567,-12.9,7.5,2.4,-2.2,8.7,6.5,6.8,0,32142,0,245,0, 
17.8600,-13.2,7.0,3.2,-2.4,9.9,7.2,9.8,0,32148,0,246,0, 
17.8633,-12.5,7.9,4.8,-1.3,9.5,7.7,13.2,0,32154,0,247,0, 
17.8667,-10.9,9.5,6.0,0.3,8.7,8.3,15.1,0,32160,0,248,0, 
17.8700,-9.0,10.8,6.0,1.6,8.7,8.7,14.3,0,32166,0,249,0, 
17.8733,-7.3,11.1,5.3,2.2,9.1,8.4,11.3,0,32172,0,250,0, 
17.8767,-6.1,10.4,5.0,2.3,8.8,7.2,8.4,0,32178,0,251,0, 
17.8800,-5.1,9.5,5.9,2.3,6.7,5.3,7.3,0,32184,0,252,0, 
17.8833,-3.6,8.9,7.2,2.3,4.0,3.7,8.8,0,32190,0,253,0, 
17.8867,-1.6,8.7,7.2,2.4,3.2,3.5,11.4,0,32196,0,254,0, 
17.8900,0.3,8.6,5.2,2.5,6.0,5.5,13.5,0,32202,0,255,0, 
17.8933,1.3,8.3,2.2,2.9,11.9,9.2,13.6,0,32208,0,0,0, 
17.8967,0.6,7.9,0.7,3.8,17.3,13.5,12.0,0,32214,0,1,0, 
17.9000,-1.2,7.6,2.4,5.0,18.6,16.5,9.7,0,32220,0,2,0, 
17.9033,-3.0,7.7,6.6,6.2,14.1,16.4,7.5,0,32226,0,3,0, 
17.9067,-3.6,8.0,10.7,6.6,6.3,12.9,6.1,0,32232,0,4,0, 
17.9100,-2.9,8.5,12.1,6.0,-0.7,7.3,5.2,0,32238,0,5,0, 
17.9133,-1.6,9.2,10.3,4.7,-3.3,2.1,5.1,0,32244,0,6,0, 
17.9167,-0.6,10.2,6.9,3.6,-1.3,-0.2,5.7,0,32250,0,7,0, 
17.9200,-0.2,11.4,4.3,3.3,2.8,0.9,7.2,0,32256,0,8,0, 
17.9233,-0.1,12.3,3.6,3.5,5.9,4.0,9.0,0,32262,0,9,0, 
17.9267,0.3,12.1,4.3,3.8,6.6,6.5,10.0,0,32268,0,10,0, 
17.9300,0.7,10.4,5.5,3.4,5.6,6.6,9.6,0,32274,0,11,0, 
17.9333,0.7,7.9,6.0,2.4,4.7,5.1,8.2,0,32280,0,12,0, 
17.9367,-0.4,5.6,5.7,1.3,4.8,3.7,6.8,0,32286,0,13,0, 
17.9400,-2.3,4.3,4.5,0.9,5.6,4.2,6.8,0,32292,0,14,0, 
17.9433,-4.0,3.8,2.6,1.1,6.2,6.1,8.4,0,32298,0,15,0, 
17.9467,-4.2,3.4,0.5,1.4,5.8,7.2,10.7,0,32304,0,16,0, 
17.9500,-2.9,2.6,-0.5,1.4,4.5,5.7,12.1,0,32310,0,17,0, 
17.9533,-1.0,1.8,0.9,1.0,2.7,2.1,11.5,0,32316,0,18,0, 
17.9567,-0.4,1.7,4.7,0.9,1.2,-1.1,9.0,0,32322,0,19,0, 
17.9600,-1.9,2.6,9.2,2.1,0.2,-1.4,5.6,0,32328,0,20,0, 
17.9633,-5.0,3.8,11.4,4.5,-0.2,1.3,2.5,0,32334,0,21,0, 
17.9667,-7.6,4.2,9.0,6.7,-0.2,4.9,0.5,0,32340,0,22,0, 
17.9700,-7.8,3.3,2.4,7.2,-0.3,6.6,-0.6,0,32346,0,23,0, 
17.9733,-4.5,1.3,-5.4,5.1,-0.6,5.5,-1.4,0,32352,0,24,0, 
17.9767,0.9,-0.5,-10.9,1.6,-0.7,2.9,-2.2,0,32358,0,25,0, 
17.9800,5.9,-1.2,-12.0,-1.2,0.1,1.4,-2.9,0,32364,0,26,0, 
17.9833,8.0,-0.7,-9.2,-1.0,2.3,1.8,-2.9,0,32370,0,27,0, 
17.9867,6.2,0.3,-4.3,2.4,5.7,2.7,-2.0,0,32376,0,28,0, 
17.9900,1.7,1.3,0.7,7.3,8.9,1.9,-0.9,0,32382,0,29,0, 
17.9933,-2.9,2.3,4.4,11.1,9.9,-1.1,-0.5,0,32388,0,30,0, 
17.9967,-5.3,3.6,5.9,12.0,7.8,-4.2,-1.4,0,32394,0,31,0, 
18.0000,-5.0,5.4,4.7,10.3,3.5,-4.5,-3.1,0,32400,0,32,0, 
18.0033,-3.0,7.1,1.0,7.8,-0.7,-0.5,-4.5,0,32406,0,33,0, 
18.0067,-0.9,7.7,-3.3,6.2,-3.0,5.6,-4.5,0,32412,0,34,0, 
18.0100,0.1,7.0,-5.5,6.2,-2.8,9.3,-3.1,0,32418,0,35,0, 
18.0133,0.5,5.6,-3.5,7.2,-1.6,6.6,-1.7,0,32424,0,36,0, 
18.0167,1.0,4.6,2.0,7.9,-1.0,-2.3,-2.0,0,32430,0,37,0, 
18.0200,2.1,4.5,7.7,8.1,-1.9,-12.7,-4.1,0,32436,0,38,0, 
18.0233,3.2,5.0,10.0,8.1,-3.0,-18.3,-6.4,0,32442,0,39,0, 
18.0267,3.1,5.3,7.6,8.4,-2.8,-15.0,-6.5,0,32448,0,40,0, 
18.0300,1.1,4.7,3.1,8.9,-0.7,-4.1,-3.1,0,32454,0,41,0, 
18.0333,-2.1,3.8,0.4,9.0,2.3,8.1,2.6,0,32460,0,42,0, 
18.0367,-4.8,3.1,1.7,8.3,3.9,14.5,7.6,0,32466,0,43,0, 
18.0400,-5.7,3.1,5.8,7.4,2.8,11.8,8.8,0,32472,0,44,0, 
18.0433,-4.7,3.4,9.0,7.3,-0.7,2.6,5.9,0,32478,0,45,0, 
18.0467,-2.8,3.0,8.6,8.5,-4.2,-6.1,1.5,0,32484,0,46,0, 
18.0500,-1.5,1.3,4.7,10.6,-5.4,-8.2,-1.2,0,32490,0,47,0, 
18.0533,-1.3,-1.3,0.1,12.0,-3.2,-2.6,-0.8,0,32496,0,48,0, 
18.0567,-1.5,-3.8,-2.6,11.6,1.2,6.4,1.3,0,32502,0,49,0, 
18.0600,-1.1,-5.3,-2.6,9.6,5.3,11.8,2.1,0,32508,0,50,0, 
18.0633,0.3,-5.3,-1.0,7.3,6.9,10.0,-0.1,0,32514,0,51,0, 
18.0667,2.1,-3.8,0.6,6.2,6.0,2.6,-4.2,0,32520,0,52,0, 
18.0700,3.2,-1.4,2.0,6.5,4.0,-4.7,-6.9,0,32526,0,53,0, 
18.0733,3.0,1.5,3.9,7.4,3.2,-7.0,-5.6,0,32532,0,54,0, 
18.0767,1.8,4.1,6.3,7.5,4.5,-3.7,-0.4,0,32538,0,55,0, 
18.0800,0.9,6.1,8.0,6.3,7.0,1.9,5.8,0,32544,0,56,0, 
18.0833,1.1,7.2,7.7,4.6,8.8,5.6,9.7,0,32550,0,57,0, 
18.0867,2.3,7.3,5.2,3.4,8.4,6.4,9.8,0,32556,0,58,0, 
18.0900,3.3,6.8,2.4,3.2,5.8,6.7,7.5,0,32562,0,59,0, 
18.0933,3.2,6.2,1.6,3.9,2.5,9.1,5.2,0,32568,0,60,0, 
18.0967,1.4,5.2,3.2,4.3,0.2,12.9,4.4,0,32574,0,61,0, 
18.1000,-1.3,3.2,5.3,3.9,-0.4,14.5,4.3,0,32580,0,62,0, 
18.1033,-3.9,-0.6,4.5,2.9,0.2,10.0,2.8,0,32586,0,63,0, 
18.1067,-5.4,-6.1,-0.6,1.7,0.6,-0.7,-1.5,0,32592,0,64,0, 
18.1100,-5.8,-12.0,-8.8,0.8,0.0,-12.8,-7.8,0,32598,0,65,0, 
18.1133,-5.5,-16.6,-16.2,0.2,-1.7,-20.0,-13.9,0,32604,0,66,0, 
18.1167,-5.3,-18.5,-19.2,-0.1,-3.5,-18.7,-17.5,0,32610,0,67,0, 
18.1200,-5.3,-17.6,-16.9,-0.2,-4.4,-10.9,-18.0,0,32616,0,68,0, 
18.1233,-5.3,-14.9,-10.8,0.1,-3.6,-2.3,-16.7,0,32622,0,69,0, 
18.1267,-4.7,-11.7,-3.9,0.7,-1.3,2.1,-15.0,0,32628,0,70,0, 
18.1300,-3.5,-9.0,1.4,1.4,2.0,0.8,-13.7,0,32634,0,71,0, 
18.1333,-2.3,-6.9,4.0,1.8,5.2,-3.6,-12.7,0,32640,0,72,0, 
18.1367,-1.6,-5.5,3.8,1.6,7.1,-7.2,-11.3,0,32646,0,73,0, 
18.1400,-1.6,-5.1,0.8,0.8,7.0,-7.5,-9.6,0,32652,0,74,0, 
18.1433,-1.6,-6.4,-4.4,-0.1,4.5,-4.7,-8.2,0,32658,0,75,0, 
18.1467,-0.7,-9.5,-10.5,-0.7,0.4,-1.1,-8.0,0,32664,0,76,0, 
18.1500,1.5,-13.7,-15.4,-0.6,-4.1,0.8,-9.4,0,32670,0,77,0, 
18.1533,4.6,-17.3,-17.4,0.1,-7.1,-0.7,-11.3,0,32676,0,78,0, 
18.1567,7.4,-18.9,-15.7,1.1,-7.7,-5.2,-12.2,0,32682,0,79,0, 
18.1600,9.1,-17.8,-11.3,2.4,-5.7,-10.4,-10.9,0,32688,0,80,0, 
18.1633,9.3,-14.3,-6.1,3.5,-1.9,-13.3,-7.5,0,32694,0,81,0, 
18.1667,8.4,-9.8,-1.9,4.1,1.9,-11.3,-3.0,0,32700,0,82,0, 
18.1700,7.0,-5.4,0.9,3.8,4.3,-4.9,1.3,0,32706,0,83,0, 
18.1733,5.6,-1.8,2.5,2.6,4.4,2.5,4.1,0,32712,0,84,0, 
18.1767,4.2,0.9,3.6,1.2,2.3,6.4,5.0,0,32718,0,85,0, 
18.1800,2.7,2.7,4.3,0.6,-0.7,4.2,3.9,0,32724,0,86,0, 
18.1833,1.3,3.7,4.5,1.3,-3.0,-2.5,1.3,0,32730,0,87,0, 
18.1867,0.4,4.0,4.5,3.0,-3.5,-9.0,-1.8,0,32736,0,88,0, 
18.1900,0.1,3.9,5.2,4.7,-2.4,-10.5,-4.1,0,32742,0,89,0, 
18.1933,0.5,4.1,7.1,5.3,-0.4,-6.2,-4.5,0,32748,0,90,0, 
18.1967,1.5,5.0,10.2,4.8,1.2,0.3,-3.1,0,32754,0,91,0, 
18.2000,2.7,6.5,12.9,4.0,1.9,4.0,-0.9,0,32760,0,92,0, 
18.2033,4.0,7.8,13.5,4.1,2.2,2.6,0.5,0,32766,0,93,0, 
18.2067,5.6,7.8,11.0,5.5,2.7,-1.7,0.0,0,32772,0,94,0, 
18.2100,7.5,6.6,6.2,7.8,3.8,-4.5,-2.0,0,32778,0,95,0, 
18.2133,9.3,4.7,1.5,9.5,5.0,-2.6,-3.7,0,32784,0,96,1, sound 
18.2167,10.3,3.3,-0.4,9.5,5.6,2.7,-3.6,0,32790,0,97,0, 
18.2200,9.5,3.0,1.6,7.7,5.0,7.1,-1.3,0,32796,0,98,0, 
18.2233,6.5,3.3,6.4,5.1,3.3,6.8,1.3,0,32802,0,99,0, 
18.2267,2.0,3.1,10.6,3.1,1.5,1.8,2.2,0,32808,0,100,0, 
18.2300,-2.6,1.4,10.9,2.4,-0.1,-4.5,0.2,0,32814,0,101,0, 
18.2333,-5.7,-1.8,5.8,2.7,-1.4,-7.6,-3.6,0,32820,0,102,0, 
18.2367,-6.4,-5.2,-2.6,2.9,-2.5,-5.8,-6.7,0,32826,0,103,0, 
18.2400,-5.3,-7.2,-9.7,2.3,-3.2,-0.7,-7.6,0,32832,0,104,0, 
18.2433,-4.0,-6.9,-11.0,0.8,-3.0,3.6,-6.5,0,32838,0,105,0, 
18.2467,-3.9,-4.8,-5.2,-0.3,-1.2,4.4,-5.4,0,32844,0,106,0, 
18.2500,-5.4,-2.6,4.6,-0.1,2.2,1.8,-6.1,0,32850,0,107,0, 
18.2533,-7.2,-1.7,12.6,1.6,5.8,-1.7,-8.2,0,32856,0,108,0, 
18.2567,-8.0,-2.7,14.1,4.0,8.1,-3.1,-9.9,0,32862,0,109,0, 
18.2600,-6.6,-4.7,8.6,5.4,8.0,-1.2,-8.9,0,32868,0,110,0, 
18.2633,-3.8,-6.7,-0.3,4.7,6.1,2.6,-5.0,0,32874,0,111,0, 
18.2667,-1.0,-7.6,-7.4,2.3,4.1,5.9,-0.1,0,32880,0,112,0, 
18.2700,0.3,-7.3,-9.4,-0.1,3.5,6.8,3.5,0,32886,0,113,0, 
18.2733,0.0,-6.3,-6.6,-0.9,4.7,5.1,4.7,0,32892,0,114,0, 
18.2767,-0.9,-5.1,-2.1,0.3,6.6,2.0,4.4,0,32898,0,115,0, 
18.2800,-1.0,-4.0,1.4,2.3,7.5,-0.4,3.9,0,32904,0,116,0, 
18.2833,0.3,-2.5,3.1,3.5,6.6,-0.9,4.0,0,32910,0,117,0, 
18.2867,2.7,-0.8,3.8,2.8,4.5,1.0,4.3,0,32916,0,118,0, 
18.2900,5.0,1.1,4.2,0.9,2.5,4.3,3.8,0,32922,0,119,0, 
18.2933,6.9,2.7,4.2,-0.6,2.2,7.4,2.4,0,32928,0,120,0, 
18.2967,8.5,3.5,2.8,-0.5,3.8,8.2,0.8,0,32934,0,121,0, 
18.3000,10.4,3.6,0.4,0.9,6.0,5.8,0.0,0,32940,0,122,0, 
18.3033,12.8,3.5,-1.3,2.2,7.3,0.6,0.1,0,32946,0,123,0, 
18.3067,14.9,3.9,-0.1,2.2,6.5,-5.2,0.4,0,32952,0,124,0, 
18.3100,15.7,4.7,4.2,0.7,3.8,-8.2,-0.1,0,32958,0,125,0, 
18.3133,14.6,5.4,9.5,-1.3,0.4,-6.5,-1.3,0,32964,0,126,0, 
18.3167,11.8,5.1,12.0,-2.5,-2.2,-0.4,-2.6,0,32970,0,127,0, 
18.3200,8.4,3.3,9.6,-2.2,-3.1,6.4,-3.6,0,32976,0,128,0, 
18.3233,5.7,-0.1,2.9,-1.3,-2.3,9.8,-4.7,0,32982,0,129,0, 
18.3267,4.4,-4.3,-4.6,-0.9,-0.8,7.7,-6.8,0,32988,0,130,0, 
18.3300,4.5,-8.2,-9.4,-1.8,0.8,1.6,-10.0,0,32994,0,131,0, 
18.3333,5.4,-11.2,-10.0,-3.7,2.2,-4.7,-13.2,0,33000,0,132,0, 
18.3367,6.6,-12.8,-7.7,-5.5,3.4,-7.8,-14.9,0,33006,0,133,0, 
18.3400,7.7,-13.4,-5.2,-6.2,4.7,-7.3,-14.0,0,33012,0,134,0, 
18.3433,9.0,-13.1,-4.7,-5.6,5.9,-5.2,-10.7,0,33018,0,135,0, 
18.3467,10.8,-12.0,-6.3,-4.4,6.2,-3.9,-6.6,0,33024,0,136,0, 
18.3500,13.0,-9.9,-8.6,-3.5,4.9,-3.9,-2.8,0,33030,0,137,0, 
18.3533,15.3,-7.1,-9.3,-3.4,1.9,-3.5,0.2,0,33036,0,138,0, 
18.3567,16.8,-4.2,-7.0,-3.8,-1.8,-1.4,2.7,0,33042,0,139,0, 
18.3600,16.8,-2.2,-2.0,-3.9,-4.3,2.0,4.6,0,33048,0,140,0, 
18.3633,15.1,-2.0,4.1,-3.0,-4.6,4.5,5.3,0,33054,0,141,0, 
18.3667,12.5,-3.4,8.7,-1.0,-3.0,4.3,4.1,0,33060,0,142,0, 
18.3700,10.2,-5.5,10.0,1.2,-1.6,1.9,1.3,0,33066,0,143,0, 
18.3733,9.0,-7.0,7.6,2.6,-2.0,0.0,-1.2,0,33072,0,144,0, 
18.3767,8.6,-7.3,2.9,2.5,-4.4,1.5,-1.7,0,33078,0,145,0, 
18.3800,8.0,-6.4,-1.8,1.0,-6.6,6.4,0.3,0,33084,0,146,0, 
18.3833,6.1,-4.8,-4.8,-1.1,-6.0,11.5,3.1,0,33090,0,147,0, 
18.3867,2.5,-2.7,-5.3,-2.7,-2.0,12.6,4.5,0,33096,0,148,0, 
18.3900,-1.4,-0.2,-3.9,-3.1,3.1,7.7,3.0,0,33102,0,149,0, 
18.3933,-3.9,2.7,-2.1,-2.6,5.4,-1.6,-0.7,0,33108,0,150,0, 
18.3967,-4.0,5.4,-1.4,-2.0,2.4,-11.0,-4.6,0,33114,0,151,0, 
18.4000,-1.9,6.7,-2.6,-2.1,-4.6,-16.2,-7.1,0,33120,0,152,0, 
18.4033,1.0,5.7,-5.5,-3.2,-10.9,-15.4,-7.7,0,33126,0,153,0, 
18.4067,3.1,2.4,-8.7,-4.6,-11.9,-10.6,-7.3,0,33132,0,154,0, 
18.4100,4.4,-1.5,-10.4,-5.5,-6.8,-5.4,-7.0,0,33138,0,155,0, 
18.4133,5.5,-4.1,-9.0,-5.3,0.8,-3.1,-7.0,0,33144,0,156,0, 
18.4167,7.1,-4.3,-4.8,-4.2,5.7,-3.8,-7.1,0,33150,0,157,0, 
18.4200,9.0,-3.2,0.3,-2.7,4.8,-5.1,-6.8,0,33156,0,158,0, 
18.4233,10.2,-2.9,3.6,-1.5,-0.5,-3.9,-6.7,0,33162,0,159,0, 
18.4267,9.7,-5.0,3.4,-0.9,-5.9,1.0,-7.6,0,33168,0,160,0, 
18.4300,8.0,-9.8,-0.2,-0.6,-7.8,7.4,-9.9,0,33174,0,161,0, 
18.4333,6.4,-15.4,-5.2,-0.3,-6.1,11.0,-13.2,0,33180,0,162,0, 
18.4367,6.4,-19.5,-9.2,0.2,-3.5,8.9,-16.4,0,33186,0,163,0, 
18.4400,7.8,-20.7,-10.5,1.0,-2.4,2.4,-18.0,0,33192,0,164,0, 
18.4433,8.9,-19.3,-8.8,1.5,-2.7,-3.8,-17.7,0,33198,0,165,0, 
18.4467,7.5,-16.8,-5.3,1.4,-2.0,-5.0,-16.3,0,33204,0,166,0, 
18.4500,3.1,-14.6,-1.8,0.2,0.9,-0.9,-15.0,0,33210,0,167,0, 
18.4533,-2.8,-13.5,0.1,-2.0,4.6,3.5,-14.9,0,33216,0,168,0, 
18.4567,-7.6,-13.3,-0.6,-4.3,5.6,2.0,-16.1,0,33222,0,169,0, 
18.4600,-9.6,-13.2,-3.8,-5.5,1.6,-7.5,-17.8,0,33228,0,170,0, 
18.4633,-9.4,-12.6,-7.7,-4.9,-5.5,-19.8,-18.6,0,33234,0,171,0, 
18.4667,-9.1,-11.3,-9.7,-2.7,-10.8,-26.0,-17.6,0,33240,0,172,0, 
18.4700,-10.4,-9.0,-7.8,-0.1,-10.0,-19.9,-14.6,0,33246,0,173,0, 
18.4733,-13.2,-5.9,-2.1,1.3,-3.1,-3.6,-10.6,0,33252,0,174,0, 
18.4767,-15.4,-2.1,4.8,1.0,5.1,13.2,-6.7,0,33258,0,175,0, 
18.4800,-15.0,2.0,9.2,-0.7,8.6,20.3,-3.9,0,33264,0,176,0, 
18.4833,-11.4,5.6,8.7,-2.3,4.7,14.1,-2.2,0,33270,0,177,0, 
18.4867,-6.6,7.6,3.9,-2.7,-4.0,0.1,-1.4,0,33276,0,178,0, 
18.4900,-3.4,7.5,-1.9,-2.1,-11.8,-11.9,-1.3,0,33282,0,179,0, 
18.4933,-3.5,5.8,-5.3,-1.5,-13.9,-15.2,-1.7,0,33288,0,180,0, 
18.4967,-6.2,3.9,-4.9,-2.1,-10.2,-10.3,-2.7,0,33294,0,181,0, 
18.5000,-9.0,3.2,-2.0,-3.9,-4.2,-3.8,-4.1,0,33300,0,182,0, 
18.5033,-9.0,4.6,0.6,-5.9,-0.7,-1.7,-5.1,0,33306,0,183,0, 
18.5067,-5.1,7.2,1.2,-6.4,-1.7,-4.9,-4.9,0,33312,0,184,0, 
18.5100,1.3,9.5,0.6,-4.8,-5.8,-8.8,-3.2,0,33318,0,185,0, 
18.5133,7.4,9.9,0.8,-1.9,-9.5,-8.1,-0.9,0,33324,0,186,0, 
18.5167,10.5,7.7,3.2,0.9,-9.6,-1.4,0.5,0,33330,0,187,0, 
18.5200,9.5,3.6,7.1,2.3,-5.6,7.8,-0.2,0,33336,0,188,0, 
18.5233,5.7,-1.6,9.9,2.0,0.4,13.7,-3.4,0,33342,0,189,0, 
18.5267,1.0,-7.1,8.7,0.8,5.0,13.0,-8.3,0,33348,0,190,0, 
18.5300,-2.8,-12.9,2.6,-0.4,5.8,6.5,-13.6,0,33354,0,191,0, 
18.5333,-5.4,-19.0,-6.9,-1.1,2.5,-1.9,-18.2,0,33360,0,192,0, 
18.5367,-7.6,-24.7,-16.6,-1.7,-3.0,-8.3,-21.7,0,33366,0,193,0, 
18.5400,-10.4,-28.6,-23.2,-3.1,-7.6,-11.3,-24.2,0,33372,0,194,0, 
18.5433,-13.8,-29.7,-25.4,-5.3,-9.2,-11.7,-26.0,0,33378,0,195,0, 
18.5467,-16.5,-27.5,-23.4,-7.8,-7.6,-11.3,-26.8,0,33384,0,196,0, 
18.5500,-17.3,-23.1,-18.9,-9.7,-4.8,-11.0,-26.6,0,33390,0,197,0, 
18.5533,-15.5,-17.9,-13.7,-10.0,-3.4,-10.5,-24.9,0,33396,0,198,0, 
18.5567,-11.9,-13.3,-8.8,-8.7,-4.5,-9.3,-21.8,0,33402,0,199,0, 
18.5600,-7.9,-9.4,-4.8,-6.4,-7.0,-7.0,-17.7,0,33408,0,200,0, 
18.5633,-4.8,-6.0,-2.2,-4.3,-8.6,-3.9,-13.2,0,33414,0,201,0, 
18.5667,-2.5,-2.7,-1.0,-3.1,-8.1,-0.7,-8.5,0,33420,0,202,0, 
18.5700,-0.2,0.5,-1.0,-2.6,-5.9,2.0,-4.1,0,33426,0,203,0, 
18.5733,2.7,3.3,-1.0,-2.2,-4.3,3.9,0.0,0,33432,0,204,0, 
18.5767,6.0,5.5,0.5,-1.1,-4.5,5.2,3.6,0,33438,0,205,0, 
18.5800,8.4,7.5,4.3,0.8,-5.8,6.4,6.2,0,33444,0,206,0, 
18.5833,8.9,9.4,9.4,2.7,-5.7,8.0,7.2,0,33450,0,207,0, 
18.5867,7.2,10.8,13.3,3.6,-2.6,9.7,5.9,0,33456,0,208,0, 
18.5900,4.4,11.0,13.0,2.7,2.7,10.7,2.3,0,33462,0,209,0, 
18.5933,2.0,9.3,7.7,0.3,6.8,9.6,-2.8,0,33468,0,210,0, 
18.5967,1.2,6.4,-0.8,-2.5,6.6,5.6,-7.7,0,33474,0,211,0, 
18.6000,2.1,3.7,-8.6,-4.6,1.5,-0.7,-10.3,0,33480,0,212,0, 
18.6033,3.8,2.5,-12.5,-5.4,-5.7,-7.6,-9.8,0,33486,0,213,0, 
18.6067,5.2,3.1,-11.8,-5.1,-11.1,-13.2,-7.3,0,33492,0,214,0, 
18.6100,5.4,4.5,-8.2,-4.3,-12.0,-15.9,-4.9,0,33498,0,215,0, 
18.6133,4.7,5.1,-4.7,-3.7,-9.2,-15.7,-4.9,0,33504,0,216,0, 
18.6167,3.5,3.9,-3.2,-3.0,-5.2,-13.3,-8.1,0,33510,0,217,0, 
18.6200,2.3,1.3,-3.8,-2.1,-2.5,-9.5,-13.0,0,33516,0,218,0, 
18.6233,1.6,-1.5,-5.4,-0.9,-1.9,-5.7,-17.0,0,33522,0,219,0, 
18.6267,1.1,-3.5,-6.4,0.3,-2.5,-3.4,-18.1,0,33528,0,220,0, 
18.6300,0.8,-4.4,-6.2,0.7,-3.3,-3.9,-16.1,0,33534,0,221,0, 
18.6333,0.5,-4.6,-4.7,0.4,-3.9,-7.4,-12.9,0,33540,0,222,0, 
18.6367,0.0,-4.6,-2.4,-0.4,-4.2,-11.6,-10.7,0,33546,0,223,0, 
18.6400,-0.6,-4.4,0.2,-0.7,-4.2,-13.1,-10.3,0,33552,0,224,0, 
18.6433,-1.0,-4.1,2.6,-0.1,-3.4,-9.5,-10.8,0,33558,0,225,0, 
18.6467,-1.1,-3.8,4.1,1.2,-1.7,-1.8,-10.6,0,33564,0,226,0, 
18.6500,-0.8,-4.1,4.1,2.6,0.2,5.6,-8.8,0,33570,0,227,0, 
18.6533,-0.4,-5.4,2.9,3.1,1.0,7.9,-5.7,0,33576,0,228,0, 
18.6567,-0.4,-7.3,1.1,2.3,0.2,3.8,-3.0,0,33582,0,229,0, 
18.6600,-1.2,-8.9,0.0,0.4,-1.2,-3.1,-1.6,0,33588,0,230,0, 
18.6633,-3.0,-8.7,0.5,-1.7,-1.4,-7.0,-1.3,0,33594,0,231,0, 
18.6667,-5.4,-6.3,2.2,-2.7,0.7,-4.5,-0.8,0,33600,0,232,0, 
18.6700,-7.8,-2.5,4.2,-1.9,4.0,2.7,0.6,0,33606,0,233,0, 
18.6733,-9.2,1.5,5.3,0.6,6.3,9.0,2.8,0,33612,0,234,0, 
18.6767,-9.0,4.6,4.9,3.6,5.8,9.6,5.0,0,33618,0,235,0, 
18.6800,-7.2,6.6,3.6,5.9,2.7,3.9,6.4,0,33624,0,236,0, 
18.6833,-3.9,8.2,2.3,6.4,-1.0,-4.1,6.9,0,33630,0,237,0, 
18.6867,0.0,10.2,1.7,5.8,-3.0,-8.8,7.1,0,33636,0,238,0, 
18.6900,3.2,12.5,2.0,5.2,-2.6,-7.5,7.9,0,33642,0,239,0, 
18.6933,4.7,14.6,2.7,6.0,-1.1,-1.3,9.2,0,33648,0,240,0, 
18.6967,4.1,16.0,3.8,8.1,0.1,5.4,10.4,0,33654,0,241,0, 
18.7000,2.1,16.6,5.6,10.1,0.4,8.4,11.0,0,33660,0,242,0, 
18.7033,0.1,16.5,7.9,10.5,0.3,5.9,10.7,0,33666,0,243,0, 
18.7067,-0.4,15.9,9.9,8.3,0.6,-0.6,9.6,0,33672,0,244,0, 
18.7100,0.6,14.7,10.5,4.7,1.5,-7.2,7.4,0,33678,0,245,0, 
18.7133,2.0,12.9,9.0,1.7,2.1,-9.9,4.1,0,33684,0,246,0, 
18.7167,2.0,10.4,5.8,0.9,1.9,-7.0,-0.3,0,33690,0,247,0, 
18.7200,-0.3,8.1,2.8,1.9,1.1,-0.1,-5.0,0,33696,0,248,0, 
18.7233,-4.1,6.4,1.0,3.3,0.8,6.6,-8.6,0,33702,0,249,0, 
18.7267,-7.2,5.6,0.3,3.4,1.5,8.5,-10.2,0,33708,0,250,0, 
18.7300,-7.7,5.3,-0.7,1.6,2.6,4.2,-9.8,0,33714,0,251,0, 
18.7333,-5.5,4.9,-2.7,-0.8,3.1,-3.3,-8.6,0,33720,0,252,0, 
18.7367,-2.0,4.3,-4.6,-1.8,2.6,-9.1,-7.9,0,33726,0,253,0, 
18.7400,0.3,4.1,-4.1,-0.5,1.8,-9.5,-8.4,0,33732,0,254,0, 
18.7433,0.1,4.4,0.1,2.6,2.1,-4.9,-9.4,0,33738,0,255,0, 
18.7467,-1.8,5.0,6.0,5.9,3.8,0.6,-9.6,0,33744,0,0,0, 
18.7500,-3.6,5.0,9.7,7.9,5.5,2.8,-8.4,0,33750,0,1,0, 
18.7533,-3.8,3.8,8.2,8.0,5.0,0.4,-6.1,0,33756,0,2,0, 
18.7567,-2.4,1.6,2.3,7.0,1.2,-4.1,-3.6,0,33762,0,3,0, 
18.7600,-0.9,-0.1,-2.9,6.0,-4.3,-6.8,-1.7,0,33768,0,4,0, 
18.7633,-0.8,0.0,-2.7,5.6,-8.0,-5.3,0.0,0,33774,0,5,0, 
18.7667,-2.5,1.7,3.7,5.6,-6.8,-0.3,2.2,0,33780,0,6,0, 
18.7700,-4.9,4.0,11.3,5.2,-0.7,5.9,5.5,0,33786,0,7,0, 
18.7733,-6.3,5.1,13.5,3.9,6.9,11.4,9.6,0,33792,0,8,0, 
18.7767,-5.7,4.6,7.8,1.8,11.4,15.1,13.3,0,33798,0,9,0, 
18.7800,-3.4,3.8,-1.9,0.1,10.5,16.7,15.8,0,33804,0,10,0, 
18.7833,-0.9,4.4,-7.8,-0.2,5.8,15.6,16.2,0,33810,0,11,0, 
18.7867,0.3,7.1,-5.0,1.4,1.0,11.3,14.7,0,33816,0,12,0, 
18.7900,-0.5,10.5,4.7,4.4,-0.4,4.2,11.4,0,33822,0,13,0, 
18.7933,-2.9,12.1,13.4,7.6,1.7,-3.8,6.9,0,33828,0,14,0, 
18.7967,-5.6,10.3,14.0,9.3,4.4,-10.1,1.7,0,33834,0,15,0, 
18.8000,-7.7,5.4,5.1,8.9,4.5,-12.9,-3.2,0,33840,0,16,0, 
18.8033,-9.2,-0.1,-7.3,6.7,1.1,-12.2,-6.9,0,33846,0,17,0, 
18.8067,-10.4,-3.9,-15.1,4.0,-3.7,-10.0,-9.0,0,33852,0,18,0, 
18.8100,-11.8,-5.0,-14.2,2.2,-6.7,-8.4,-9.8,0,33858,0,19,0, 
18.8133,-13.2,-4.6,-7.1,1.9,-6.2,-9.1,-10.7,0,33864,0,20,0, 
18.8167,-13.9,-4.5,-0.4,2.5,-3.5,-12.1,-12.7,0,33870,0,21,0, 
18.8200,-13.1,-6.0,0.7,3.1,-1.3,-16.1,-15.9,0,33876,0,22,0, 
18.8233,-10.4,-8.5,-3.9,2.6,-1.3,-19.0,-19.3,0,33882,0,23,0, 
18.8267,-6.9,-10.7,-9.8,1.0,-2.4,-18.5,-21.3,0,33888,0,24,0, 
18.8300,-3.8,-11.1,-12.3,-0.7,-2.1,-13.4,-20.9,0,33894,0,25,0, 
18.8333,-2.2,-9.3,-9.7,-1.5,0.9,-4.6,-18.3,0,33900,0,26,0, 
18.8367,-2.0,-6.1,-4.4,-1.0,5.8,4.7,-14.3,0,33906,0,27,0, 
18.8400,-2.0,-2.4,-0.1,0.3,9.8,10.7,-9.8,0,33912,0,28,0, 
18.8433,-1.1,1.2,1.2,1.1,10.7,11.1,-5.1,0,33918,0,29,0, 
18.8467,1.0,4.4,0.8,0.6,8.5,6.7,-0.2,0,33924,0,30,0, 
18.8500,3.3,6.9,1.1,-0.8,5.4,0.9,4.5,0,33930,0,31,0, 
18.8533,4.4,8.1,3.4,-1.8,3.3,-2.5,8.1,0,33936,0,32,0, 
18.8567,3.7,7.3,6.7,-1.5,2.6,-2.3,9.4,0,33942,0,33,0, 
18.8600,1.7,4.6,8.4,0.3,2.2,0.0,8.2,0,33948,0,34,0, 
18.8633,-0.1,0.9,6.6,2.4,0.7,2.0,5.6,0,33954,0,35,0, 
18.8667,-0.7,-1.9,2.3,3.3,-1.1,2.2,3.6,0,33960,0,36,0, 
18.8700,0.1,-2.5,-1.7,2.1,-1.4,1.2,3.6,0,33966,0,37,0, 
18.8733,1.1,-0.7,-2.4,-0.7,1.3,0.6,5.3,0,33972,0,38,0, 
18.8767,1.6,2.3,0.7,-3.7,6.1,1.1,7.4,0,33978,0,39,0, 
18.8800,1.4,4.7,5.5,-5.6,10.0,2.3,8.2,0,33984,0,40,0, 
18.8833,1.4,5.6,8.3,-5.6,10.3,3.0,7.6,0,33990,0,41,0, 
18.8867,2.5,5.1,7.2,-4.0,6.3,2.7,6.4,0,33996,0,42,0, 
18.8900,4.6,4.2,2.5,-1.7,0.2,1.6,5.9,0,34002,0,43,0, 
18.8933,6.7,3.8,-3.0,0.6,-4.7,0.1,5.9,0,34008,0,44,0, 
18.8967,7.8,3.8,-6.2,2.2,-6.4,-1.9,5.5,0,34014,0,45,0, 
18.9000,7.2,3.3,-6.0,3.0,-5.3,-4.1,3.4,0,34020,0,46,0, 
18.9033,5.3,1.6,-3.4,2.7,-3.1,-5.7,-0.3,0,34026,0,47,0, 
18.9067,2.7,-1.3,-0.5,1.8,-1.2,-5.9,-4.3,0,34032,0,48,0, 
18.9100,0.1,-4.1,1.4,0.7,0.2,-4.5,-6.9,0,34038,0,49,0, 
18.9133,-2.4,-5.5,2.3,0.0,1.5,-3.1,-7.4,0,34044,0,50,0, 
18.9167,-4.5,-4.9,3.5,0.2,2.6,-3.9,-6.7,0,34050,0,51,0, 
18.9200,-5.8,-2.7,5.6,1.1,2.5,-7.4,-6.4,0,34056,0,52,0, 
18.9233,-5.6,-0.5,7.7,2.0,0.5,-11.7,-7.5,0,34062,0,53,0, 
18.9267,-3.9,0.1,7.7,1.9,-2.6,-13.2,-9.2,0,34068,0,54,0, 
18.9300,-1.4,-1.5,4.2,0.2,-5.0,-10.2,-10.3,0,34074,0,55,0, 
18.9333,0.4,-4.6,-1.9,-2.3,-5.0,-4.7,-10.1,0,34080,0,56,0, 
18.9367,0.5,-7.7,-7.6,-4.2,-2.6,-0.9,-8.9,0,34086,0,57,0, 
18.9400,-1.1,-9.2,-9.3,-4.2,0.3,-1.6,-7.5,0,34092,0,58,0, 
18.9433,-3.7,-8.4,-5.5,-1.8,1.5,-5.2,-6.2,0,34098,0,59,0, 
18.9467,-6.2,-5.6,2.2,2.1,1.0,-6.3,-3.9,0,34104,0,60,0, 
18.9500,-7.7,-1.9,10.0,5.9,0.6,-0.8,0.6,0,34110,0,61,0, 
18.9533,-7.8,1.3,13.8,8.2,2.6,10.3,7.3,0,34116,0,62,0, 
18.9567,-6.5,3.2,12.1,8.4,6.7,20.7,14.5,0,34122,0,63,0, 
18.9600,-4.0,4.1,6.8,7.1,10.1,23.0,19.2,0,34128,0,64,0, 
18.9633,-0.7,4.7,1.6,5.5,9.5,15.1,19.7,0,34134,0,65,0, 
18.9667,2.6,5.9,-0.2,4.5,4.3,1.3,16.5,0,34140,0,66,0, 
18.9700,4.9,7.9,2.1,4.4,-2.2,-10.3,12.2,0,34146,0,67,0, 
18.9733,5.4,10.3,6.9,4.8,-5.3,-13.9,9.6,0,34152,0,68,0, 
18.9767,4.4,12.2,11.1,5.1,-2.5,-9.5,9.7,0,34158,0,69,0, 
18.9800,3.2,12.8,13.1,5.2,4.3,-1.9,11.5,0,34164,0,70,0, 
18.9833,3.2,11.9,13.0,4.9,9.8,3.6,12.8,0,34170,0,71,0, 
18.9867,4.9,10.0,12.4,4.6,10.1,4.9,12.0,0,34176,0,72,0, 
18.9900,7.2,8.0,12.7,4.5,5.3,3.5,9.1,0,34182,0,73,0, 
18.9933,8.4,6.4,13.4,4.3,-0.3,1.9,5.3,0,34188,0,74,0, 
18.9967,7.2,5.2,12.8,4.0,-2.1,1.3,1.6,0,34194,0,75,0, 
19.0000,4.1,3.6,9.3,3.4,1.0,0.8,-1.4,0,34200,0,76,0, 
19.0033,0.7,1.5,3.1,2.6,5.9,-0.8,-4.0,0,34206,0,77,0, 
19.0067,-1.4,-1.1,-3.4,1.6,7.8,-3.8,-6.5,0,34212,0,78,0, 
19.0100,-1.8,-3.4,-7.2,0.9,4.3,-6.7,-8.5,0,34218,0,79,0, 
19.0133,-1.3,-4.6,-7.0,0.6,-3.0,-8.0,-8.9,0,34224,0,80,0, 
19.0167,-1.5,-4.7,-3.8,0.5,-9.8,-7.1,-7.2,0,34230,0,81,0, 
19.0200,-2.7,-4.1,-0.7,0.4,-12.3,-4.4,-3.6,0,34236,0,82,0, 
19.0233,-4.1,-3.6,0.4,0.0,-9.7,-0.9,0.4,0,34242,0,83,0, 
19.0267,-4.3,-3.6,-0.4,-0.7,-4.2,2.4,3.2,0,34248,0,84,0, 
19.0300,-2.5,-3.9,-0.7,-1.5,0.9,5.2,4.3,0,34254,0,85,0, 
19.0333,0.8,-3.7,1.3,-1.7,3.4,7.3,4.3,0,34260,0,86,0, 
19.0367,4.2,-2.1,5.3,-0.9,3.1,8.3,4.7,0,34266,0,87,0, 
19.0400,6.4,0.8,8.5,0.6,0.6,8.0,6.6,0,34272,0,88,0, 
19.0433,7.5,4.3,8.7,2.2,-2.4,6.7,9.8,0,34278,0,89,0, 
19.0467,8.2,7.2,6.0,3.1,-4.7,5.1,13.0,0,34284,0,90,0, 
19.0500,8.9,8.6,3.1,2.9,-5.2,4.3,14.6,0,34290,0,91,0, 
19.0533,9.5,8.2,2.6,1.7,-3.6,4.6,14.2,0,34296,0,92,0, 
19.0567,9.3,6.4,4.2,0.1,-0.7,5.6,12.3,0,34302,0,93,0, 
19.0600,7.9,3.8,4.6,-1.3,1.7,6.5,10.2,0,34308,0,94,0, 
19.0633,5.8,1.2,0.6,-2.3,2.1,6.9,9.2,0,34314,0,95,0, 
19.0667,3.9,-0.7,-7.4,-3.1,0.9,6.7,9.4,0,34320,0,96,0, 
19.0700,3.0,-1.1,-14.7,-3.5,-0.3,6.6,10.3,0,34326,0,97,0, 
19.0733,3.2,-0.1,-15.7,-3.3,0.4,6.9,11.5,0,34332,0,98,0, 
19.0767,4.0,2.0,-8.9,-2.2,3.0,7.3,12.6,0,34338,0,99,0, 
19.0800,4.9,4.3,1.1,-0.7,5.6,6.9,13.5,0,34344,0,100,0, 
19.0833,5.9,5.8,7.6,0.7,5.5,5.5,14.1,0,34350,0,101,0, 
19.0867,7.1,6.5,6.7,1.3,2.4,3.9,14.3,0,34356,0,102,0, 
19.0900,8.2,7.3,1.2,1.2,-1.1,4.0,13.8,0,34362,0,103,0, 
19.0933,8.6,9.2,-1.5,1.1,-1.3,7.5,12.9,0,34368,0,104,0, 
19.0967,7.7,12.4,3.5,2.0,3.4,13.7,12.0,0,34374,0,105,0, 
19.1000,6.1,15.9,14.8,4.1,10.6,19.6,11.9,0,34380,0,106,0, 
19.1033,4.9,17.8,24.7,6.5,15.4,21.4,12.9,0,34386,0,107,0, 
19.1067,5.7,17.2,25.9,7.9,14.3,17.4,14.7,0,34392,0,108,0, 
19.1100,8.5,14.3,17.0,7.5,7.4,10.0,16.6,0,34398,0,109,0, 
19.1133,11.7,10.9,4.3,5.5,-0.8,4.0,17.9,0,34404,0,110,0, 
19.1167,13.2,8.8,-3.7,3.0,-5.5,3.6,18.3,0,34410,0,111,0, 
19.1200,11.7,8.3,-2.4,1.2,-4.5,8.4,17.3,0,34416,0,112,0, 
19.1233,8.1,8.4,5.4,0.6,-0.1,13.8,15.0,0,34422,0,113,0, 
19.1267,4.6,7.6,12.6,1.0,3.7,14.3,11.2,0,34428,0,114,0, 
19.1300,3.1,5.3,13.1,1.4,4.1,8.1,6.7,0,34434,0,115,0, 
19.1333,3.8,2.4,6.4,1.1,1.8,-0.9,2.3,0,34440,0,116,0, 
19.1367,5.0,0.5,-2.8,0.3,-0.8,-6.6,-0.9,0,34446,0,117,0, 
19.1400,5.0,0.5,-8.9,-0.5,-1.2,-5.5,-2.5,0,34452,0,118,0, 
19.1433,3.0,1.7,-8.9,-0.6,0.5,0.4,-2.7,0,34458,0,119,0, 
19.1467,0.0,3.1,-4.3,0.7,2.3,5.3,-2.0,0,34464,0,120,0, 
19.1500,-2.3,3.7,1.1,3.1,2.6,4.5,-1.0,0,34470,0,121,0, 
19.1533,-2.5,3.2,4.5,5.6,1.3,-1.3,0.1,0,34476,0,122,0, 
19.1567,-1.0,2.6,5.0,7.5,0.3,-7.0,1.4,0,34482,0,123,0, 
19.1600,0.8,2.4,3.7,8.0,1.0,-7.5,2.6,0,34488,0,124,0, 
19.1633,2.0,2.7,1.7,7.2,3.4,-2.1,3.4,0,34494,0,125,0, 
19.1667,2.3,2.9,-0.1,6.0,5.8,5.0,3.3,0,34500,0,126,0, 
19.1700,2.5,2.2,-1.8,5.0,6.2,8.2,2.0,0,34506,0,127,0, 
19.1733,3.3,0.6,-3.0,4.5,4.3,4.8,0.0,0,34512,0,128,0, 
19.1767,4.6,-1.5,-3.6,4.1,1.6,-2.6,-2.1,0,34518,0,129,0, 
19.1800,5.4,-3.5,-3.6,3.2,-0.2,-8.8,-3.8,0,34524,0,130,0, 
19.1833,5.2,-4.9,-3.3,1.3,-0.5,-9.8,-4.5,0,34530,0,131,0, 
19.1867,4.2,-5.7,-3.4,-1.2,-0.1,-5.9,-4.4,0,34536,0,132,0, 
19.1900,3.7,-5.9,-4.5,-3.4,-0.5,-0.9,-3.6,0,34542,0,133,0, 
19.1933,4.5,-5.6,-6.5,-4.6,-1.7,1.1,-2.4,0,34548,0,134,0, 
19.1967,6.6,-4.9,-9.1,-4.8,-2.4,-0.9,-1.5,0,34554,0,135,0, 
19.2000,8.9,-4.2,-11.9,-4.6,-0.7,-4.5,-0.9,0,34560,0,136,0, 
19.2033,9.9,-3.7,-14.4,-4.5,4.1,-5.8,-0.8,0,34566,0,137,0, 
19.2067,8.8,-3.6,-15.7,-4.6,9.9,-2.8,-0.6,0,34572,0,138,0, 
19.2100,6.0,-3.4,-14.4,-4.2,13.4,3.2,-0.3,0,34578,0,139,0, 
19.2133,2.7,-2.8,-9.8,-2.5,11.9,7.9,0.1,0,34584,0,140,0, 
19.2167,0.1,-1.7,-3.3,0.1,5.6,7.4,-0.5,0,34590,0,141,0, 
19.2200,-1.1,-0.7,1.7,2.4,-2.5,1.2,-2.5,0,34596,0,142,0, 
19.2233,-1.1,-0.7,1.6,2.8,-8.3,-6.6,-5.5,0,34602,0,143,0, 
19.2267,-0.6,-2.1,-4.7,0.7,-8.7,-9.8,-8.1,0,34608,0,144,0, 
19.2300,-0.3,-4.5,-13.9,-3.0,-4.2,-4.1,-8.2,0,34614,0,145,0, 
19.2333,-0.4,-6.2,-20.6,-5.9,2.2,9.0,-5.3,0,34620,0,146,0, 
19.2367,-0.8,-6.1,-20.3,-6.4,6.8,21.8,-0.9,0,34626,0,147,0, 
19.2400,-0.8,-3.9,-13.4,-4.5,7.6,25.9,2.4,0,34632,0,148,0, 
19.2433,0.3,-0.7,-4.4,-1.8,5.1,17.7,2.6,0,34638,0,149,0, 
19.2467,3.0,1.8,1.3,-0.5,1.7,1.7,-0.1,0,34644,0,150,0, 
19.2500,6.7,3.0,1.6,-1.4,-0.2,-11.9,-3.1,0,34650,0,151,0, 
19.2533,10.5,3.0,-1.4,-3.2,0.0,-14.7,-3.3,0,34656,0,152,0, 
19.2567,13.3,3.3,-3.3,-4.0,1.4,-6.0,0.6,0,34662,0,153,0, 
19.2600,14.6,4.7,-1.3,-2.7,2.6,7.2,7.3,0,34668,0,154,0, 
19.2633,14.8,7.4,3.1,0.1,3.0,15.5,13.7,0,34674,0,155,0, 
19.2667,14.9,10.0,6.4,2.7,3.0,14.9,17.2,0,34680,0,156,0, 
19.2700,15.2,11.3,5.7,3.9,3.3,8.9,16.9,0,34686,0,157,0, 
19.2733,15.4,10.5,1.6,3.6,4.2,4.6,14.0,0,34692,0,158,0, 
19.2767,14.6,8.2,-2.5,3.2,5.0,6.2,10.2,0,34698,0,159,0, 
19.2800,12.7,5.7,-3.4,3.4,5.1,11.4,7.1,0,34704,0,160,0, 
19.2833,10.1,4.4,-0.5,4.3,4.6,14.4,5.0,0,34710,0,161,0, 
19.2867,7.5,4.4,4.5,4.9,4.1,11.3,3.9,0,34716,0,162,0, 
19.2900,5.3,4.8,8.7,4.4,4.0,4.2,3.0,0,34722,0,163,0, 
19.2933,3.1,4.1,9.8,2.9,3.7,-1.2,1.5,0,34728,0,164,0, 
19.2967,0.2,1.4,7.3,1.3,1.8,-1.0,-1.1,0,34734,0,165,0, 
19.3000,-3.2,-3.3,2.0,0.1,-2.2,3.4,-4.6,0,34740,0,166,0, 
19.3033,-6.1,-8.4,-4.4,-0.5,-6.7,6.4,-8.3,0,34746,0,167,0, 
19.3067,-7.5,-12.0,-9.5,-1.2,-8.7,4.0,-10.8,0,34752,0,168,0, 
19.3100,-7.3,-13.0,-10.9,-2.3,-5.7,-2.9,-11.1,0,34758,0,169,0, 
19.3133,-6.1,-11.3,-7.4,-3.5,1.5,-9.2,-9.4,0,34764,0,170,0, 
19.3167,-5.3,-8.4,-0.4,-4.1,9.0,-10.6,-7.1,0,34770,0,171,0, 
19.3200,-5.0,-5.9,6.1,-3.5,11.9,-7.1,-6.0,0,34776,0,172,0, 
19.3233,-4.9,-5.1,7.6,-2.4,8.0,-3.1,-7.0,0,34782,0,173,0, 
19.3267,-4.1,-5.8,2.6,-1.5,-0.5,-2.9,-9.3,0,34788,0,174,0, 
19.3300,-2.7,-6.8,-6.2,-1.6,-8.5,-6.7,-11.5,0,34794,0,175,0, 
19.3333,-2.1,-7.1,-13.5,-2.6,-11.0,-10.8,-12.7,0,34800,0,176,0, 
19.3367,-3.4,-6.4,-15.3,-3.8,-7.3,-11.4,-13.5,0,34806,0,177,0, 
19.3400,-6.9,-5.0,-11.5,-4.4,-0.8,-8.0,-14.9,0,34812,0,178,0, 
19.3433,-10.7,-3.9,-6.0,-4.1,3.7,-4.4,-17.7,0,34818,0,179,0, 
19.3467,-12.8,-3.7,-3.7,-3.2,3.7,-4.4,-21.1,0,34824,0,180,0, 
19.3500,-11.8,-4.3,-6.3,-1.9,0.3,-8.4,-22.9,0,34830,0,181,0, 
19.3533,-8.4,-5.0,-11.4,-0.5,-2.7,-12.8,-21.7,0,34836,0,182,0, 
19.3567,-4.6,-5.0,-14.3,0.8,-2.4,-12.4,-17.5,0,34842,0,183,0, 
19.3600,-2.3,-3.9,-11.7,1.4,1.0,-5.5,-11.8,0,34848,0,184,0, 
19.3633,-1.6,-2.0,-5.0,0.8,4.3,4.8,-6.6,0,34854,0,185,0, 
19.3667,-1.1,0.2,1.2,-1.1,4.8,12.2,-2.9,0,34860,0,186,0, 
19.3700,0.5,1.8,2.0,-3.8,2.1,12.5,-0.5,0,34866,0,187,0, 
19.3733,3.4,2.1,-3.4,-6.1,-1.0,6.4,1.6,0,34872,0,188,0, 
19.3767,6.3,1.3,-11.2,-7.0,-1.0,-0.5,3.9,0,34878,0,189,0, 
19.3800,7.1,0.2,-15.4,-6.0,3.1,-2.4,6.0,0,34884,0,190,0, 
19.3833,5.3,-0.2,-12.4,-3.9,8.6,2.3,7.1,0,34890,0,191,0, 
19.3867,1.9,0.5,-4.0,-2.1,11.0,9.6,6.5,0,34896,0,192,0, 
19.3900,-0.8,2.2,3.9,-1.4,8.0,13.3,4.3,0,34902,0,193,0, 
19.3933,-1.4,3.6,5.7,-2.0,1.3,9.4,1.0,0,34908,0,194,0, 
19.3967,0.0,3.6,0.3,-2.8,-4.4,-0.4,-2.4,0,34914,0,195,0, 
19.4000,1.5,1.9,-7.5,-3.1,-4.8,-10.2,-5.2,0,34920,0,196,0, 
19.4033,1.4,-0.6,-11.1,-2.5,0.5,-14.0,-7.2,0,34926,0,197,0, 
19.4067,-0.5,-2.6,-7.4,-1.9,7.8,-10.4,-8.1,0,34932,0,198,0, 
19.4100,-2.9,-2.9,0.7,-2.0,12.2,-2.5,-7.7,0,34938,0,199,0, 
19.4133,-4.0,-1.9,6.5,-3.2,11.3,4.3,-6.1,0,34944,0,200,0, 
19.4167,-2.9,-0.6,5.1,-4.7,6.5,6.7,-3.8,0,34950,0,201,0, 
19.4200,-0.6,-0.1,-2.8,-5.4,1.9,5.5,-1.6,0,34956,0,202,0, 
19.4233,1.2,-0.9,-10.9,-4.5,0.4,4.0,-0.5,0,34962,0,203,0, 
19.4267,1.2,-2.5,-13.2,-2.8,2.1,4.4,-1.1,0,34968,0,204,0, 
19.4300,-0.4,-4.1,-8.5,-1.7,4.7,6.3,-3.2,0,34974,0,205,0, 
19.4333,-2.4,-5.5,-1.7,-2.4,6.0,6.9,-6.2,0,34980,0,206,0, 
19.4367,-3.6,-6.6,0.9,-4.9,5.4,4.9,-8.6,0,34986,0,207,0, 
19.4400,-3.9,-7.8,-3.2,-7.9,4.3,1.0,-9.4,0,34992,0,208,0, 
19.4433,-4.0,-8.9,-10.4,-9.5,4.3,-1.6,-8.3,0,34998,0,209,0, 
19.4467,-4.6,-9.1,-14.3,-9.2,5.7,-0.6,-5.5,0,35004,0,210,0, 
19.4500,-5.4,-7.7,-11.4,-7.5,8.1,3.8,-1.8,0,35010,0,211,0, 
19.4533,-5.5,-4.6,-3.6,-6.1,10.1,9.4,2.1,0,35016,0,212,0, 
19.4567,-3.9,-0.5,3.2,-5.8,11.1,13.7,6.0,0,35022,0,213,0, 
19.4600,-0.6,3.5,4.2,-6.2,10.9,15.7,9.9,0,35028,0,214,0, 
19.4633,3.3,6.8,-0.5,-6.3,9.5,15.8,13.3,0,35034,0,215,0, 
19.4667,6.1,9.1,-6.0,-5.3,7.4,14.8,15.5,0,35040,0,216,0, 
19.4700,6.5,10.8,-7.1,-3.2,5.3,13.4,15.4,0,35046,0,217,0, 
19.4733,4.8,12.0,-2.0,-1.1,4.1,11.7,12.7,0,35052,0,218,0, 
19.4767,2.1,12.4,6.2,0.4,4.4,10.3,8.3,0,35058,0,219,0, 
19.4800,0.0,11.9,12.3,1.1,5.5,10.1,3.8,0,35064,0,220,0, 
19.4833,-0.8,10.6,12.7,1.7,5.9,11.5,0.9,0,35070,0,221,0, 
19.4867,-0.5,8.8,7.9,2.2,4.5,13.5,-0.2,0,35076,0,222,0, 
19.4900,-0.3,7.3,1.6,2.3,1.8,14.1,-0.4,0,35082,0,223,0, 
19.4933,-1.0,6.6,-2.1,1.4,-0.6,11.9,-0.9,0,35088,0,224,0, 
19.4967,-2.7,6.6,-1.4,-0.5,-0.9,7.2,-2.2,0,35094,0,225,0, 
19.5000,-4.3,6.9,2.5,-2.2,1.0,1.8,-3.6,0,35100,0,226,0, 
19.5033,-4.3,6.8,6.3,-2.3,3.2,-2.4,-4.1,0,35106,0,227,0, 
19.5067,-2.3,6.1,7.3,-0.5,3.3,-4.3,-3.1,0,35112,0,228,0, 
19.5100,0.9,4.8,4.5,2.4,0.7,-3.9,-1.3,0,35118,0,229,0, 
19.5133,3.2,3.4,-0.6,4.4,-3.0,-2.0,0.3,0,35124,0,230,0, 
19.5167,3.0,2.0,-5.3,4.1,-5.2,0.9,0.6,0,35130,0,231,0, 
19.5200,0.4,0.8,-7.2,2.0,-4.8,3.6,-0.5,0,35136,0,232,0, 
19.5233,-2.8,-0.3,-5.9,-0.4,-2.9,4.6,-2.2,0,35142,0,233,0, 
19.5267,-4.5,-1.6,-2.5,-1.3,-1.6,2.8,-4.1,0,35148,0,234,0, 
19.5300,-3.7,-3.1,0.7,-0.3,-1.9,-1.2,-5.6,0,35154,0,235,0, 
19.5333,-1.3,-4.6,1.8,1.4,-2.6,-5.1,-6.9,0,35160,0,236,0, 
19.5367,0.9,-6.0,0.5,2.0,-1.7,-6.0,-8.0,0,35166,0,237,0, 
19.5400,1.5,-6.8,-2.2,0.5,1.3,-3.5,-8.8,0,35172,0,238,0, 
19.5433,0.7,-6.7,-4.4,-2.1,4.9,0.0,-9.0,0,35178,0,239,0, 
19.5467,0.1,-5.8,-4.5,-4.2,6.0,0.9,-8.3,0,35184,0,240,0, 
19.5500,1.0,-3.9,-2.5,-4.4,3.4,-1.9,-6.6,0,35190,0,241,0, 
19.5533,3.2,-1.4,0.4,-2.6,-1.4,-5.8,-3.7,0,35196,0,242,0, 
19.5567,5.4,1.5,2.1,-0.5,-4.6,-6.3,0.4,0,35202,0,243,0, 
19.5600,6.1,4.4,1.7,0.4,-3.9,-1.6,5.0,0,35208,0,244,0, 
19.5633,4.9,7.2,-0.2,-0.6,-0.1,5.9,9.0,0,35214,0,245,0, 
19.5667,3.1,9.6,-1.5,-2.7,3.5,10.7,11.1,0,35220,0,246,0, 
19.5700,2.4,11.9,-0.1,-4.0,3.7,9.2,10.9,0,35226,0,247,0, 
19.5733,4.2,13.9,4.1,-3.5,0.2,2.6,9.5,0,35232,0,248,0, 
19.5767,8.0,15.7,9.0,-1.2,-4.0,-3.7,8.6,0,35238,0,249,0, 
19.5800,12.4,16.7,11.5,1.3,-5.1,-5.0,9.3,0,35244,0,250,0, 
19.5833,15.3,16.5,9.7,2.3,-1.8,-0.7,10.9,0,35250,0,251,0, 
19.5867,15.6,15.0,5.1,1.3,3.7,5.4,11.5,0,35256,0,252,0, 
19.5900,13.4,12.8,1.8,-1.0,7.5,8.5,9.3,0,35262,0,253,0, 
19.5933,10.1,11.0,3.7,-2.7,7.3,6.8,4.5,0,35268,0,254,0, 
19.5967,7.8,10.7,11.0,-2.5,3.4,2.7,-0.7,0,35274,0,255,0, 
19.6000,8.3,12.0,19.8,-0.5,-1.1,0.3,-3.0,0,35280,0,0,0, 
19.6033,11.6,14.1,23.8,1.8,-3.4,1.6,-0.9,0,35286,0,1,0, 
19.6067,16.8,15.6,19.5,2.6,-2.6,5.6,4.4,0,35292,0,2,0, 
19.6100,21.5,15.6,8.2,1.4,-0.7,9.2,10.1,0,35298,0,3,0, 
19.6133,24.0,14.1,-3.7,-0.5,-0.2,9.4,13.4,0,35304,0,4,0, 
19.6167,23.4,11.9,-9.7,-1.5,-2.3,5.9,13.2,0,35310,0,5,0, 
19.6200,20.4,9.8,-7.3,-0.5,-5.9,0.7,10.8,0,35316,0,6,0, 
19.6233,16.1,8.2,0.3,1.9,-8.3,-3.2,8.1,0,35322,0,7,0, 
19.6267,12.1,6.8,7.0,3.9,-7.5,-3.5,6.2,0,35328,0,8,0, 
19.6300,9.0,5.4,8.3,3.9,-3.8,-0.3,5.4,0,35334,0,9,0, 
19.6333,7.2,4.1,4.2,1.8,0.4,4.0,4.9,0,35340,0,10,0, 
19.6367,6.6,3.6,-1.4,-0.9,2.6,6.5,4.5,0,35346,0,11,0, 
19.6400,7.1,4.6,-4.3,-2.8,1.9,5.5,4.3,0,35352,0,12,0, 
19.6433,8.2,7.1,-3.0,-2.9,0.2,2.3,4.7,0,35358,0,13,0, 
19.6467,9.1,10.3,1.1,-1.8,0.1,0.3,5.7,0,35364,0,14,0, 
19.6500,9.5,13.5,5.7,-0.5,2.6,2.6,7.2,0,35370,0,15,0, 
19.6533,9.9,16.3,9.5,0.5,5.9,8.9,8.7,0,35376,0,16,0, 
19.6567,11.4,18.8,12.8,1.3,6.8,15.2,10.1,0,35382,0,17,0, 
19.6600,14.7,21.0,15.6,2.2,3.3,16.5,11.5,0,35388,0,18,0, 
19.6633,19.7,22.4,16.6,2.9,-2.8,10.5,12.6,0,35394,0,19,0, 
19.6667,24.7,22.3,14.4,2.9,-7.7,-0.3,13.1,0,35400,0,20,0, 
19.6700,27.5,20.5,8.8,1.8,-7.6,-9.9,12.8,0,35406,0,21,0, 
19.6733,26.6,17.8,2.8,0.1,-2.8,-12.9,11.9,0,35412,0,22,0, 
19.6767,22.6,15.6,0.2,-0.7,3.2,-8.7,11.0,0,35418,0,23,0, 
19.6800,17.4,14.7,2.7,0.2,5.8,-0.8,10.9,0,35424,0,24,0, 
19.6833,13.2,14.7,7.8,2.4,3.6,5.8,11.6,0,35430,0,25,0, 
19.6867,11.0,14.3,10.8,4.3,-0.9,8.7,12.7,0,35436,0,26,0, 
19.6900,10.5,12.2,8.8,4.5,-3.5,8.8,13.4,0,35442,0,27,0, 
19.6933,10.4,9.1,3.6,2.6,-1.7,8.5,13.3,0,35448,0,28,0, 
19.6967,10.0,6.8,0.3,0.0,3.3,8.9,12.9,0,35454,0,29,0, 
19.7000,9.1,7.0,3.0,-1.8,7.6,8.7,12.5,0,35460,0,30,0, 
19.7033,8.1,9.8,10.8,-2.0,8.0,5.6,12.1,0,35466,0,31,0, 
19.7067,7.4,13.4,17.7,-1.3,4.5,-0.8,11.0,0,35472,0,32,0, 
19.7100,6.6,15.2,17.9,-0.8,-0.6,-8.5,8.5,0,35478,0,33,0, 
19.7133,5.5,13.8,10.0,-1.1,-4.5,-13.6,5.1,0,35484,0,34,0, 
19.7167,4.0,9.9,-1.4,-1.8,-6.1,-13.3,2.2,0,35490,0,35,0, 
19.7200,2.5,5.2,-9.3,-2.1,-6.6,-8.4,1.2,0,35496,0,36,0, 
19.7233,1.5,1.8,-10.1,-1.6,-7.3,-2.4,2.4,0,35502,0,37,0, 
19.7267,1.4,0.4,-5.0,-0.4,-8.6,0.2,4.6,0,35508,0,38,0, 
19.7300,2.2,0.7,1.2,0.9,-9.7,-2.8,5.6,0,35514,0,39,0, 
19.7333,3.6,1.8,4.7,2.1,-9.3,-9.9,4.1,0,35520,0,40,0, 
19.7367,5.3,2.8,5.4,3.4,-7.2,-16.5,0.4,0,35526,0,41,0, 
19.7400,6.7,3.2,5.1,4.8,-4.4,-18.1,-3.4,0,35532,0,42,0, 
19.7433,7.4,2.3,5.5,5.8,-1.8,-13.1,-5.5,0,35538,0,43,0, 
19.7467,6.9,-0.1,5.9,5.6,-0.2,-4.2,-5.5,0,35544,0,44,0, 
19.7500,5.3,-3.3,4.3,3.8,0.7,3.5,-4.7,0,35550,0,45,0, 
19.7533,3.3,-6.1,0.2,0.9,1.1,5.4,-4.9,0,35556,0,46,0, 
19.7567,1.7,-7.6,-5.2,-1.7,1.0,0.5,-7.0,0,35562,0,47,0, 
19.7600,0.6,-7.7,-9.2,-2.8,0.0,-8.4,-10.6,0,35568,0,48,0, 
19.7633,-1.0,-7.3,-10.7,-2.3,-2.1,-16.3,-14.0,0,35574,0,49,0, 
19.7667,-4.0,-7.8,-9.8,-1.1,-4.8,-19.3,-15.7,0,35580,0,50,0, 
19.7700,-8.4,-9.0,-7.6,-0.1,-7.3,-16.7,-15.2,0,35586,0,51,0, 
19.7733,-12.9,-9.5,-4.5,0.7,-8.4,-11.0,-12.8,0,35592,0,52,0, 
19.7767,-15.4,-7.3,0.2,1.8,-7.7,-5.4,-9.6,0,35598,0,53,0, 
19.7800,-14.7,-1.8,6.4,3.9,-5.2,-2.4,-6.3,0,35604,0,54,0, 
19.7833,-11.5,5.1,13.0,6.7,-2.3,-2.2,-3.8,0,35610,0,55,0, 
19.7867,-8.2,10.5,17.6,9.1,-0.1,-3.8,-2.6,0,35616,0,56,0, 
19.7900,-7.0,12.0,18.2,10.1,0.2,-5.6,-2.8,0,35622,0,57,0, 
19.7933,-8.3,10.1,15.1,9.4,-1.2,-7.1,-4.1,0,35628,0,58,0, 
19.7967,-10.5,7.2,10.1,7.6,-3.0,-8.2,-5.4,0,35634,0,59,0, 
19.8000,-11.6,6.0,5.5,5.7,-3.3,-8.9,-6.0,0,35640,0,60,0, 
19.8033,-10.7,7.5,2.3,4.4,-0.9,-8.8,-5.3,0,35646,0,61,0, 
19.8067,-9.0,10.3,0.8,3.5,3.6,-7.4,-3.5,0,35652,0,62,0, 
19.8100,-8.2,12.3,0.7,2.6,8.0,-4.8,-1.3,0,35658,0,63,0, 
19.8133,-8.9,12.3,2.0,1.4,9.8,-1.9,0.8,0,35664,0,64,0, 
19.8167,-10.3,10.8,4.4,-0.1,7.8,-0.2,2.5,0,35670,0,65,0, 
19.8200,-10.7,9.0,6.7,-1.6,3.5,-0.4,3.9,0,35676,0,66,0, 
19.8233,-9.1,8.1,7.0,-2.6,-0.6,-2.0,5.4,0,35682,0,67,0, 
19.8267,-6.1,8.5,4.8,-2.7,-1.9,-3.3,7.2,0,35688,0,68,0, 
19.8300,-3.2,9.5,1.3,-1.5,-0.3,-2.6,9.6,0,35694,0,69,0, 
19.8333,-1.5,10.4,-0.9,0.9,2.7,0.2,12.0,0,35700,0,70,0, 
19.8367,-0.8,10.8,0.3,3.7,5.1,3.7,14.1,0,35706,0,71,0, 
19.8400,-0.2,10.4,4.3,5.8,6.1,6.3,14.8,0,35712,0,72,0, 
19.8433,0.7,8.9,8.3,5.9,6.2,7.4,13.8,0,35718,0,73,0, 
19.8467,1.5,6.0,8.9,3.8,6.5,7.3,11.0,0,35724,0,74,0, 
19.8500,1.2,2.1,4.8,0.6,6.9,6.4,6.9,0,35730,0,75,0, 
19.8533,-0.5,-2.3,-2.3,-2.0,6.5,3.9,2.4,0,35736,0,76,0, 
19.8567,-2.8,-6.1,-9.2,-2.9,4.4,-1.0,-2.0,0,35742,0,77,0, 
19.8600,-4.6,-8.6,-12.9,-2.0,1.2,-7.6,-5.7,0,35748,0,78,0, 
19.8633,-5.6,-9.4,-12.2,-0.5,-0.9,-13.0,-8.3,0,35754,0,79,0, 
19.8667,-6.6,-8.7,-8.0,0.3,0.1,-13.4,-9.2,0,35760,0,80,0, 
19.8700,-8.7,-7.0,-2.5,0.1,4.3,-7.5,-7.9,0,35766,0,81,0, 
19.8733,-12.0,-4.9,2.1,-0.5,8.9,1.4,-4.7,0,35772,0,82,0, 
19.8767,-15.0,-2.7,4.0,-0.8,10.4,7.3,-0.6,0,35778,0,83,0, 
19.8800,-15.7,-0.5,3.3,-0.4,6.9,6.3,3.0,0,35784,0,84,0, 
19.8833,-12.8,1.8,1.6,0.3,0.3,0.1,4.8,0,35790,0,85,0, 
19.8867,-7.5,4.2,1.1,0.6,-5.1,-5.2,4.7,0,35796,0,86,0, 
19.8900,-2.2,6.0,2.5,0.4,-6.0,-4.0,3.6,0,35802,0,87,0, 
19.8933,1.0,6.5,4.9,0.1,-2.2,3.4,2.5,0,35808,0,88,0, 
19.8967,1.6,5.0,5.9,0.4,3.1,11.0,2.0,0,35814,0,89,0, 
19.9000,1.1,1.9,3.9,1.3,6.0,11.9,2.0,0,35820,0,90,0, 
19.9033,1.4,-1.5,-0.2,2.6,4.8,4.7,2.2,0,35826,0,91,0, 
19.9067,3.2,-3.2,-3.7,3.3,0.9,-5.5,2.5,0,35832,0,92,0, 
19.9100,5.7,-2.5,-4.3,2.9,-2.7,-11.6,3.0,0,35838,0,93,0, 
19.9133,7.2,-0.3,-2.4,1.5,-3.9,-10.2,3.4,0,35844,0,94,0, 
19.9167,6.3,1.2,-0.5,-0.1,-3.0,-4.6,3.0,0,35850,0,95,0, 
19.9200,3.3,0.3,-0.8,-1.1,-1.6,-1.2,0.9,0,35856,0,96,0, 
19.9233,-0.4,-2.6,-2.8,-0.9,-1.0,-3.7,-2.5,0,35862,0,97,0, 
19.9267,-2.7,-5.3,-4.0,0.5,-1.0,-10.0,-5.7,0,35868,0,98,0, 
19.9300,-2.4,-5.2,-2.1,2.6,-0.1,-14.1,-6.7,0,35874,0,99,0, 
19.9333,0.3,-1.8,2.5,4.8,2.0,-12.1,-4.7,0,35880,0,100,0, 
19.9367,3.8,2.7,6.9,6.3,4.7,-5.0,-0.6,0,35886,0,101,0, 
19.9400,5.9,5.4,8.4,7.0,6.4,2.1,3.3,0,35892,0,102,0, 
19.9433,5.4,4.7,6.9,6.7,6.2,4.5,5.0,0,35898,0,103,0, 
19.9467,2.6,1.5,5.1,5.7,4.8,1.8,4.2,0,35904,0,104,0, 
19.9500,-0.5,-1.3,5.7,4.4,3.3,-2.1,2.5,0,35910,0,105,0, 
19.9533,-1.8,-1.8,8.2,3.1,2.5,-3.5,1.9,0,35916,0,106,0, 
19.9567,-0.2,-0.1,9.5,2.0,1.9,-1.5,3.1,0,35922,0,107,0, 
19.9600,3.5,1.9,6.5,0.9,0.9,1.5,5.3,0,35928,0,108,0, 
19.9633,6.9,2.4,-0.4,-0.1,-0.5,2.8,7.3,0,35934,0,109,0, 
19.9667,8.0,1.4,-7.1,-0.9,-1.4,1.8,8.3,0,35940,0,110,0, 
19.9700,5.9,0.5,-9.2,-1.3,-0.6,0.8,8.9,0,35946,0,111,0, 
19.9733,2.0,1.2,-5.6,-1.2,1.8,2.3,9.8,0,35952,0,112,0, 
19.9767,-1.8,3.3,0.7,-0.6,4.1,6.2,11.1,0,35958,0,113,0, 
19.9800,-3.7,4.9,4.6,0.2,4.2,9.3,11.5,0,35964,0,114,0, 
19.9833,-3.3,4.0,3.1,0.8,1.4,7.7,9.5,0,35970,0,115,0, 
19.9867,-1.7,0.4,-2.4,1.0,-3.0,0.2,4.7,0,35976,0,116,0, 
19.9900,0.0,-4.0,-8.0,0.8,-6.4,-10.1,-1.3,0,35982,0,117,0, 
19.9933,0.9,-6.6,-10.0,0.6,-7.0,-17.8,-6.0,0,35988,0,118,0, 
19.9967,0.9,-5.7,-7.4,0.7,-4.9,-18.7,-7.3,0,35994,0,119,0, 
20.0000,0.3,-2.1,-2.5,1.1,-1.8,-12.7,-5.0,0,36000,0,120,0, 
20.0033,-0.6,2.1,1.8,1.4,0.3,-3.9,-1.0,0,36006,0,121,0, 
20.0067,-1.4,4.6,3.7,1.3,0.6,2.1,2.1,0,36012,0,122,0, 
20.0100,-2.2,5.0,3.4,0.6,-0.2,2.1,2.9,0,36018,0,123,0, 
20.0133,-2.8,4.0,2.3,-0.7,-0.9,-2.7,1.7,0,36024,0,124,0, 
20.0167,-3.1,3.2,2.1,-1.8,-0.8,-8.0,-0.1,0,36030,0,125,0, 
20.0200,-2.8,3.2,2.9,-2.3,-0.3,-10.0,-1.3,0,36036,0,126,0, 
20.0233,-2.2,3.8,4.2,-1.9,-0.3,-7.5,-1.3,0,36042,0,127,0, 
20.0267,-1.6,3.9,4.8,-1.3,-1.1,-2.6,-0.8,0,36048,0,128,0, 
20.0300,-1.5,2.9,4.1,-1.0,-2.2,1.2,-0.4,0,36054,0,129,0, 
20.0333,-2.1,0.9,2.3,-1.3,-3.0,2.2,-0.2,0,36060,0,130,0, 
20.0367,-3.0,-1.1,0.4,-1.9,-3.0,0.7,0.2,0,36066,0,131,0, 
20.0400,-3.5,-2.2,-0.5,-2.2,-2.6,-1.0,1.1,0,36072,0,132,0, 
20.0433,-2.8,-2.1,-0.3,-1.7,-2.3,-1.1,1.9,0,36078,0,133,0, 
20.0467,-0.9,-1.4,0.5,-0.6,-2.3,0.7,1.7,0,36084,0,134,0, 
20.0500,1.5,-1.0,0.9,0.3,-2.3,3.2,0.0,0,36090,0,135,0, 
20.0533,3.1,-1.0,0.8,0.3,-1.8,5.1,-2.5,0,36096,0,136,0, 
20.0567,3.0,-1.2,0.4,-0.8,-0.3,6.0,-4.4,0,36102,0,137,0, 
20.0600,1.6,-0.9,0.6,-2.7,1.7,6.1,-4.4,0,36108,0,138,0, 
20.0633,0.0,0.0,1.4,-4.6,3.6,6.0,-2.5,0,36114,0,139,0, 
20.0667,-0.3,0.8,2.0,-6.1,4.7,5.9,-0.4,0,36120,0,140,0, 
20.0700,1.0,0.6,1.4,-6.8,4.6,5.7,0.2,0,36126,0,141,0, 
20.0733,3.1,-0.9,-0.9,-7.0,3.6,5.0,-1.2,0,36132,0,142,0, 
20.0767,4.6,-3.2,-4.2,-6.7,2.2,3.9,-3.8,0,36138,0,143,0, 
20.0800,4.7,-5.0,-7.0,-6.1,0.9,2.8,-5.7,0,36144,0,144,0, 
20.0833,3.8,-5.8,-8.4,-5.5,-0.1,2.1,-5.7,0,36150,0,145,0, 
20.0867,3.1,-5.7,-8.4,-4.9,-0.9,2.2,-4.4,0,36156,0,146,0, 
20.0900,3.6,-5.6,-7.7,-4.4,-1.6,3.1,-3.3,0,36162,0,147,0, 
20.0933,4.7,-6.2,-7.2,-3.9,-2.5,4.7,-3.8,0,36168,0,148,0, 
20.0967,5.2,-7.3,-6.7,-3.2,-3.5,6.2,-5.9,0,36174,0,149,0, 
20.1000,4.1,-8.0,-6.0,-2.3,-4.3,7.2,-8.1,0,36180,0,150,0, 
20.1033,1.9,-7.4,-4.6,-1.2,-4.7,6.9,-8.8,0,36186,0,151,0, 
20.1067,0.1,-5.6,-2.7,-0.3,-4.5,5.4,-7.4,0,36192,0,152,0, 
20.1100,0.0,-3.5,-0.8,0.0,-3.9,3.4,-4.5,0,36198,0,153,0, 
20.1133,1.7,-2.0,0.5,-0.3,-3.3,1.7,-1.7,0,36204,0,154,0, 
20.1167,3.6,-1.4,1.5,-0.8,-2.8,1.1,0.0,0,36210,0,155,0, 
20.1200,4.3,-0.8,2.3,-0.7,-2.5,1.7,0.7,0,36216,0,156,0, 
20.1233,3.5,0.4,3.2,0.2,-1.9,3.2,1.5,0,36222,0,157,0, 
20.1267,2.5,2.8,3.9,2.0,-0.8,5.0,3.2,0,36228,0,158,0, 
20.1300,3.1,5.5,3.8,4.0,0.9,6.9,5.9,0,36234,0,159,0, 
20.1333,6.1,7.6,3.1,5.1,2.8,9.0,8.9,0,36240,0,160,0, 
20.1367,10.4,8.1,1.9,5.1,4.3,10.9,10.9,0,36246,0,161,0, 
20.1400,13.6,7.1,0.8,3.9,4.8,12.2,11.1,0,36252,0,162,0, 
20.1433,14.1,5.3,0.1,2.3,4.5,12.6,9.7,0,36258,0,163,0, 
20.1467,11.9,3.6,-0.3,1.1,3.7,12.0,7.3,0,36264,0,164,0, 
20.1500,8.6,2.6,-0.5,0.8,3.2,11.1,4.6,0,36270,0,165,0, 
20.1533,6.4,2.4,-0.3,1.2,3.6,10.5,2.3,0,36276,0,166,0, 
20.1567,6.5,2.8,0.3,1.8,4.5,10.5,0.5,0,36282,0,167,0, 
20.1600,8.4,3.4,1.5,2.1,5.5,10.4,-0.8,0,36288,0,168,0, 
20.1633,10.6,3.9,2.9,2.2,5.8,9.5,-1.7,0,36294,0,169,0, 
20.1667,12.0,4.1,4.1,2.6,4.9,7.2,-2.5,0,36300,0,170,0, 
20.1700,12.3,4.3,5.1,3.4,3.1,4.4,-3.1,0,36306,0,171,0, 
20.1733,12.1,4.8,6.1,4.5,1.2,2.3,-3.2,0,36312,0,172,0, 
20.1767,12.2,6.1,7.9,5.3,0.1,2.0,-2.6,0,36318,0,173,0, 
20.1800,12.6,8.2,10.4,4.9,0.3,3.8,-1.4,0,36324,0,174,0, 
20.1833,12.9,10.7,12.6,3.4,1.9,6.6,0.4,0,36330,0,175,0, 
20.1867,12.5,12.4,13.3,1.2,4.4,9.1,2.3,0,36336,0,176,0, 
20.1900,11.3,12.6,11.6,-0.6,7.0,10.6,3.8,0,36342,0,177,0, 
20.1933,9.7,11.0,8.0,-1.3,9.1,11.1,4.8,0,36348,0,178,0, 
20.1967,8.1,8.3,4.1,-1.1,10.2,11.3,5.4,0,36354,0,179,0, 
20.2000,6.6,5.8,1.6,-0.7,10.6,11.3,5.7,0,36360,0,180,0, 
20.2033,5.1,4.1,1.0,-0.9,10.3,10.7,5.5,0,36366,0,181,0, 
20.2067,3.5,3.2,1.4,-2.1,9.7,8.9,4.6,0,36372,0,182,0, 
20.2100,1.6,2.3,1.5,-3.9,8.7,5.6,2.6,0,36378,0,183,0, 
20.2133,0.0,0.7,0.4,-5.5,7.3,1.7,-0.3,0,36384,0,184,0, 
20.2167,-1.2,-1.4,-1.2,-6.0,5.3,-1.3,-3.1,0,36390,0,185,0, 
20.2200,-1.9,-2.9,-1.7,-5.3,2.9,-2.2,-4.6,0,36396,0,186,0, 
20.2233,-1.9,-2.8,0.0,-3.6,0.7,-0.8,-4.0,0,36402,0,187,0, 
20.2267,-0.9,-1.0,3.6,-1.5,-0.9,2.3,-1.4,0,36408,0,188,0, 
20.2300,1.3,1.6,7.2,0.5,-1.5,5.1,1.9,0,36414,0,189,0, 
20.2333,4.5,4.0,8.8,2.0,-1.2,6.2,4.4,0,36420,0,190,0, 
20.2367,7.6,5.3,8.1,2.9,-0.4,5.1,5.2,0,36426,0,191,0, 
20.2400,9.0,5.9,6.5,3.6,0.5,2.9,4.6,0,36432,0,192,0, 
20.2433,8.1,6.6,6.4,4.1,1.5,1.2,3.8,0,36438,0,193,0, 
20.2467,5.5,7.9,8.3,4.4,3.0,1.5,3.9,0,36444,0,194,0, 
20.2500,3.3,9.1,11.0,4.5,5.0,3.5,5.1,0,36450,0,195,0, 
20.2533,2.8,9.4,11.8,4.2,7.2,5.7,6.6,0,36456,0,196,0, 
20.2567,4.3,7.9,8.8,3.6,8.5,6.1,7.3,0,36462,0,197,0, 
20.2600,5.9,5.1,3.1,2.9,8.2,3.8,6.8,0,36468,0,198,0, 
20.2633,5.8,2.4,-2.0,2.4,6.3,0.2,5.4,0,36474,0,199,0, 
20.2667,3.5,1.0,-3.5,2.2,3.8,-2.3,3.7,0,36480,0,200,0, 
20.2700,0.1,1.1,-0.7,2.3,1.7,-2.2,2.2,0,36486,0,201,0, 
20.2733,-2.3,1.6,3.8,2.3,0.7,-0.3,0.6,0,36492,0,202,0, 
20.2767,-2.6,1.2,6.2,2.0,0.2,1.1,-1.5,0,36498,0,203,0, 
20.2800,-1.5,-0.7,4.3,1.5,-0.7,-0.4,-3.9,0,36504,0,204,0, 
20.2833,-0.4,-3.4,-0.7,1.3,-2.5,-4.3,-6.0,0,36510,0,205,0, 
20.2867,-0.6,-5.5,-5.4,1.4,-4.7,-7.8,-7.1,0,36516,0,206,0, 
20.2900,-1.7,-6.0,-7.0,1.9,-6.1,-7.9,-7.1,0,36522,0,207,0, 
20.2933,-2.7,-5.6,-5.3,2.1,-6.0,-4.2,-7.4,0,36528,0,208,0, 
20.2967,-3.0,-5.8,-2.7,1.6,-4.4,0.6,-9.3,0,36534,0,209,0, 
20.3000,-3.1,-8.1,-2.5,0.0,-2.7,2.2,-13.3,0,36540,0,210,0, 
20.3033,-4.0,-12.1,-5.6,-2.0,-1.8,-1.4,-18.0,0,36546,0,211,0, 
20.3067,-6.0,-15.9,-10.4,-3.8,-2.3,-8.4,-21.0,0,36552,0,212,0, 
20.3100,-8.0,-17.1,-13.8,-4.5,-3.5,-14.9,-20.4,0,36558,0,213,0, 
20.3133,-8.6,-15.0,-13.5,-4.0,-4.4,-17.1,-16.4,0,36564,0,214,0, 
20.3167,-7.0,-10.6,-9.7,-2.5,-4.3,-14.6,-11.3,0,36570,0,215,0, 
20.3200,-3.9,-6.3,-4.7,-0.6,-3.4,-9.9,-7.6,0,36576,0,216,0, 
20.3233,-1.2,-4.1,-0.7,1.1,-2.5,-5.8,-6.7,0,36582,0,217,0, 
20.3267,-0.2,-4.1,1.4,2.7,-2.0,-3.5,-7.5,0,36588,0,218,0, 
20.3300,-0.3,-4.6,2.3,4.2,-2.3,-2.2,-8.2,0,36594,0,219,0, 
20.3333,-0.3,-3.9,3.2,5.8,-3.2,-0.4,-7.3,0,36600,0,220,0, 
20.3367,1.1,-1.6,4.8,7.4,-4.2,1.8,-5.4,0,36606,0,221,0, 
20.3400,3.7,1.2,6.1,8.9,-5.1,3.3,-3.9,0,36612,0,222,0, 
20.3433,6.2,2.3,6.5,9.9,-5.6,3.2,-4.2,0,36618,0,223,0, 
20.3467,7.1,0.9,5.5,10.1,-5.4,1.6,-6.0,0,36624,0,224,0, 
20.3500,6.2,-2.0,4.0,9.4,-4.4,0.4,-7.4,0,36630,0,225,0, 
20.3533,4.6,-4.4,2.7,7.8,-2.4,1.3,-6.9,0,36636,0,226,0, 
20.3567,3.4,-4.8,1.9,5.5,0.2,4.2,-4.5,0,36642,0,227,0, 
20.3600,3.5,-3.4,0.8,3.0,2.8,7.4,-1.6,0,36648,0,228,0, 
20.3633,4.5,-1.8,-1.2,0.8,5.1,9.2,-0.2,0,36654,0,229,0, 
20.3667,5.7,-1.3,-3.6,-0.7,6.6,9.2,-0.9,0,36660,0,230,0, 
20.3700,6.4,-2.2,-5.1,-1.2,7.4,8.2,-2.9,0,36666,0,231,0, 
20.3733,6.5,-3.4,-4.3,-0.9,7.5,7.5,-4.4,0,36672,0,232,0, 
20.3767,6.2,-3.3,-1.1,-0.1,6.9,7.3,-4.5,0,36678,0,233,0, 
20.3800,5.7,-1.6,2.9,0.9,5.5,6.8,-3.4,0,36684,0,234,0, 
20.3833,4.9,0.7,5.6,1.9,3.4,5.2,-2.3,0,36690,0,235,0, 
20.3867,4.1,2.2,5.7,2.8,0.9,2.8,-2.1,0,36696,0,236,0, 
20.3900,3.4,2.1,3.7,3.4,-1.5,1.0,-2.5,0,36702,0,237,0, 
20.3933,3.2,1.0,1.4,3.6,-3.4,1.2,-2.8,0,36708,0,238,0, 
20.3967,3.6,-0.2,0.3,3.2,-4.3,3.4,-2.6,0,36714,0,239,0, 
20.4000,4.1,-0.9,0.5,2.0,-4.2,5.9,-2.1,0,36720,0,240,0, 
20.4033,4.0,-1.1,0.9,0.4,-3.4,6.8,-1.9,0,36726,0,241,0, 
20.4067,2.7,-1.4,0.3,-1.4,-2.2,5.4,-2.3,0,36732,0,242,0, 
20.4100,0.2,-2.2,-1.6,-2.7,-0.6,2.8,-2.4,0,36738,0,243,0, 
20.4133,-2.5,-2.9,-3.6,-3.4,1.3,0.9,-1.4,0,36744,0,244,0, 
20.4167,-4.3,-2.9,-4.5,-3.4,3.4,1.3,1.1,0,36750,0,245,0, 
20.4200,-4.4,-2.0,-3.6,-3.0,5.7,3.8,4.4,0,36756,0,246,0, 
20.4233,-2.6,-0.5,-1.5,-2.6,7.9,6.9,7.0,0,36762,0,247,0, 
20.4267,0.4,0.8,0.5,-2.3,9.6,9.0,7.7,0,36768,0,248,0, 
20.4300,3.4,1.0,1.5,-2.2,10.3,9.4,6.2,0,36774,0,249,0, 
20.4333,5.3,0.1,1.4,-2.0,9.9,8.7,3.3,0,36780,0,250,0, 
20.4367,5.5,-1.6,0.7,-1.5,8.1,7.5,0.0,0,36786,0,251,0, 
20.4400,4.5,-3.6,0.0,-0.8,5.4,6.5,-2.7,0,36792,0,252,0, 
20.4433,3.0,-5.4,-0.5,-0.3,2.2,5.4,-4.8,0,36798,0,253,0, 
20.4467,2.0,-6.7,-0.8,-0.1,-0.6,4.0,-6.3,0,36804,0,254,0, 
20.4500,1.7,-7.4,-1.2,-0.4,-2.6,1.9,-7.2,0,36810,0,255,0, 
20.4533,2.0,-7.2,-1.5,-0.5,-3.6,-0.7,-7.3,0,36816,0,0,0, 
20.4567,2.3,-6.1,-1.2,0.3,-3.8,-3.2,-6.6,0,36822,0,1,0, 
20.4600,2.3,-4.2,0.0,2.2,-3.8,-5.1,-5.0,0,36828,0,2,0, 
20.4633,2.1,-2.0,2.2,5.0,-3.9,-6.0,-3.0,0,36834,0,3,0, 
20.4667,2.0,0.2,4.7,7.4,-4.2,-5.6,-1.2,0,36840,0,4,0, 
20.4700,2.0,2.0,6.5,8.5,-4.6,-4.2,0.1,0,36846,0,5,0, 
20.4733,2.0,3.2,7.0,7.6,-4.6,-2.3,0.7,0,36852,0,6,0, 
20.4767,1.5,3.9,5.9,5.3,-3.8,-0.8,0.6,0,36858,0,7,0, 
20.4800,0.6,4.3,3.8,2.7,-2.5,-0.2,0.3,0,36864,0,8,0, 
20.4833,-0.2,4.5,1.2,0.7,-1.2,-0.6,0.0,0,36870,0,9,0, 
20.4867,-0.5,4.7,-1.0,-0.6,-0.2,-1.1,0.2,0,36876,0,10,0, 
20.4900,0.1,5.2,-2.6,-1.3,0.3,-0.4,1.1,0,36882,0,11,0, 
20.4933,1.0,6.0,-3.4,-2.1,0.6,1.8,3.1,0,36888,0,12,0, 
20.4967,1.7,7.0,-3.3,-2.9,1.1,5.1,5.9,0,36894,0,13,0, 
20.5000,2.0,8.0,-2.3,-2.9,1.8,8.0,8.9,0,36900,0,14,0, 
20.5033,2.5,8.5,-0.7,-1.9,2.4,9.0,11.2,0,36906,0,15,0, 
20.5067,3.8,8.4,1.2,0.1,2.4,7.9,12.2,0,36912,0,16,0, 
20.5100,6.1,7.7,2.8,2.1,1.6,5.6,12.1,0,36918,0,17,0, 
20.5133,8.7,6.8,3.6,3.1,0.5,3.7,11.5,0,36924,0,18,0, 
20.5167,10.3,6.1,3.7,3.1,-0.3,3.0,11.1,0,36930,0,19,0, 
20.5200,10.4,6.1,3.6,2.6,-0.3,3.4,11.1,0,36936,0,20,0, 
20.5233,9.4,7.1,3.6,2.7,0.1,3.8,11.4,0,36942,0,21,0, 
20.5267,8.3,8.7,4.2,3.9,0.4,3.3,11.4,0,36948,0,22,0, 
20.5300,8.2,10.5,5.0,5.8,-0.3,1.9,10.5,0,36954,0,23,0, 
20.5333,9.0,11.8,5.9,7.2,-1.9,0.4,8.9,0,36960,0,24,0, 
20.5367,9.7,12.3,6.7,7.3,-3.8,-0.7,6.8,0,36966,0,25,0, 
20.5400,9.1,11.7,7.3,6.0,-5.3,-1.3,4.6,0,36972,0,26,0, 
20.5433,6.8,10.3,7.6,4.1,-6.1,-1.9,2.5,0,36978,0,27,0, 
20.5467,3.1,8.5,7.7,2.7,-6.3,-3.1,0.2,0,36984,0,28,0, 
20.5500,-0.7,6.8,7.4,2.1,-6.3,-4.4,-2.3,0,36990,0,29,0, 
20.5533,-3.4,5.9,6.8,2.3,-5.7,-4.8,-4.5,0,36996,0,30,0, 
20.5567,-4.5,6.0,6.2,2.5,-4.3,-3.5,-5.4,0,37002,0,31,0, 
20.5600,-4.1,7.0,5.9,2.6,-1.9,-0.4,-4.4,0,37008,0,32,0, 
20.5633,-2.7,8.2,5.9,2.3,1.2,3.6,-1.7,0,37014,0,33,0, 
20.5667,-1.0,8.8,5.8,1.9,3.9,7.3,1.9,0,37020,0,34,0, 
20.5700,0.3,8.2,5.1,1.5,5.5,9.8,4.9,0,37026,0,35,0, 
20.5733,0.8,6.5,3.8,1.0,5.7,11.4,6.4,0,37032,0,36,0, 
20.5767,0.4,4.2,2.0,0.3,5.2,12.8,6.3,0,37038,0,37,0, 
20.5800,-0.7,2.2,0.1,-0.6,4.7,14.0,5.1,0,37044,0,38,0, 
20.5833,-2.0,1.0,-1.6,-1.6,4.7,14.5,3.5,0,37050,0,39,0, 
20.5867,-2.9,0.7,-2.8,-2.1,5.1,13.7,1.8,0,37056,0,40,0, 
20.5900,-3.2,0.7,-3.6,-2.1,5.5,11.7,0.4,0,37062,0,41,0, 
20.5933,-3.1,0.8,-3.9,-1.4,5.6,9.4,-0.3,0,37068,0,42,0, 
20.5967,-3.4,1.0,-4.0,-0.6,5.2,7.8,-0.3,0,37074,0,43,0, 
20.6000,-4.5,1.2,-3.9,-0.1,4.4,7.7,0.5,0,37080,0,44,0, 
20.6033,-6.6,1.4,-3.5,-0.2,3.2,8.3,1.5,0,37086,0,45,0, 
20.6067,-9.0,1.2,-2.9,-0.7,1.8,8.9,2.1,0,37092,0,46,0, 
20.6100,-10.4,0.2,-2.2,-1.0,0.2,8.8,1.8,0,37098,0,47,0, 
20.6133,-10.2,-1.4,-1.7,-0.6,-0.8,8.4,0.6,0,37104,0,48,0, 
20.6167,-8.4,-3.5,-1.8,0.5,-0.8,8.4,-1.1,0,37110,0,49,0, 
20.6200,-6.5,-5.8,-2.9,1.6,-0.1,8.9,-2.7,0,37116,0,50,0, 
20.6233,-6.0,-8.0,-5.0,1.8,0.8,9.4,-4.4,0,37122,0,51,0, 
20.6267,-7.8,-10.3,-7.4,0.5,1.2,9.1,-6.2,0,37128,0,52,0, 
20.6300,-11.0,-13.0,-9.6,-1.7,1.0,8.1,-8.0,0,37134,0,53,0, 
20.6333,-13.8,-15.8,-11.0,-3.9,0.9,7.4,-9.7,0,37140,0,54,0, 
20.6367,-14.9,-18.8,-11.9,-5.0,1.8,8.1,-10.7,0,37146,0,55,0, 
20.6400,-14.1,-21.7,-13.1,-4.7,3.6,10.0,-11.3,0,37152,0,56,0, 
20.6433,-13.0,-24.7,-15.4,-3.7,5.3,11.7,-12.1,0,37158,0,57,0, 
20.6467,-13.2,-27.6,-18.7,-2.8,5.6,11.5,-14.1,0,37164,0,58,0, 
20.6500,-15.1,-30.1,-22.1,-2.5,3.8,8.7,-17.2,0,37170,0,59,0, 
20.6533,-17.3,-30.9,-24.1,-2.6,0.5,4.5,-20.4,0,37176,0,60,0, 
20.6567,-17.8,-29.2,-23.7,-2.3,-2.7,1.1,-22.0,0,37182,0,61,0, 
20.6600,-15.7,-25.1,-21.1,-1.4,-4.6,0.0,-20.9,0,37188,0,62,0, 
20.6633,-11.6,-19.8,-17.2,-0.2,-5.2,1.0,-17.3,0,37194,0,63,0, 
20.6667,-7.5,-15.1,-13.5,0.5,-5.2,2.9,-12.6,0,37200,0,64,0, 
20.6700,-4.8,-12.0,-10.9,0.1,-5.4,4.6,-8.3,0,37206,0,65,0, 
20.6733,-3.6,-10.6,-9.9,-1.3,-5.9,6.0,-5.4,0,37212,0,66,0, 
20.6767,-2.6,-9.8,-10.2,-3.1,-5.9,7.7,-3.5,0,37218,0,67,0, 
20.6800,-0.9,-8.6,-11.2,-4.4,-4.8,9.8,-1.9,0,37224,0,68,0, 
20.6833,1.5,-7.0,-12.1,-4.8,-3.0,11.7,-0.4,0,37230,0,69,0, 
20.6867,3.4,-6.0,-12.6,-4.5,-1.4,12.6,0.8,0,37236,0,70,0, 
20.6900,3.6,-6.3,-12.7,-4.0,-0.9,12.7,1.3,0,37242,0,71,0, 
20.6933,2.1,-8.0,-12.6,-3.7,-1.6,13.0,0.9,0,37248,0,72,0, 
20.6967,0.2,-9.9,-12.5,-3.3,-2.7,14.7,0.1,0,37254,0,73,0, 
20.7000,-0.3,-10.8,-12.3,-2.6,-3.5,17.2,-0.8,0,37260,0,74,0, 
20.7033,1.1,-10.3,-11.7,-1.6,-3.7,18.4,-1.6,0,37266,0,75,0, 
20.7067,3.8,-9.6,-10.7,-0.5,-4.0,16.3,-2.6,0,37272,0,76,0, 
20.7100,5.9,-10.1,-9.7,0.0,-4.7,10.9,-4.2,0,37278,0,77,0, 
20.7133,6.3,-12.7,-9.5,-0.5,-6.0,4.7,-6.3,0,37284,0,78,0, 
20.7167,4.9,-16.9,-10.9,-2.1,-7.0,1.3,-8.3,0,37290,0,79,0, 
20.7200,2.7,-20.8,-13.6,-4.3,-6.8,2.3,-9.5,0,37296,0,80,0, 
20.7233,0.9,-22.8,-16.4,-6.3,-5.3,6.7,-10.0,0,37302,0,81,0, 
20.7267,0.0,-22.3,-18.0,-7.8,-2.9,11.1,-10.2,0,37308,0,82,0, 
20.7300,-0.4,-20.5,-18.0,-8.7,-0.6,13.3,-11.0,0,37314,0,83,0, 
20.7333,-1.2,-19.0,-17.2,-9.2,0.9,12.9,-12.6,0,37320,0,84,0, 
20.7367,-2.6,-18.8,-16.7,-9.6,1.4,11.7,-14.3,0,37326,0,85,0, 
20.7400,-4.1,-19.8,-16.9,-9.8,1.2,10.9,-15.2,0,37332,0,86,0, 
20.7433,-4.6,-20.3,-16.8,-9.4,0.5,10.2,-14.4,0,37338,0,87,0, 
20.7467,-3.2,-18.6,-14.9,-8.0,-0.2,8.6,-12.0,0,37344,0,88,0, 
20.7500,0.0,-13.9,-10.4,-5.8,-0.3,5.9,-8.4,0,37350,0,89,0, 
20.7533,3.6,-6.9,-4.4,-3.3,0.4,4.1,-4.3,0,37356,0,90,0, 
20.7567,6.5,0.7,0.8,-1.0,2.2,5.9,0.2,0,37362,0,91,0, 
20.7600,7.6,7.2,3.3,0.6,4.5,12.1,5.2,0,37368,0,92,0, 
20.7633,7.1,11.3,2.8,1.8,6.2,20.6,10.4,0,37374,0,93,0, 
20.7667,5.8,13.2,0.7,2.8,6.3,27.1,15.1,0,37380,0,94,0, 
20.7700,4.5,13.2,-1.0,3.6,4.5,27.7,17.6,0,37386,0,95,0, 
20.7733,3.4,12.1,-1.3,3.8,1.7,22.4,16.8,0,37392,0,96,0, 
20.7767,2.0,10.1,-0.5,3.1,-0.6,14.5,12.7,0,37398,0,97,0, 
20.7800,0.0,7.5,0.3,1.6,-1.3,8.7,6.8,0,37404,0,98,0, 
20.7833,-2.3,5.0,0.5,0.0,-0.6,7.6,2.0,0,37410,0,99,0, 
20.7867,-4.0,3.2,0.4,-0.7,0.6,10.5,0.5,0,37416,0,100,0, 
20.7900,-4.3,2.5,0.7,-0.5,1.2,14.0,2.7,0,37422,0,101,0, 
20.7933,-3.4,2.8,1.6,0.3,1.0,14.9,6.8,0,37428,0,102,0, 
20.7967,-1.8,3.4,2.8,0.9,0.5,12.6,9.9,0,37434,0,103,0, 
20.8000,-0.5,3.4,3.4,0.7,0.7,9.0,10.4,0,37440,0,104,0, 
20.8033,0.1,2.8,3.1,-0.3,1.7,6.7,8.2,0,37446,0,105,0, 
20.8067,0.5,2.1,2.1,-1.6,2.8,7.0,5.5,0,37452,0,106,0, 
20.8100,1.5,2.4,1.4,-2.6,3.1,9.0,4.3,0,37458,0,107,0, 
20.8133,3.4,4.2,1.9,-3.1,2.2,10.7,5.6,0,37464,0,108,0, 
20.8167,5.7,7.0,3.7,-3.2,1.2,11.1,8.5,0,37470,0,109,0, 
20.8200,7.3,9.7,6.3,-2.8,1.2,11.1,11.1,0,37476,0,110,0, 
20.8233,7.4,11.3,8.7,-1.9,2.8,12.3,11.8,0,37482,0,111,0, 
20.8267,6.0,11.3,9.9,-0.4,5.0,15.8,10.1,0,37488,0,112,0, 
20.8300,3.8,10.1,9.7,1.6,5.9,20.3,6.7,0,37494,0,113,0, 
20.8333,1.9,8.6,8.6,3.6,4.3,23.2,2.7,0,37500,0,114,0, 
20.8367,0.8,7.8,8.0,5.1,0.8,22.2,-1.1,0,37506,0,115,0, 
20.8400,0.5,8.3,8.8,5.8,-3.1,17.1,-3.8,0,37512,0,116,0, 
20.8433,0.9,10.1,11.2,5.7,-5.5,10.2,-4.7,0,37518,0,117,0, 
20.8467,1.8,12.6,14.1,5.1,-5.8,4.4,-3.6,0,37524,0,118,0, 
20.8500,3.2,15.1,15.5,4.2,-5.0,1.6,-0.6,0,37530,0,119,0, 
20.8533,4.8,16.7,14.1,3.0,-4.4,1.8,3.3,0,37536,0,120,0, 
20.8567,6.1,17.2,10.4,1.8,-4.7,3.9,6.8,0,37542,0,121,0, 
20.8600,6.7,16.6,6.3,0.9,-5.7,6.3,8.8,0,37548,0,122,0, 
20.8633,6.1,15.4,3.9,0.6,-6.5,8.3,9.3,0,37554,0,123,0, 
20.8667,4.7,13.7,3.7,0.7,-6.5,9.0,8.5,0,37560,0,124,0, 
20.8700,2.6,11.1,4.3,0.9,-5.8,7.9,6.9,0,37566,0,125,0, 
20.8733,0.3,7.3,3.4,0.4,-4.9,5.0,4.2,0,37572,0,126,0, 
20.8767,-2.4,2.1,0.4,-0.9,-4.0,1.4,0.4,0,37578,0,127,0, 
20.8800,-5.4,-3.4,-3.4,-2.7,-2.8,-0.8,-4.0,0,37584,0,128,0, 
20.8833,-8.2,-7.8,-5.2,-3.9,-1.3,0.1,-7.9,0,37590,0,129,0, 
20.8867,-9.8,-9.6,-3.7,-3.9,0.2,3.5,-10.1,0,37596,0,130,0, 
20.8900,-9.3,-8.9,-0.1,-2.9,0.4,6.4,-10.3,0,37602,0,131,0, 
20.8933,-6.4,-6.8,2.3,-1.9,-1.4,5.3,-9.3,0,37608,0,132,0, 
20.8967,-1.8,-5.4,0.8,-1.9,-4.8,-0.6,-8.6,0,37614,0,133,0, 
20.9000,2.5,-5.8,-4.1,-3.1,-8.2,-8.3,-8.7,0,37620,0,134,0, 
20.9033,4.9,-7.7,-9.3,-4.7,-9.3,-12.6,-9.1,0,37626,0,135,0, 
20.9067,4.1,-9.6,-11.3,-5.5,-7.3,-10.2,-8.9,0,37632,0,136,0, 
20.9100,0.7,-10.0,-8.9,-5.1,-2.9,-3.1,-7.9,0,37638,0,137,0, 
20.9133,-3.9,-8.4,-4.2,-3.9,1.8,3.5,-7.0,0,37644,0,138,0, 
20.9167,-7.9,-5.6,-0.8,-3.0,5.0,4.3,-7.4,0,37650,0,139,0, 
20.9200,-10.1,-2.6,-0.9,-2.8,5.8,-1.4,-9.4,0,37656,0,140,0, 
20.9233,-10.3,-0.5,-3.7,-3.2,4.9,-9.8,-11.9,0,37662,0,141,0, 
20.9267,-9.3,0.4,-6.3,-3.3,3.0,-15.6,-13.5,0,37668,0,142,0, 
20.9300,-8.4,0.5,-6.2,-2.5,0.7,-16.4,-13.3,0,37674,0,143,0, 
20.9333,-8.0,0.4,-3.0,-1.1,-1.6,-13.8,-12.0,0,37680,0,144,0, 
20.9367,-7.9,0.1,1.3,-0.1,-3.8,-11.2,-10.7,0,37686,0,145,0, 
20.9400,-7.5,-0.2,4.2,-0.1,-5.5,-10.6,-9.8,0,37692,0,146,0, 
20.9433,-6.0,-0.3,4.4,-1.0,-6.0,-10.7,-8.7,0,37698,0,147,0, 
20.9467,-3.3,0.1,3.0,-1.8,-5.3,-9.1,-6.5,0,37704,0,148,0, 
20.9500,-0.4,1.4,2.0,-1.6,-3.9,-4.2,-2.9,0,37710,0,149,0, 
20.9533,1.7,3.7,3.1,-0.1,-3.0,2.4,1.0,0,37716,0,150,0, 
20.9567,2.3,6.8,6.4,2.1,-2.7,7.8,4.1,0,37722,0,151,0, 
20.9600,1.4,10.2,10.8,3.9,-2.3,10.1,6.1,0,37728,0,152,0, 
20.9633,-0.2,13.6,14.5,4.7,-0.6,10.2,7.7,0,37734,0,153,0, 
20.9667,-1.7,16.5,16.6,4.4,3.1,10.3,10.4,0,37740,0,154,0, 
20.9700,-2.9,18.8,16.7,3.5,7.9,12.3,14.1,0,37746,0,155,0, 
20.9733,-4.0,20.1,15.2,2.5,11.7,16.0,17.7,0,37752,0,156,0, 
20.9767,-5.3,19.9,12.3,1.7,12.5,19.2,19.4,0,37758,0,157,0, 
20.9800,-6.7,18.1,8.3,1.0,9.8,19.5,18.4,0,37764,0,158,0, 
20.9833,-8.2,15.0,4.1,0.6,5.0,16.5,15.9,0,37770,0,159,0, 
20.9867,-9.5,11.6,1.2,0.7,0.6,11.3,13.8,0,37776,0,160,0, 
20.9900,-10.9,9.3,1.0,1.5,-1.3,6.1,13.3,0,37782,0,161,0, 
20.9933,-12.4,8.5,3.9,2.7,-0.6,2.4,13.9,0,37788,0,162,0, 
20.9967,-13.9,8.7,8.3,3.9,1.4,0.4,13.8,0,37794,0,163,0, 
21.0000,-14.7,8.5,11.3,4.5,2.4,-0.6,11.7,0,37800,0,164,0, 
21.0033,-13.9,7.0,10.6,4.4,1.4,-1.2,8.0,0,37806,0,165,0, 
21.0067,-11.3,4.5,6.4,4.1,-1.3,-1.7,4.3,0,37812,0,166,0, 
21.0100,-7.8,2.3,1.7,4.3,-3.9,-1.7,2.3,0,37818,0,167,0, 
21.0133,-4.6,1.9,0.2,5.4,-4.5,-1.2,2.1,0,37824,0,168,0, 
21.0167,-2.8,3.5,3.7,6.9,-2.8,-1.2,2.0,0,37830,0,169,0, 
21.0200,-2.5,5.8,10.2,8.3,-0.1,-3.0,-0.4,0,37836,0,170,0, 
21.0233,-2.8,6.9,15.4,8.8,1.5,-7.8,-6.3,0,37842,0,171,0, 
21.0267,-3.0,5.6,16.2,8.3,0.7,-14.9,-15.0,0,37848,0,172,0, 
21.0300,-3.0,2.4,12.1,7.2,-2.2,-22.0,-24.4,0,37854,0,173,0, 
21.0333,-3.6,-1.1,5.9,5.8,-5.2,-26.1,-32.3,0,37860,0,174,0, 
21.0367,-5.5,-3.8,0.7,4.6,-6.1,-25.4,-38.0,0,37866,0,175,0, 
21.0400,-8.5,-5.7,-1.9,3.4,-4.1,-21.6,-42.0,0,37872,0,176,0, 
21.0433,-11.8,-8.0,-2.9,2.5,-0.8,-18.1,-45.6,0,37878,0,177,0, 
21.0467,-14.4,-11.6,-4.0,1.9,1.5,-18.5,-48.7,0,37884,0,178,0, 
21.0500,-15.8,-16.1,-5.9,1.9,0.9,-22.8,-50.4,0,37890,0,179,0, 
21.0533,-16.4,-19.4,-7.7,2.4,-2.2,-27.1,-48.8,0,37896,0,180,0, 
21.0567,-16.9,-19.9,-8.1,2.7,-5.4,-26.2,-43.2,0,37902,0,181,0, 
21.0600,-17.4,-16.8,-6.6,2.5,-6.6,-17.6,-34.3,0,37908,0,182,0, 
21.0633,-17.2,-11.3,-4.1,1.5,-5.1,-3.8,-24.1,0,37914,0,183,0, 
21.0667,-15.3,-5.4,-1.6,0.5,-2.2,8.5,-14.5,0,37920,0,184,0, 
21.0700,-10.8,-0.5,0.3,0.4,-0.4,13.7,-6.1,0,37926,0,185,0, 
21.0733,-4.3,2.9,1.9,1.8,-0.8,10.8,1.5,0,37932,0,186,0, 
21.0767,2.6,5.5,3.8,4.4,-2.8,4.0,8.8,0,37938,0,187,0, 
21.0800,8.1,8.1,5.8,7.0,-4.5,-0.7,15.5,0,37944,0,188,0, 
21.0833,11.1,10.5,7.6,8.2,-4.4,-0.7,20.6,0,37950,0,189,0, 
21.0867,11.7,12.5,8.7,7.5,-2.5,2.5,22.9,0,37956,0,190,0, 
21.0900,10.9,13.2,8.7,5.3,-0.3,4.6,22.0,0,37962,0,191,0, 
21.0933,9.7,12.3,7.6,2.8,0.7,3.1,18.6,0,37968,0,192,0, 
21.0967,8.5,10.3,5.4,1.2,-0.1,-1.0,14.3,0,37974,0,193,0, 
21.1000,6.8,8.0,2.8,0.9,-1.7,-4.7,10.0,0,37980,0,194,0, 
21.1033,4.0,6.4,0.8,1.6,-2.9,-6.0,6.1,0,37986,0,195,0, 
21.1067,0.0,5.8,1.1,2.6,-2.9,-5.9,2.5,0,37992,0,196,0, 
21.1100,-4.4,6.0,3.7,3.2,-2.0,-6.8,-0.7,0,37998,0,197,0, 
21.1133,-7.9,6.4,7.4,3.2,-1.4,-9.5,-3.0,0,38004,0,198,0, 
21.1167,-9.5,6.1,9.4,2.7,-1.8,-12.4,-4.0,0,38010,0,199,0, 
21.1200,-8.9,5.0,8.1,2.5,-3.2,-12.5,-3.8,0,38016,0,200,0, 
21.1233,-6.7,3.5,4.5,3.0,-5.2,-9.2,-3.4,0,38022,0,201,0, 
21.1267,-4.0,2.8,1.5,4.5,-7.2,-5.1,-3.6,0,38028,0,202,0, 
21.1300,-1.3,3.7,2.2,6.5,-8.6,-3.4,-4.4,0,38034,0,203,0, 
21.1333,0.9,6.0,6.6,8.2,-9.2,-5.4,-4.6,0,38040,0,204,0, 
21.1367,2.7,8.6,11.7,8.8,-9.0,-8.1,-2.7,0,38046,0,205,0, 
21.1400,4.1,9.9,14.1,8.2,-7.7,-7.0,1.5,0,38052,0,206,0, 
21.1433,4.7,9.0,12.2,6.8,-5.5,-0.6,6.8,0,38058,0,207,0, 
21.1467,4.7,6.3,7.7,5.2,-2.3,8.3,11.1,0,38064,0,208,0, 
21.1500,4.4,2.4,3.4,3.8,1.5,14.4,12.6,0,38070,0,209,0, 
21.1533,3.9,-1.5,0.6,2.2,5.6,14.3,11.3,0,38076,0,210,0, 
21.1567,3.2,-4.9,-1.7,-0.3,9.7,9.8,8.8,0,38082,0,211,0, 
21.1600,2.1,-8.1,-5.5,-4.0,13.2,6.2,7.0,0,38088,0,212,0, 
21.1633,0.2,-11.2,-11.2,-8.1,15.7,7.1,6.8,0,38094,0,213,0, 
21.1667,-2.6,-14.2,-16.8,-11.5,16.5,11.8,7.3,0,38100,0,214,0, 
21.1700,-5.4,-16.8,-19.4,-13.0,15.4,15.2,7.0,0,38106,0,215,0, 
21.1733,-7.2,-18.3,-17.8,-12.2,12.6,13.1,5.2,0,38112,0,216,0, 
21.1767,-7.4,-18.0,-13.3,-10.1,9.1,6.0,3.1,0,38118,0,217,0, 
21.1800,-6.0,-15.8,-9.2,-7.9,5.9,-0.8,2.5,0,38124,0,218,0, 
21.1833,-3.7,-12.0,-7.7,-6.7,3.9,-1.6,4.8,0,38130,0,219,0, 
21.1867,-0.7,-7.2,-8.0,-6.2,3.0,4.4,9.4,0,38136,0,220,0, 
21.1900,3.1,-1.9,-7.7,-5.7,3.1,12.8,14.0,0,38142,0,221,0, 
21.1933,7.8,3.8,-3.8,-3.9,3.6,17.4,17.0,0,38148,0,222,0, 
21.1967,13.2,10.2,4.1,-0.4,4.3,15.3,18.0,0,38154,0,223,0, 
21.2000,18.5,17.3,14.0,3.9,5.1,9.5,18.5,0,38160,0,224,0, 
21.2033,22.6,24.4,22.3,7.6,6.0,6.2,20.3,0,38166,0,225,0, 
21.2067,25.0,29.9,26.4,9.7,7.2,9.4,23.7,0,38172,0,226,0, 
21.2100,25.7,32.3,26.3,10.0,8.5,17.5,27.1,0,38178,0,227,0, 
21.2133,25.3,30.9,23.8,9.5,9.9,24.8,28.2,0,38184,0,228,0, 
21.2167,24.2,26.9,21.3,9.3,11.2,26.0,26.0,0,38190,0,229,0, 
21.2200,22.0,22.2,19.7,10.0,12.1,20.5,21.4,0,38196,0,230,0, 
21.2233,18.6,18.0,18.0,10.8,12.3,12.9,16.4,0,38202,0,231,0, 
21.2267,13.8,14.8,14.7,10.4,11.5,8.9,12.8,0,38208,0,232,0, 
21.2300,8.5,11.9,9.4,8.1,10.2,11.1,11.0,0,38214,0,233,0, 
21.2333,3.5,8.5,3.9,4.4,8.8,16.8,9.7,0,38220,0,234,0, 
21.2367,-0.5,4.8,1.0,0.6,8.1,20.4,7.7,0,38226,0,235,0, 
21.2400,-3.3,1.3,1.6,-2.2,8.2,17.8,4.3,0,38232,0,236,0, 
21.2433,-4.9,-1.7,3.4,-3.7,8.9,9.5,0.3,0,38238,0,237,0, 
21.2467,-5.5,-4.9,2.5,-4.6,9.1,0.1,-3.4,0,38244,0,238,0, 
21.2500,-5.1,-9.0,-3.7,-5.6,8.2,-5.5,-6.0,0,38250,0,239,0, 
21.2533,-3.7,-13.7,-13.2,-6.2,6.0,-5.2,-7.2,0,38256,0,240,0, 
21.2567,-1.6,-17.0,-20.6,-5.5,3.2,-1.2,-7.3,0,38262,0,241,0, 
21.2600,0.7,-16.7,-20.5,-2.8,0.6,2.4,-6.3,0,38268,0,242,0, 
21.2633,2.5,-12.1,-12.4,1.4,-1.2,2.5,-4.4,0,38274,0,243,0, 
21.2667,3.8,-4.8,-1.0,5.5,-2.2,-0.6,-1.7,0,38280,0,244,0, 
21.2700,4.7,1.9,7.2,8.2,-2.7,-4.3,1.5,0,38286,0,245,0, 
21.2733,5.4,5.6,9.0,9.1,-2.7,-5.7,4.6,0,38292,0,246,0, 
21.2767,6.0,6.5,6.9,9.0,-2.1,-4.3,7.3,0,38298,0,247,0, 
21.2800,6.4,6.6,5.9,9.3,-0.4,-1.3,9.5,0,38304,0,248,0, 
21.2833,6.5,7.9,9.3,10.1,2.0,1.1,11.2,0,38310,0,249,0, 
21.2867,6.4,10.4,15.0,10.7,4.4,1.9,12.4,0,38316,0,250,0, 
21.2900,6.1,12.0,18.0,10.3,5.9,2.2,13.0,0,38322,0,251,0, 
21.2933,5.4,10.9,14.6,8.7,6.1,3.0,12.4,0,38328,0,252,0, 
21.2967,4.1,7.1,6.5,6.8,5.6,4.9,10.5,0,38334,0,253,0, 
21.3000,2.2,2.9,-1.0,5.8,5.3,6.9,7.9,0,38340,0,254,0, 
21.3033,0.5,0.8,-3.3,6.1,5.3,7.5,5.4,0,38346,0,255,0, 
21.3067,-0.2,1.6,0.3,6.9,5.2,5.9,3.8,0,38352,0,0,0, 
21.3100,0.4,4.1,5.8,7.4,4.1,3.2,3.7,0,38358,0,1,0, 
21.3133,2.0,6.3,9.3,7.2,1.6,1.1,4.6,0,38364,0,2,0, 
21.3167,3.4,7.2,9.6,6.6,-1.1,0.9,5.7,0,38370,0,3,0, 
21.3200,4.1,7.4,9.3,6.4,-2.2,2.2,6.2,0,38376,0,4,0, 
21.3233,4.2,8.5,11.0,6.6,-0.4,3.6,6.0,0,38382,0,5,0, 
21.3267,4.9,10.9,14.4,6.8,3.6,3.8,5.4,0,38388,0,6,0, 
21.3300,7.1,13.6,16.8,6.1,7.4,2.1,5.3,0,38394,0,7,0, 
21.3333,11.0,15.2,15.4,4.6,8.6,-0.3,6.1,0,38400,0,8,1, sound 
21.3367,15.3,14.8,10.3,3.3,6.7,-2.1,7.8,0,38406,0,9,0, 
21.3400,18.4,12.8,4.5,3.1,3.2,-2.1,10.2,0,38412,0,10,0, 
21.3433,19.3,10.4,0.8,4.3,0.7,-0.2,12.9,0,38418,0,11,0, 
21.3467,17.9,8.4,-0.3,6.0,0.9,2.8,15.7,0,38424,0,12,0, 
21.3500,15.3,6.6,-1.0,6.6,3.2,5.9,18.4,0,38430,0,13,0, 
21.3533,12.4,4.5,-3.6,5.3,5.6,8.3,20.5,0,38436,0,14,0, 
21.3567,9.9,2.2,-7.4,2.7,5.9,9.2,21.2,0,38442,0,15,0, 
21.3600,8.1,0.3,-9.7,0.5,3.8,8.0,19.9,0,38448,0,16,0, 
21.3633,7.0,-0.2,-7.9,-0.2,0.5,4.6,16.5,0,38454,0,17,0, 
21.3667,6.7,0.6,-2.5,0.6,-2.0,-0.3,11.9,0,38460,0,18,0, 
21.3700,7.0,1.9,2.7,1.9,-2.8,-5.3,7.5,0,38466,0,19,0, 
21.3733,7.6,2.5,3.9,2.1,-2.3,-8.8,4.2,0,38472,0,20,0, 
21.3767,8.1,1.7,0.5,0.6,-1.5,-9.5,2.4,0,38478,0,21,0, 
21.3800,8.1,-0.1,-4.3,-1.7,-1.0,-7.6,1.6,0,38484,0,22,0, 
21.3833,7.8,-1.8,-6.5,-3.5,-0.9,-4.5,1.5,0,38490,0,23,0, 
21.3867,7.7,-2.4,-4.4,-3.8,-0.5,-2.0,2.0,0,38496,0,24,0, 
21.3900,8.0,-1.6,0.1,-2.7,0.6,-0.9,3.6,0,38502,0,25,0, 
21.3933,8.9,0.4,3.3,-1.1,2.1,-0.7,6.4,0,38508,0,26,0, 
21.3967,9.8,2.8,2.9,0.1,3.4,-0.2,9.7,0,38514,0,27,0, 
21.4000,10.4,4.5,-0.4,0.6,3.8,1.4,12.2,0,38520,0,28,0, 
21.4033,10.2,4.3,-4.1,0.8,3.2,3.7,12.6,0,38526,0,29,0, 
21.4067,9.1,2.0,-6.0,1.4,1.9,5.7,10.6,0,38532,0,30,0, 
21.4100,7.1,-1.5,-5.8,2.6,0.4,6.4,7.4,0,38538,0,31,0, 
21.4133,4.6,-4.3,-4.5,3.8,-0.5,5.7,4.9,0,38544,0,32,0, 
21.4167,2.1,-4.1,-2.7,4.5,-0.4,4.5,4.6,0,38550,0,33,0, 
21.4200,0.5,-0.1,-0.1,4.5,1.0,3.7,6.7,0,38556,0,34,0, 
21.4233,0.0,6.0,3.8,4.2,3.1,3.8,9.7,0,38562,0,35,0, 
21.4267,0.5,10.9,8.2,4.0,4.8,4.1,11.6,0,38568,0,36,0, 
21.4300,0.7,11.4,10.9,3.9,4.9,3.0,10.6,0,38574,0,37,0, 
21.4333,-0.4,6.7,9.5,3.6,3.0,-0.9,6.6,0,38580,0,38,0, 
21.4367,-3.2,-1.3,3.3,2.3,0.0,-7.8,0.6,0,38586,0,39,0, 
21.4400,-6.7,-9.2,-6.1,-0.3,-2.4,-16.0,-5.3,0,38592,0,40,0, 
21.4433,-9.6,-14.1,-15.2,-3.5,-2.8,-22.2,-9.1,0,38598,0,41,0, 
21.4467,-10.8,-15.4,-20.8,-6.0,-1.0,-22.9,-9.5,0,38604,0,42,0, 
21.4500,-10.1,-14.0,-21.5,-6.8,1.7,-16.9,-6.7,0,38610,0,43,0, 
21.4533,-8.5,-11.4,-17.5,-5.2,3.3,-6.3,-1.8,0,38616,0,44,0, 
21.4567,-6.7,-8.2,-10.5,-1.9,3.1,4.3,3.4,0,38622,0,45,0, 
21.4600,-5.0,-4.0,-2.6,2.1,1.3,10.3,7.7,0,38628,0,46,0, 
21.4633,-2.8,1.3,4.4,5.6,-0.8,10.5,10.9,0,38634,0,47,0, 
21.4667,0.4,7.0,8.9,7.8,-2.2,7.3,13.7,0,38640,0,48,0, 
21.4700,3.9,11.8,10.8,8.9,-3.2,5.1,16.3,0,38646,0,49,0, 
21.4733,6.5,14.6,10.9,9.0,-4.2,6.0,18.4,0,38652,0,50,0, 
21.4767,7.3,15.4,10.9,8.6,-5.8,8.4,18.7,0,38658,0,51,0, 
21.4800,6.0,15.1,11.7,7.7,-7.4,8.3,15.8,0,38664,0,52,0, 
21.4833,3.5,14.2,13.1,6.2,-8.0,2.7,9.6,0,38670,0,53,0, 
21.4867,1.1,12.4,13.1,3.9,-6.9,-7.2,1.6,0,38676,0,54,0, 
21.4900,-0.9,8.5,10.1,0.6,-4.2,-16.7,-5.6,0,38682,0,55,0, 
21.4933,-2.6,1.9,3.7,-3.3,-1.2,-21.2,-9.8,0,38688,0,56,0, 
21.4967,-4.6,-6.3,-4.5,-7.0,0.7,-19.2,-10.4,0,38694,0,57,0, 
21.5000,-6.5,-13.9,-11.7,-9.7,1.1,-13.3,-8.5,0,38700,0,58,0, 
21.5033,-7.4,-19.0,-16.1,-10.6,0.5,-7.5,-6.0,0,38706,0,59,0, 
21.5067,-6.7,-20.9,-17.6,-9.7,-0.1,-4.2,-4.3,0,38712,0,60,0, 
21.5100,-4.5,-20.4,-17.1,-7.4,0.1,-2.7,-3.3,0,38718,0,61,0, 
21.5133,-2.3,-19.1,-15.6,-4.7,0.8,-1.1,-2.3,0,38724,0,62,0, 
21.5167,-1.6,-17.7,-13.1,-2.7,1.1,1.5,-0.7,0,38730,0,63,0, 
21.5200,-3.1,-15.7,-9.2,-1.8,0.4,3.9,1.2,0,38736,0,64,0, 
21.5233,-6.2,-12.8,-4.2,-1.7,-1.2,3.7,2.2,0,38742,0,65,0, 
21.5267,-9.4,-9.2,0.3,-2.0,-3.0,-0.3,1.4,0,38748,0,66,0, 
21.5300,-11.6,-6.1,2.0,-2.0,-4.3,-6.8,-1.5,0,38754,0,67,0, 
21.5333,-12.7,-4.7,0.2,-1.7,-4.9,-13.6,-5.5,0,38760,0,68,0, 
21.5367,-13.5,-5.1,-4.0,-1.4,-5.3,-18.4,-9.0,0,38766,0,69,0, 
21.5400,-14.3,-6.2,-7.7,-1.3,-6.1,-20.6,-10.7,0,38772,0,70,0, 
21.5433,-14.8,-6.5,-8.4,-1.5,-7.2,-20.5,-10.4,0,38778,0,71,0, 
21.5467,-14.4,-5.4,-5.7,-1.6,-8.0,-18.4,-8.3,0,38784,0,72,0, 
21.5500,-12.5,-3.9,-1.6,-1.0,-7.5,-14.1,-5.5,0,38790,0,73,0, 
21.5533,-9.3,-3.3,1.0,0.2,-5.3,-7.7,-2.7,0,38796,0,74,0, 
21.5567,-6.1,-4.6,0.3,1.4,-1.8,-0.6,-0.9,0,38802,0,75,0, 
21.5600,-3.8,-8.0,-3.3,1.9,1.6,4.8,-0.6,0,38808,0,76,0, 
21.5633,-3.2,-12.4,-7.7,1.1,3.5,6.0,-2.4,0,38814,0,77,0, 
21.5667,-3.7,-17.0,-10.8,-0.6,3.6,2.2,-6.1,0,38820,0,78,0, 
21.5700,-4.5,-21.2,-11.8,-2.5,2.5,-4.7,-10.7,0,38826,0,79,0, 
21.5733,-4.7,-24.4,-11.5,-3.6,1.7,-11.2,-14.5,0,38832,0,80,0, 
21.5767,-3.9,-25.9,-10.7,-4.0,2.2,-14.1,-15.9,0,38838,0,81,0, 
21.5800,-2.2,-24.7,-9.9,-3.8,3.9,-12.1,-14.1,0,38844,0,82,0, 
21.5833,-0.3,-20.2,-8.0,-3.7,5.5,-6.5,-10.1,0,38850,0,83,0, 
21.5867,1.5,-12.9,-3.6,-3.7,5.7,0.0,-5.6,0,38856,0,84,0, 
21.5900,2.7,-4.5,3.3,-3.5,4.0,4.7,-2.4,0,38862,0,85,0, 
21.5933,3.7,2.9,11.5,-2.4,1.4,6.5,-0.8,0,38868,0,86,0, 
21.5967,4.6,7.5,18.3,-0.3,-0.4,5.9,-0.4,0,38874,0,87,0, 
21.6000,5.2,9.0,21.5,2.4,-0.6,4.7,0.1,0,38880,0,88,0, 
21.6033,5.1,7.8,20.6,5.0,1.0,4.2,1.0,0,38886,0,89,0, 
21.6067,3.8,4.6,16.4,6.9,3.2,4.6,1.8,0,38892,0,90,0, 
21.6100,1.2,0.2,10.7,7.7,4.6,5.2,1.7,0,38898,0,91,0, 
21.6133,-2.0,-4.8,4.5,7.4,4.7,5.3,0.2,0,38904,0,92,0, 
21.6167,-4.9,-9.5,-1.6,6.3,3.8,4.6,-2.3,0,38910,0,93,0, 
21.6200,-6.5,-13.2,-7.2,4.5,2.8,3.6,-4.9,0,38916,0,94,0, 
21.6233,-7.0,-15.5,-11.8,2.2,2.2,2.4,-7.1,0,38922,0,95,0, 
21.6267,-7.1,-16.5,-14.8,-0.3,2.0,1.2,-8.7,0,38928,0,96,0, 
21.6300,-7.7,-17.0,-16.1,-2.8,1.9,-0.2,-9.6,0,38934,0,97,0, 
21.6333,-8.8,-16.9,-15.9,-5.0,1.6,-1.3,-9.3,0,38940,0,98,0, 
21.6367,-9.4,-15.5,-14.1,-6.8,1.2,-1.1,-6.7,0,38946,0,99,0, 
21.6400,-8.0,-11.4,-10.6,-7.6,1.2,1.7,-1.2,0,38952,0,100,0, 
21.6433,-3.7,-3.5,-4.7,-6.9,1.8,7.2,6.7,0,38958,0,101,0, 
21.6467,2.8,7.5,3.6,-4.7,2.8,14.4,15.4,0,38964,0,102,0, 
21.6500,10.0,19.4,13.0,-1.4,3.9,21.3,22.5,0,38970,0,103,0, 
21.6533,15.7,29.0,21.0,1.7,4.7,26.2,26.5,0,38976,0,104,0, 
21.6567,18.6,34.2,25.5,3.6,5.0,28.2,27.1,0,38982,0,105,0, 
21.6600,18.5,34.1,25.6,3.6,4.9,27.2,25.2,0,38988,0,106,0, 
21.6633,16.0,29.3,22.4,2.5,4.6,23.4,21.4,0,38994,0,107,0, 
21.6667,12.1,21.6,17.4,1.2,4.2,17.4,15.8,0,39000,0,108,0, 
21.6700,7.7,12.4,11.5,1.0,3.8,9.7,8.1,0,39006,0,109,0, 
21.6733,3.5,3.2,4.7,1.7,3.2,1.6,-1.5,0,39012,0,110,0, 
21.6767,-0.2,-4.8,-2.9,2.4,2.7,-5.4,-11.5,0,39018,0,111,0, 
21.6800,-3.5,-10.9,-10.3,1.9,2.3,-10.3,-19.7,0,39024,0,112,0, 
21.6833,-6.4,-14.5,-15.6,-0.5,2.0,-12.8,-23.9,0,39030,0,113,0, 
21.6867,-8.4,-16.0,-17.6,-4.4,1.9,-13.3,-23.6,0,39036,0,114,0, 
21.6900,-9.0,-15.8,-16.2,-8.4,2.1,-12.1,-19.3,0,39042,0,115,0, 
21.6933,-7.2,-14.1,-13.0,-11.1,2.4,-9.0,-12.7,0,39048,0,116,0, 
21.6967,-2.5,-10.7,-9.5,-11.7,2.7,-3.8,-5.1,0,39054,0,117,0, 
21.7000,4.3,-5.3,-6.2,-10.2,3.0,3.3,2.3,0,39060,0,118,0, 
21.7033,11.2,1.5,-2.4,-7.6,3.3,11.1,8.8,0,39066,0,119,0, 
21.7067,16.1,8.0,2.4,-5.0,3.5,17.6,13.5,0,39072,0,120,0, 
21.7100,17.5,12.3,7.6,-3.3,3.8,21.5,15.5,0,39078,0,121,0, 
21.7133,15.8,13.2,11.4,-3.0,4.0,22.3,14.3,0,39084,0,122,0, 
21.7167,12.8,11.2,12.5,-3.7,4.1,20.5,10.9,0,39090,0,123,0, 
21.7200,10.3,8.3,11.0,-4.7,4.2,17.3,6.8,0,39096,0,124,0, 
21.7233,8.9,6.5,8.2,-5.3,4.7,13.8,3.5,0,39102,0,125,0, 
21.7267,7.7,6.0,5.2,-5.2,6.1,11.1,1.6,0,39108,0,126,0, 
21.7300,5.1,5.4,2.3,-4.9,8.2,10.2,0.4,0,39114,0,127,0, 
21.7333,0.3,3.0,-1.1,-4.8,10.2,11.2,-1.8,0,39120,0,128,0, 
21.7367,-5.8,-1.5,-5.5,-5.0,10.7,12.9,-5.6,0,39126,0,129,0, 
21.7400,-11.1,-6.6,-9.7,-5.1,8.5,13.0,-10.5,0,39132,0,130,0, 
21.7433,-13.4,-9.7,-11.8,-4.3,3.8,9.3,-14.7,0,39138,0,131,0, 
21.7467,-12.0,-8.9,-10.2,-2.5,-1.8,1.9,-16.4,0,39144,0,132,0, 
21.7500,-7.8,-4.9,-4.9,-0.1,-6.4,-6.2,-15.1,0,39150,0,133,0, 
21.7533,-2.7,0.5,2.3,1.6,-8.6,-10.7,-11.6,0,39156,0,134,0, 
21.7567,1.5,5.1,9.1,2.0,-9.0,-8.8,-7.7,0,39162,0,135,0, 
21.7600,4.3,8.2,13.8,1.5,-8.8,-1.6,-4.3,0,39168,0,136,0, 
21.7633,6.1,10.5,16.1,1.4,-9.2,7.1,-1.1,0,39174,0,137,0, 
21.7667,8.0,13.3,16.8,2.8,-9.9,13.1,3.2,0,39180,0,138,0, 
21.7700,10.2,16.7,16.8,6.0,-9.6,15.3,9.2,0,39186,0,139,0, 
21.7733,12.5,19.5,16.8,9.6,-7.1,15.0,16.0,0,39192,0,140,0, 
21.7767,14.0,20.0,16.4,11.7,-2.8,14.4,21.0,0,39198,0,141,0, 
21.7800,13.7,17.2,15.4,11.2,1.6,14.0,21.5,0,39204,0,142,0, 
21.7833,11.5,11.3,12.9,8.4,4.1,12.2,16.1,0,39210,0,143,0, 
21.7867,7.5,3.7,8.7,5.3,3.9,7.2,5.7,0,39216,0,144,0, 
21.7900,2.7,-4.0,2.9,3.4,1.9,-0.8,-6.7,0,39222,0,145,0, 
21.7933,-2.2,-10.7,-3.7,3.1,0.0,-9.2,-17.9,0,39228,0,146,0, 
21.7967,-6.3,-15.8,-9.5,3.0,-1.0,-15.0,-25.7,0,39234,0,147,0, 
21.8000,-8.9,-18.8,-13.4,1.9,-1.3,-17.1,-29.7,0,39240,0,148,0, 
21.8033,-9.3,-19.6,-14.9,-0.8,-2.0,-16.7,-30.8,0,39246,0,149,0, 
21.8067,-7.4,-18.3,-14.6,-4.1,-3.7,-15.3,-30.5,0,39252,0,150,0, 
21.8100,-4.0,-16.0,-13.9,-6.0,-5.7,-13.8,-29.1,0,39258,0,151,0, 
21.8133,-0.2,-13.8,-13.2,-5.4,-7.0,-11.5,-26.7,0,39264,0,152,0, 
21.8167,2.8,-12.6,-12.2,-2.5,-6.8,-7.8,-22.6,0,39270,0,153,0, 
21.8200,4.5,-12.0,-9.7,1.3,-5.8,-3.4,-16.9,0,39276,0,154,0, 
21.8233,5.7,-10.8,-4.9,4.0,-4.9,0.5,-10.2,0,39282,0,155,0, 
21.8267,7.3,-7.8,1.5,4.7,-4.5,3.0,-3.3,0,39288,0,156,0, 
21.8300,10.2,-2.8,7.6,3.9,-3.9,5.2,2.8,0,39294,0,157,0, 
21.8333,13.6,2.8,11.4,2.6,-1.9,8.5,7.9,0,39300,0,158,0, 
21.8367,16.0,6.9,11.7,1.6,1.6,13.6,11.8,0,39306,0,159,0, 
21.8400,16.0,7.9,8.8,1.0,5.6,18.8,14.3,0,39312,0,160,0, 
21.8433,13.3,5.8,4.3,0.5,8.0,21.1,15.2,0,39318,0,161,0, 
21.8467,9.1,2.2,-0.2,-0.4,7.5,19.0,14.1,0,39324,0,162,0, 
21.8500,5.4,-1.0,-3.3,-1.5,4.5,13.1,11.3,0,39330,0,163,0, 
21.8533,3.2,-2.6,-4.3,-2.4,0.8,6.1,7.1,0,39336,0,164,0, 
21.8567,2.3,-3.0,-2.9,-2.4,-1.7,-0.2,1.9,0,39342,0,165,0, 
21.8600,1.5,-3.5,0.2,-1.5,-2.9,-5.7,-3.9,0,39348,0,166,0, 
21.8633,0.1,-5.2,3.6,0.0,-4.0,-11.5,-10.0,0,39354,0,167,0, 
21.8667,-1.7,-8.4,5.2,1.3,-6.5,-17.8,-15.8,0,39360,0,168,0, 
21.8700,-2.5,-12.3,3.5,1.8,-10.7,-22.7,-20.2,0,39366,0,169,0, 
21.8733,-1.4,-15.2,-0.9,1.5,-15.3,-23.4,-21.7,0,39372,0,170,0, 
21.8767,1.6,-15.4,-5.4,0.8,-18.1,-18.8,-19.7,0,39378,0,171,0, 
21.8800,5.1,-12.6,-6.7,0.1,-17.8,-10.7,-15.0,0,39384,0,172,0, 
21.8833,7.4,-7.5,-3.5,-0.2,-14.7,-2.7,-9.6,0,39390,0,173,0, 
21.8867,7.6,-1.9,2.5,0.0,-10.2,2.3,-5.9,0,39396,0,174,0, 
21.8900,6.3,2.2,7.5,0.5,-6.1,4.2,-4.7,0,39402,0,175,0, 
21.8933,4.5,4.3,8.8,0.9,-3.0,4.9,-5.2,0,39408,0,176,0, 
21.8967,3.6,4.8,6.5,1.1,-0.7,6.5,-5.7,0,39414,0,177,0, 
21.9000,3.8,5.0,3.7,1.1,1.4,8.8,-4.9,0,39420,0,178,0, 
21.9033,4.4,5.7,3.3,1.1,3.2,9.8,-3.4,0,39426,0,179,0, 
21.9067,4.2,6.3,5.6,1.0,4.4,7.7,-2.8,0,39432,0,180,0, 
21.9100,2.3,5.6,7.9,0.7,4.3,3.0,-4.9,0,39438,0,181,0, 
21.9133,-1.3,2.3,6.5,0.1,2.8,-2.1,-9.9,0,39444,0,182,0, 
21.9167,-5.6,-3.3,0.2,-1.0,0.2,-5.0,-15.9,0,39450,0,183,0, 
21.9200,-8.6,-9.2,-8.4,-2.2,-2.7,-5.2,-20.5,0,39456,0,184,0, 
21.9233,-8.6,-13.3,-14.8,-3.2,-5.4,-4.4,-22.0,0,39462,0,185,0, 
21.9267,-5.1,-14.2,-15.5,-3.3,-7.8,-4.7,-20.6,0,39468,0,186,0, 
21.9300,0.4,-12.1,-10.5,-2.4,-9.9,-6.5,-17.4,0,39474,0,187,0, 
21.9333,5.0,-8.6,-2.7,-0.4,-11.4,-8.5,-13.7,0,39480,0,188,0, 
21.9367,6.5,-5.4,4.1,1.9,-11.8,-8.0,-9.8,0,39486,0,189,0, 
21.9400,4.3,-3.4,7.0,3.8,-10.5,-4.1,-5.5,0,39492,0,190,0, 
21.9433,0.3,-2.5,4.9,4.3,-7.6,1.9,-0.7,0,39498,0,191,0, 
21.9467,-2.5,-2.5,-1.0,3.1,-4.0,7.0,3.5,0,39504,0,192,0, 
21.9500,-2.6,-3.3,-8.5,0.5,-0.9,8.4,5.6,0,39510,0,193,0, 
21.9533,-0.6,-4.7,-14.9,-2.3,0.4,5.4,4.8,0,39516,0,194,0, 
21.9567,0.8,-6.3,-17.8,-4.1,0.0,0.0,1.4,0,39522,0,195,0, 
21.9600,-0.6,-7.3,-16.7,-4.5,-1.2,-5.1,-2.7,0,39528,0,196,0, 
21.9633,-4.7,-6.7,-12.7,-3.6,-1.9,-8.1,-5.8,0,39534,0,197,0, 
21.9667,-9.0,-4.5,-8.5,-2.0,-1.5,-9.4,-7.1,0,39540,0,198,0, 
21.9700,-10.7,-1.3,-6.0,-0.4,-0.9,-10.9,-7.4,0,39546,0,199,0, 
21.9733,-8.6,1.6,-5.4,1.1,-1.7,-14.4,-8.2,0,39552,0,200,0, 
21.9767,-3.9,3.5,-5.1,2.8,-5.1,-20.0,-10.3,0,39558,0,201,0, 
21.9800,0.7,4.3,-3.3,4.7,-10.5,-26.0,-13.1,0,39564,0,202,0, 
21.9833,3.0,4.4,0.2,6.6,-16.1,-29.9,-15.5,0,39570,0,203,0, 
21.9867,2.8,4.1,3.6,8.0,-20.1,-30.0,-17.1,0,39576,0,204,0, 
21.9900,1.0,3.2,4.9,8.6,-21.6,-26.3,-18.2,0,39582,0,205,0, 
21.9933,-0.9,1.6,3.6,8.4,-21.9,-20.5,-19.8,0,39588,0,206,0, 
21.9967,-2.6,-0.6,1.2,8.0,-22.5,-14.8,-22.3,0,39594,0,207,0, 
22.0000,-3.9,-2.5,0.1,8.0,-24.4,-11.1,-24.8,0,39600,0,208,0, 
22.0033,-5.2,-3.3,1.7,8.2,-26.5,-10.2,-25.8,0,39606,0,209,0, 
22.0067,-6.4,-3.1,5.0,8.6,-27.0,-12.3,-24.8,0,39612,0,210,0, 
22.0100,-7.2,-2.8,7.3,8.5,-24.1,-16.3,-22.5,0,39618,0,211,0, 
22.0133,-8.0,-4.0,6.2,7.7,-18.3,-20.2,-20.7,0,39624,0,212,0, 
22.0167,-9.4,-7.2,1.4,6.1,-11.4,-21.6,-20.6,0,39630,0,213,0, 
22.0200,-12.0,-11.4,-5.3,3.8,-5.7,-18.9,-21.5,0,39636,0,214,0, 
22.0233,-15.5,-14.8,-11.2,0.9,-2.2,-12.8,-21.6,0,39642,0,215,0, 
22.0267,-19.1,-15.7,-14.0,-2.0,-0.5,-6.2,-19.4,0,39648,0,216,0, 
22.0300,-21.4,-13.6,-13.1,-4.3,0.9,-2.3,-14.9,0,39654,0,217,0, 
22.0333,-22.0,-10.0,-9.6,-5.5,2.9,-2.8,-9.4,0,39660,0,218,0, 
22.0367,-20.8,-6.6,-5.6,-5.2,5.5,-5.6,-4.5,0,39666,0,219,0, 
22.0400,-18.1,-4.8,-3.1,-3.5,7.7,-7.1,-0.6,0,39672,0,220,0, 
22.0433,-14.4,-4.5,-2.6,-1.0,8.5,-4.6,2.6,0,39678,0,221,0, 
22.0467,-9.8,-5.0,-3.6,1.5,7.9,1.0,5.6,0,39684,0,222,0, 
22.0500,-4.6,-5.0,-4.7,3.8,6.2,5.7,8.0,0,39690,0,223,0, 
22.0533,0.2,-3.9,-4.7,5.6,4.2,5.2,8.7,0,39696,0,224,0, 
22.0567,3.7,-1.9,-2.9,7.0,2.3,-1.0,7.0,0,39702,0,225,0, 
22.0600,5.0,1.2,0.3,8.0,0.3,-9.1,3.9,0,39708,0,226,0, 
22.0633,4.5,5.0,4.6,8.8,-2.1,-14.2,0.8,0,39714,0,227,0, 
22.0667,2.9,9.2,9.4,9.5,-5.0,-13.8,-0.6,0,39720,0,228,0, 
22.0700,1.2,12.9,13.6,10.6,-8.2,-10.1,-0.7,0,39726,0,229,0, 
22.0733,-0.3,14.9,16.1,12.0,-11.2,-7.8,-0.7,0,39732,0,230,0, 
22.0767,-1.8,14.1,15.6,13.0,-13.6,-10.0,-2.2,0,39738,0,231,0, 
22.0800,-3.7,10.9,11.7,12.9,-14.6,-15.6,-5.5,0,39744,0,232,0, 
22.0833,-6.3,6.6,6.0,11.3,-14.0,-20.3,-9.5,0,39750,0,233,0, 
22.0867,-9.4,2.9,1.5,8.4,-11.7,-20.5,-12.8,0,39756,0,234,0, 
22.0900,-12.7,1.0,0.3,5.3,-7.9,-16.3,-14.8,0,39762,0,235,0, 
22.0933,-15.8,0.5,2.0,3.2,-3.3,-11.4,-15.5,0,39768,0,236,0, 
22.0967,-18.5,0.0,3.6,2.4,1.4,-9.5,-15.3,0,39774,0,237,0, 
22.1000,-20.2,-1.6,1.8,2.2,5.7,-11.2,-14.2,0,39780,0,238,0, 
22.1033,-20.8,-4.4,-4.6,1.7,9.3,-14.0,-12.0,0,39786,0,239,0, 
22.1067,-20.5,-7.7,-12.7,0.2,11.8,-14.2,-8.8,0,39792,0,240,0, 
22.1100,-20.2,-10.3,-17.8,-2.0,13.0,-10.5,-5.5,0,39798,0,241,0, 
22.1133,-20.8,-11.7,-16.8,-3.9,12.9,-5.1,-3.1,0,39804,0,242,0, 
22.1167,-22.5,-11.8,-10.4,-4.6,11.8,-1.0,-1.6,0,39810,0,243,0, 
22.1200,-24.4,-10.9,-3.1,-4.0,10.4,0.0,-0.1,0,39816,0,244,0, 
22.1233,-24.7,-9.3,0.4,-2.5,9.5,-1.0,2.3,0,39822,0,245,0, 
22.1267,-22.5,-7.3,-1.7,-1.1,9.3,-1.5,5.8,0,39828,0,246,0, 
22.1300,-18.3,-5.6,-7.1,-0.4,9.2,-0.1,9.0,0,39834,0,247,0, 
22.1333,-14.0,-4.8,-11.5,-0.6,8.0,2.1,10.1,0,39840,0,248,0, 
22.1367,-11.4,-5.3,-12.0,-1.3,5.1,2.7,8.3,0,39846,0,249,0, 
22.1400,-11.0,-6.5,-9.0,-1.7,0.9,0.0,4.7,0,39852,0,250,0, 
22.1433,-11.8,-7.2,-5.2,-1.5,-3.3,-5.1,1.4,0,39858,0,251,0, 
22.1467,-11.7,-6.3,-3.5,-0.6,-6.0,-9.8,0.4,0,39864,0,252,0, 
22.1500,-9.7,-4.1,-4.8,0.9,-6.7,-11.0,1.5,0,39870,0,253,0, 
22.1533,-6.6,-1.8,-7.3,2.4,-6.0,-8.0,3.0,0,39876,0,254,0, 
22.1567,-3.7,-1.1,-8.7,3.4,-5.2,-2.7,2.7,0,39882,0,255,0, 
22.1600,-2.5,-2.8,-7.9,3.6,-4.9,1.4,0.0,0,39888,0,0,0, 
22.1633,-3.0,-6.1,-5.5,2.9,-4.6,1.3,-4.3,0,39894,0,1,0, 
22.1667,-4.3,-9.0,-3.7,1.6,-3.2,-3.5,-8.1,0,39900,0,2,0, 
22.1700,-5.6,-10.2,-4.0,0.0,0.2,-10.2,-10.0,0,39906,0,3,0, 
22.1733,-6.9,-9.1,-6.3,-1.7,4.7,-14.5,-9.7,0,39912,0,4,0, 
22.1767,-8.5,-6.9,-8.9,-3.0,8.6,-13.7,-8.3,0,39918,0,5,0, 
22.1800,-10.6,-4.8,-10.0,-3.6,9.9,-8.6,-7.4,0,39924,0,6,0, 
22.1833,-12.8,-4.1,-9.0,-3.3,7.7,-3.6,-7.9,0,39930,0,7,0, 
22.1867,-14.4,-4.8,-7.2,-2.3,3.0,-3.7,-9.9,0,39936,0,8,0, 
22.1900,-14.9,-6.5,-6.4,-1.4,-1.7,-10.6,-12.2,0,39942,0,9,0, 
22.1933,-14.7,-8.2,-7.5,-1.0,-4.4,-20.8,-13.3,0,39948,0,10,0, 
22.1967,-14.5,-9.2,-9.1,-1.6,-4.0,-27.8,-11.9,0,39954,0,11,0, 
22.2000,-15.1,-8.9,-9.0,-2.7,-1.5,-26.4,-7.6,0,39960,0,12,0, 
22.2033,-15.9,-7.1,-5.4,-3.5,1.4,-16.8,-1.1,0,39966,0,13,0, 
22.2067,-15.9,-4.1,0.8,-3.4,2.9,-4.1,5.9,0,39972,0,14,0, 
22.2100,-14.3,-0.6,6.8,-2.3,2.5,5.3,11.9,0,39978,0,15,0, 
22.2133,-10.7,2.9,9.3,-0.7,0.8,8.9,16.7,0,39984,0,16,0, 
22.2167,-5.9,6.3,7.7,0.7,-0.8,9.1,21.1,0,39990,0,17,0, 
22.2200,-0.8,9.9,4.1,1.7,-1.2,11.2,26.0,0,39996,0,18,0, 
22.2233,3.5,13.7,1.9,2.4,-0.4,17.8,31.8,0,40002,0,19,0, 
22.2267,6.6,17.0,3.2,3.3,1.4,27.0,36.7,0,40008,0,20,0, 
22.2300,8.3,18.7,7.3,4.5,3.4,33.1,38.4,0,40014,0,21,0, 
22.2333,8.5,18.2,11.7,5.8,5.5,31.5,35.1,0,40020,0,22,0, 
22.2367,7.7,15.6,13.8,6.7,7.3,21.9,27.3,0,40026,0,23,0, 
22.2400,6.1,12.3,13.1,6.8,8.8,8.6,17.6,0,40032,0,24,0, 
22.2433,4.5,9.6,10.5,6.0,9.7,-2.7,9.4,0,40038,0,25,0, 
22.2467,3.4,8.3,7.5,4.4,9.9,-8.3,5.4,0,40044,0,26,0, 
22.2500,3.1,7.9,5.1,2.4,9.8,-7.7,6.1,0,40050,0,27,0, 
22.2533,3.5,7.6,3.3,0.2,9.9,-2.7,9.8,0,40056,0,28,0, 
22.2567,4.2,6.8,2.3,-1.7,10.9,4.4,14.3,0,40062,0,29,0, 
22.2600,4.6,5.8,2.5,-2.7,12.7,11.4,17.5,0,40068,0,30,0, 
22.2633,4.4,5.0,3.8,-2.5,14.3,16.4,18.1,0,40074,0,31,0, 
22.2667,3.5,4.6,5.5,-1.2,14.3,17.5,16.2,0,40080,0,32,0, 
22.2700,1.9,4.0,6.1,0.6,11.8,13.8,12.2,0,40086,0,33,0, 
22.2733,0.0,2.6,4.6,2.0,7.2,6.3,7.7,0,40092,0,34,0, 
22.2767,-1.8,0.6,1.8,2.3,2.0,-1.6,4.1,0,40098,0,35,0, 
22.2800,-3.0,-0.5,0.1,1.4,-1.8,-5.9,3.1,0,40104,0,36,0, 
22.2833,-3.3,0.5,1.4,-0.2,-3.0,-4.6,5.4,0,40110,0,37,0, 
22.2867,-2.3,4.1,5.5,-1.4,-1.8,1.3,10.3,0,40116,0,38,0, 
22.2900,0.0,9.3,10.3,-1.5,0.6,8.6,16.4,0,40122,0,39,0, 
22.2933,3.1,14.3,13.4,-0.5,2.8,14.0,21.7,0,40128,0,40,0, 
22.2967,6.2,17.5,13.9,0.8,4.1,16.1,25.2,0,40134,0,41,0, 
22.3000,7.9,18.7,13.1,1.8,4.9,15.8,26.5,0,40140,0,42,0, 
22.3033,7.5,18.2,12.5,1.7,6.4,14.7,26.0,0,40146,0,43,0, 
22.3067,5.0,16.5,11.9,0.7,9.1,14.2,24.3,0,40152,0,44,0, 
22.3100,1.6,13.9,9.9,-0.7,12.5,14.3,21.8,0,40158,0,45,0, 
22.3133,-1.1,10.1,5.0,-1.8,15.0,14.0,18.6,0,40164,0,46,0, 
22.3167,-1.9,5.5,-1.9,-2.4,15.3,12.3,15.2,0,40170,0,47,0, 
22.3200,-0.9,0.8,-7.5,-2.5,13.1,8.7,12.0,0,40176,0,48,0, 
22.3233,0.6,-2.9,-9.1,-2.5,10.1,3.8,9.5,0,40182,0,49,0, 
22.3267,1.3,-4.7,-6.3,-3.0,8.0,-0.6,7.9,0,40188,0,50,0, 
22.3300,1.1,-4.6,-1.9,-3.9,7.9,-2.4,7.5,0,40194,0,51,0, 
22.3333,0.9,-2.8,0.6,-5.0,9.2,-0.5,8.2,0,40200,0,52,0, 
22.3367,1.9,-0.1,-0.2,-5.9,9.8,4.5,9.5,0,40206,0,53,0, 
22.3400,4.2,3.1,-2.8,-6.4,8.3,10.0,10.9,0,40212,0,54,0, 
22.3433,6.9,5.9,-4.1,-6.3,4.9,12.8,11.6,0,40218,0,55,0, 
22.3467,8.2,7.7,-2.2,-5.7,1.4,11.2,11.3,0,40224,0,56,0, 
22.3500,7.3,7.9,2.4,-4.7,-0.4,6.5,10.1,0,40230,0,57,0, 
22.3533,5.3,6.7,6.9,-3.3,0.2,1.7,8.9,0,40236,0,58,0, 
22.3567,4.0,4.9,8.8,-1.4,2.3,-0.9,8.2,0,40242,0,59,0, 
22.3600,5.0,3.9,7.8,0.6,4.0,-0.8,8.5,0,40248,0,60,0, 
22.3633,8.2,4.8,5.3,2.5,4.6,0.6,9.8,0,40254,0,61,0, 
22.3667,12.0,8.0,3.4,3.8,4.3,1.8,11.8,0,40260,0,62,0, 
22.3700,14.3,12.5,3.4,4.0,4.6,3.0,14.5,0,40266,0,63,0, 
22.3733,14.3,16.7,4.9,2.9,6.5,5.2,17.6,0,40272,0,64,0, 
22.3767,12.5,18.8,6.2,0.6,9.6,8.8,20.4,0,40278,0,65,0, 
22.3800,10.6,17.9,5.6,-2.2,12.6,12.3,21.8,0,40284,0,66,0, 
22.3833,9.4,14.8,2.6,-5.2,14.1,13.8,20.8,0,40290,0,67,0, 
22.3867,8.9,11.0,-1.7,-7.4,13.5,12.5,17.8,0,40296,0,68,0, 
22.3900,8.0,8.4,-4.8,-8.6,11.3,10.0,14.0,0,40302,0,69,0, 
22.3933,6.1,7.9,-4.8,-8.5,8.6,9.2,11.4,0,40308,0,70,0, 
22.3967,3.7,8.6,-1.7,-7.4,6.7,11.3,10.9,0,40314,0,71,0, 
22.4000,2.6,9.0,1.8,-6.0,6.0,14.8,12.3,0,40320,0,72,0, 
22.4033,4.1,7.8,2.7,-4.7,6.7,16.5,14.3,0,40326,0,73,0, 
22.4067,8.1,5.1,-0.1,-3.6,8.3,14.4,15.8,0,40332,0,74,0, 
22.4100,12.5,2.5,-4.5,-2.8,10.4,10.0,16.5,0,40338,0,75,0, 
22.4133,14.8,1.8,-6.1,-1.9,12.1,7.1,17.0,0,40344,0,76,0, 
22.4167,13.5,3.7,-1.9,-0.7,12.9,8.8,17.7,0,40350,0,77,0, 
22.4200,9.4,7.0,7.1,0.7,12.3,14.6,18.2,0,40356,0,78,0, 
22.4233,5.1,9.6,16.1,2.1,10.4,20.6,17.7,0,40362,0,79,0, 
22.4267,3.2,10.5,20.2,3.2,7.6,22.4,15.7,0,40368,0,80,0, 
22.4300,4.1,9.8,17.4,3.7,4.7,18.0,12.6,0,40374,0,81,0, 
22.4333,6.3,9.0,10.2,3.5,2.5,9.9,9.5,0,40380,0,82,0, 
22.4367,7.2,9.0,3.3,2.9,1.6,2.3,7.4,0,40386,0,83,0, 
22.4400,5.2,9.5,-0.1,1.9,1.9,-1.4,5.9,0,40392,0,84,0, 
22.4433,1.0,9.5,0.2,0.5,2.9,-0.8,4.3,0,40398,0,85,0, 
22.4467,-3.3,8.0,1.8,-0.9,3.9,1.7,1.9,0,40404,0,86,0, 
22.4500,-5.8,5.1,2.2,-2.3,4.0,3.3,-0.8,0,40410,0,87,0, 
22.4533,-5.9,1.7,0.7,-3.3,3.2,3.2,-2.8,0,40416,0,88,0, 
22.4567,-4.7,-1.2,-2.2,-4.0,2.1,2.3,-3.1,0,40422,0,89,0, 
22.4600,-3.3,-3.6,-5.6,-4.3,1.2,1.8,-1.7,0,40428,0,90,0, 
22.4633,-2.4,-5.4,-8.7,-4.5,1.2,2.6,0.5,0,40434,0,91,0, 
22.4667,-1.9,-6.5,-10.3,-4.6,2.1,4.2,2.2,0,40440,0,92,0, 
22.4700,-1.1,-6.1,-9.1,-4.6,3.3,6.4,3.3,0,40446,0,93,0, 
22.4733,0.0,-3.8,-4.1,-4.3,4.2,9.0,4.2,0,40452,0,94,0, 
22.4767,0.9,0.4,3.9,-3.3,4.3,12.1,5.9,0,40458,0,95,0, 
22.4800,1.4,5.0,11.7,-1.6,3.5,15.2,8.5,0,40464,0,96,0, 
22.4833,1.7,8.6,15.6,0.4,2.2,16.7,11.4,0,40470,0,97,0, 
22.4867,2.3,10.2,13.6,2.0,0.9,15.4,13.8,0,40476,0,98,0, 
22.4900,3.5,10.3,7.5,2.7,0.1,11.8,15.0,0,40482,0,99,0, 
22.4933,4.6,9.9,1.0,2.0,0.1,7.9,15.1,0,40488,0,100,0, 
22.4967,5.1,9.6,-2.7,0.1,1.0,6.4,14.4,0,40494,0,101,0, 
22.5000,4.4,9.0,-3.0,-2.3,2.5,8.3,13.3,0,40500,0,102,0, 
22.5033,2.9,7.6,-1.7,-4.4,4.3,11.8,11.5,0,40506,0,103,0, 
22.5067,1.4,4.8,-1.4,-5.4,5.9,14.0,8.9,0,40512,0,104,0, 
22.5100,0.3,1.3,-3.1,-5.4,7.1,12.6,5.7,0,40518,0,105,0, 
22.5133,-0.5,-1.8,-6.1,-5.0,7.8,8.2,2.5,0,40524,0,106,0, 
22.5167,-1.5,-3.2,-8.7,-4.8,7.7,2.8,0.2,0,40530,0,107,0, 
22.5200,-2.5,-2.9,-9.8,-5.0,6.8,-0.9,-0.7,0,40536,0,108,0, 
22.5233,-2.6,-1.4,-9.3,-5.2,5.1,-1.9,-0.1,0,40542,0,109,0, 
22.5267,-1.3,0.6,-7.2,-4.9,3.2,-0.1,1.6,0,40548,0,110,0, 
22.5300,1.2,2.9,-3.4,-3.8,2.2,4.1,4.4,0,40554,0,111,0, 
22.5333,3.7,5.9,2.4,-2.4,3.2,10.1,8.0,0,40560,0,112,0, 
22.5367,4.7,9.8,9.5,-1.4,5.8,17.1,12.2,0,40566,0,113,0, 
22.5400,4.3,14.4,16.1,-1.1,8.7,22.7,16.1,0,40572,0,114,0, 
22.5433,3.6,18.8,20.0,-1.2,9.9,23.9,18.2,0,40578,0,115,0, 
22.5467,4.3,21.5,19.7,-0.8,8.5,19.6,17.8,0,40584,0,116,0, 
22.5500,6.8,21.8,16.0,0.3,5.6,12.2,15.0,0,40590,0,117,0, 
22.5533,9.7,19.9,11.1,1.7,3.6,6.5,11.6,0,40596,0,118,0, 
22.5567,10.9,17.1,7.2,2.4,4.2,5.9,9.5,0,40602,0,119,0, 
22.5600,9.4,14.7,5.2,1.7,7.0,9.7,9.5,0,40608,0,120,0, 
22.5633,6.2,13.5,4.2,-0.1,9.5,12.7,10.7,0,40614,0,121,0, 
22.5667,3.4,13.0,2.8,-2.1,9.1,10.0,11.1,0,40620,0,122,0, 
22.5700,2.2,12.3,0.3,-3.3,5.5,1.4,9.1,0,40626,0,123,0, 
22.5733,2.3,10.7,-2.6,-3.7,0.6,-7.9,5.0,0,40632,0,124,0, 
22.5767,1.6,8.0,-4.3,-3.8,-2.4,-11.4,0.3,0,40638,0,125,0, 
22.5800,-1.7,4.6,-3.6,-4.3,-2.4,-7.0,-3.2,0,40644,0,126,0, 
22.5833,-7.6,1.3,-1.0,-5.2,-0.6,1.3,-5.0,0,40650,0,127,0, 
22.5867,-14.2,-1.7,1.8,-5.9,0.7,6.6,-5.6,0,40656,0,128,0, 
22.5900,-18.8,-4.5,2.6,-5.6,0.0,5.2,-5.9,0,40662,0,129,0, 
22.5933,-20.0,-6.5,0.7,-4.4,-1.7,-0.1,-5.6,0,40668,0,130,0, 
22.5967,-18.3,-6.9,-2.3,-2.9,-1.9,-2.8,-3.5,0,40674,0,131,0, 
22.6000,-14.8,-4.6,-3.4,-2.0,0.9,1.8,1.2,0,40680,0,132,0, 
22.6033,-10.8,0.4,-0.6,-1.7,5.7,12.5,7.6,0,40686,0,133,0, 
22.6067,-6.8,6.8,5.8,-1.7,9.7,22.9,13.5,0,40692,0,134,0, 
22.6100,-2.7,12.3,12.2,-1.5,10.4,26.5,16.6,0,40698,0,135,0, 
22.6133,1.5,14.9,14.6,-1.3,7.5,21.6,15.9,0,40704,0,136,0, 
22.6167,5.3,14.1,11.2,-1.4,3.0,11.6,12.7,0,40710,0,137,0, 
22.6200,7.8,11.3,4.2,-2.0,-0.3,2.0,9.0,0,40716,0,138,0, 
22.6233,8.7,9.0,-1.4,-2.7,-0.9,-3.1,6.8,0,40722,0,139,0, 
22.6267,8.0,8.4,-1.5,-2.7,0.8,-3.4,6.3,0,40728,0,140,0, 
22.6300,6.1,9.6,4.3,-1.6,3.1,-0.9,6.6,0,40734,0,141,0, 
22.6333,3.8,10.9,11.2,-0.1,4.5,1.8,6.5,0,40740,0,142,0, 
22.6367,1.4,10.5,13.4,0.6,4.6,2.9,5.4,0,40746,0,143,0, 
22.6400,-0.7,8.0,7.7,-0.5,3.6,1.4,3.5,0,40752,0,144,0, 
22.6433,-2.3,4.2,-3.4,-3.0,2.4,-2.1,1.7,0,40758,0,145,0, 
22.6467,-3.7,0.8,-13.3,-5.3,1.4,-6.0,0.6,0,40764,0,146,0, 
22.6500,-5.3,-0.8,-15.7,-5.9,1.0,-7.7,0.4,0,40770,0,147,0, 
22.6533,-7.5,-0.7,-9.3,-4.5,1.2,-5.7,0.9,0,40776,0,148,0, 
22.6567,-9.9,0.3,1.4,-2.1,1.8,-0.8,1.1,0,40782,0,149,0, 
22.6600,-11.7,0.9,9.2,-0.1,2.2,3.6,0.4,0,40788,0,150,0, 
22.6633,-11.7,1.0,9.1,0.6,2.5,4.0,-1.5,0,40794,0,151,0, 
22.6667,-9.7,1.1,2.0,0.1,2.7,-0.6,-3.5,0,40800,0,152,0, 
22.6700,-6.3,2.1,-6.7,-0.6,3.4,-7.2,-4.4,0,40806,0,153,0, 
22.6733,-3.1,3.9,-11.3,-1.0,4.7,-11.3,-3.2,0,40812,0,154,0, 
22.6767,-1.3,5.9,-9.5,-1.0,6.0,-10.1,-0.3,0,40818,0,155,0, 
22.6800,-1.1,6.9,-3.4,-1.0,6.0,-4.8,2.8,0,40824,0,156,0, 
22.6833,-1.5,6.6,3.0,-1.0,4.0,0.1,4.5,0,40830,0,157,0, 
22.6867,-1.0,5.6,7.0,-0.4,0.7,1.2,4.5,0,40836,0,158,0, 
22.6900,0.6,5.2,8.4,1.2,-1.9,-2.0,3.6,0,40842,0,159,0, 
22.6933,2.9,6.0,8.4,3.3,-1.9,-6.1,3.5,0,40848,0,160,0, 
22.6967,4.5,7.6,7.3,5.0,0.8,-7.7,4.7,0,40854,0,161,0, 
22.7000,4.5,8.4,4.3,5.0,4.3,-5.4,6.4,0,40860,0,162,0, 
22.7033,2.8,7.5,-0.5,3.0,5.9,-0.9,7.3,0,40866,0,163,0, 
22.7067,0.3,5.6,-5.1,0.3,4.1,2.9,7.1,0,40872,0,164,0, 
22.7100,-1.9,4.3,-5.7,-1.5,-0.3,4.4,6.9,0,40878,0,165,0, 
22.7133,-2.9,5.3,0.0,-1.3,-4.4,3.8,8.3,0,40884,0,166,0, 
22.7167,-2.4,8.7,10.0,0.6,-5.8,2.3,11.5,0,40890,0,167,0, 
22.7200,-0.6,12.2,18.1,2.5,-4.0,-0.1,14.7,0,40896,0,168,0, 
22.7233,2.0,13.1,18.2,3.0,-1.0,-3.9,15.0,0,40902,0,169,0, 
22.7267,4.5,10.0,9.3,1.7,0.8,-9.3,10.8,0,40908,0,170,0, 
22.7300,5.8,3.8,-3.3,-0.3,0.1,-14.7,3.1,0,40914,0,171,0, 
22.7333,5.6,-2.2,-11.4,-1.8,-2.2,-17.0,-4.7,0,40920,0,172,0, 
22.7367,3.9,-5.2,-10.0,-2.0,-3.9,-14.5,-9.6,0,40926,0,173,0, 
22.7400,1.8,-4.4,-1.0,-1.4,-3.3,-8.0,-10.7,0,40932,0,174,0, 
22.7433,0.5,-1.5,8.3,-0.9,-0.5,-1.1,-9.6,0,40938,0,175,0, 
22.7467,1.1,1.0,10.8,-1.3,2.9,2.1,-8.7,0,40944,0,176,0, 
22.7500,3.4,1.4,5.1,-2.4,4.7,-0.2,-9.4,0,40950,0,177,0, 
22.7533,6.5,0.1,-4.1,-3.4,4.3,-6.2,-10.8,0,40956,0,178,0, 
22.7567,9.1,-0.9,-10.0,-3.6,2.5,-11.9,-11.0,0,40962,0,179,0, 
22.7600,9.9,-0.2,-8.9,-3.0,0.8,-13.3,-8.7,0,40968,0,180,0, 
22.7633,8.5,2.4,-2.7,-2.0,0.6,-9.2,-3.9,0,40974,0,181,0, 
22.7667,5.2,5.3,3.8,-1.3,2.1,-1.5,1.6,0,40980,0,182,0, 
22.7700,1.2,6.6,6.9,-0.9,4.4,6.3,6.2,0,40986,0,183,0, 
22.7733,-2.5,5.8,6.5,-0.8,6.3,11.0,9.1,0,40992,0,184,0, 
22.7767,-5.0,3.3,4.9,-0.7,6.8,11.3,10.3,0,40998,0,185,0, 
22.7800,-5.9,0.2,4.0,-0.7,5.8,8.3,10.4,0,41004,0,186,0, 
22.7833,-5.9,-2.5,3.4,-0.9,3.9,3.9,9.8,0,41010,0,187,0, 
22.7867,-5.6,-4.7,1.5,-1.3,2.0,0.1,8.6,0,41016,0,188,0, 
22.7900,-5.7,-6.1,-1.7,-1.8,1.2,-2.1,7.2,0,41022,0,189,0, 
22.7933,-6.3,-6.1,-4.2,-1.8,1.8,-2.6,6.3,0,41028,0,190,0, 
22.7967,-6.9,-4.3,-3.2,-1.2,3.5,-1.9,6.2,0,41034,0,191,0, 
22.8000,-6.7,-0.7,1.7,-0.2,5.1,-0.6,6.8,0,41040,0,192,0, 
22.8033,-5.2,3.3,7.5,0.8,5.4,0.7,7.2,0,41046,0,193,0, 
22.8067,-2.3,5.9,9.9,1.6,4.1,1.0,6.2,0,41052,0,194,0, 
22.8100,1.4,5.9,7.3,2.3,1.7,-0.2,3.6,0,41058,0,195,0, 
22.8133,5.2,4.0,2.2,3.2,-0.7,-2.9,0.3,0,41064,0,196,0, 
22.8167,8.3,2.2,-0.4,4.6,-1.9,-6.0,-2.1,0,41070,0,197,0, 
22.8200,10.3,2.2,2.4,6.1,-1.9,-7.3,-2.5,0,41076,0,198,0, 
22.8233,10.9,3.8,8.4,6.9,-1.3,-5.1,-1.1,0,41082,0,199,0, 
22.8267,10.4,5.5,12.1,6.3,-0.7,0.8,1.0,0,41088,0,200,0, 
22.8300,9.4,5.4,9.5,4.2,-0.2,8.2,2.4,0,41094,0,201,0, 
22.8333,8.6,3.2,1.8,1.5,0.6,13.1,2.6,0,41100,0,202,0, 
22.8367,8.5,0.4,-5.3,-0.4,2.1,12.8,1.8,0,41106,0,203,0, 
22.8400,8.8,-0.9,-5.6,-0.6,4.0,7.3,1.0,0,41112,0,204,0, 
22.8433,8.4,0.2,1.6,1.0,5.5,-0.1,0.6,0,41118,0,205,0, 
22.8467,6.4,2.4,11.5,3.1,5.6,-4.3,0.6,0,41124,0,206,0, 
22.8500,2.3,3.8,17.0,4.4,4.3,-2.3,0.8,0,41130,0,207,0, 
22.8533,-2.9,3.2,14.5,4.1,2.3,5.1,1.5,0,41136,0,208,0, 
22.8567,-7.3,1.3,6.2,2.6,0.7,13.3,3.1,0,41142,0,209,0, 
22.8600,-9.4,-0.2,-2.4,1.0,0.1,17.4,5.3,0,41148,0,210,0, 
22.8633,-8.6,-0.4,-6.9,0.4,0.3,15.0,7.0,0,41154,0,211,0, 
22.8667,-6.1,0.2,-7.1,0.6,0.7,7.8,6.8,0,41160,0,212,0, 
22.8700,-3.6,0.5,-5.7,0.9,0.7,-0.2,4.1,0,41166,0,213,0, 
22.8733,-2.6,-0.2,-4.7,0.6,0.5,-5.3,-0.1,0,41172,0,214,0, 
22.8767,-3.2,-0.9,-3.7,-0.3,0.7,-6.2,-3.4,0,41178,0,215,0, 
22.8800,-4.5,-0.1,-0.3,-0.7,1.5,-4.0,-3.4,0,41184,0,216,0, 
22.8833,-5.3,2.8,6.2,0.5,2.8,-0.4,0.2,0,41190,0,217,0, 
22.8867,-4.7,6.7,13.1,2.9,4.5,3.9,5.5,0,41196,0,218,0, 
22.8900,-2.7,9.1,16.2,5.0,6.3,8.4,9.7,0,41202,0,219,0, 
22.8933,0.3,8.3,13.0,5.2,7.9,12.3,10.4,0,41208,0,220,0, 
22.8967,3.7,4.9,5.5,2.9,9.1,13.7,7.6,0,41214,0,221,0, 
22.9000,6.4,1.1,-1.4,-0.5,9.4,11.1,3.2,0,41220,0,222,0, 
22.9033,7.9,-0.8,-3.1,-2.5,8.4,4.7,-0.5,0,41226,0,223,0, 
22.9067,7.8,-0.1,0.8,-1.6,6.3,-2.6,-2.1,0,41232,0,224,0, 
22.9100,6.3,1.8,6.6,1.5,3.6,-7.2,-2.0,0,41238,0,225,0, 
22.9133,4.3,2.5,9.3,4.8,1.6,-7.4,-1.6,0,41244,0,226,0, 
22.9167,2.4,0.3,6.7,5.9,0.7,-4.8,-2.3,0,41250,0,227,0, 
22.9200,1.1,-4.2,0.5,4.1,0.8,-2.5,-4.3,0,41256,0,228,0, 
22.9233,0.2,-9.1,-5.4,0.7,1.1,-2.7,-6.8,0,41262,0,229,0, 
22.9267,-0.4,-12.3,-7.9,-1.9,1.2,-4.7,-8.3,0,41268,0,230,0, 
22.9300,-1.0,-13.1,-6.8,-2.5,1.3,-6.0,-8.0,0,41274,0,231,0, 
22.9333,-1.3,-12.2,-4.7,-1.2,1.8,-4.5,-6.1,0,41280,0,232,0, 
22.9367,-1.2,-11.1,-4.0,0.3,3.5,-1.2,-3.7,0,41286,0,233,0, 
22.9400,-0.7,-10.6,-5.7,0.4,5.9,1.4,-2.1,0,41292,0,234,0, 
22.9433,-0.4,-10.4,-8.1,-1.2,7.9,0.9,-1.9,0,41298,0,235,0, 
22.9467,-0.5,-9.4,-8.7,-3.1,8.6,-2.5,-2.7,0,41304,0,236,0, 
22.9500,-0.9,-7.0,-6.2,-3.5,7.5,-6.1,-3.5,0,41310,0,237,0, 
22.9533,-1.3,-3.1,-1.5,-1.1,5.4,-7.6,-3.0,0,41316,0,238,0, 
22.9567,-1.0,1.2,3.5,3.6,3.6,-6.1,-0.3,0,41322,0,239,0, 
22.9600,-0.1,4.9,7.3,9.0,3.1,-3.0,4.0,0,41328,0,240,0, 
22.9633,0.9,7.4,9.3,12.9,3.8,0.3,8.9,0,41334,0,241,0, 
22.9667,1.6,8.5,10.2,14.0,5.2,3.4,12.8,0,41340,0,242,0, 
22.9700,1.8,8.7,10.6,12.3,6.2,7.0,14.6,0,41346,0,243,0, 
22.9733,1.8,7.8,10.1,9.0,6.3,10.8,13.6,0,41352,0,244,0, 
22.9767,1.8,5.7,8.2,5.5,5.5,13.2,10.3,0,41358,0,245,0, 
22.9800,1.6,2.2,5.1,2.9,4.4,12.0,5.4,0,41364,0,246,0, 
22.9833,1.2,-2.1,1.5,1.0,3.7,6.0,0.2,0,41370,0,247,0, 
22.9867,0.7,-6.0,-1.2,-0.7,3.6,-2.7,-4.1,0,41376,0,248,0, 
22.9900,0.5,-8.3,-2.1,-2.7,3.9,-10.4,-6.8,0,41382,0,249,0, 
22.9933,1.1,-8.3,-1.5,-4.5,4.1,-14.1,-7.9,0,41388,0,250,0, 
22.9967,2.4,-6.4,-0.2,-5.0,3.6,-13.2,-8.0,0,41394,0,251,0, 
23.0000,3.4,-3.5,1.7,-3.2,2.4,-9.9,-7.6,0,41400,0,252,0, 
23.0033,3.4,-0.4,4.2,0.8,0.8,-6.8,-6.6,0,41406,0,253,0, 
23.0067,2.7,2.4,7.2,5.6,-0.6,-5.0,-4.5,0,41412,0,254,0, 
23.0100,2.6,4.8,9.9,9.1,-1.4,-3.8,-0.7,0,41418,0,255,0, 
23.0133,4.4,6.7,10.3,9.8,-1.5,-1.9,4.2,0,41424,0,0,0, 
23.0167,7.7,7.8,8.1,8.0,-1.6,0.5,8.4,0,41430,0,1,0, 
23.0200,10.6,8.0,4.7,5.1,-2.3,1.7,9.7,0,41436,0,2,0, 
23.0233,10.8,7.5,3.0,3.0,-3.8,0.3,7.1,0,41442,0,3,0, 
23.0267,7.3,6.5,4.8,2.7,-5.5,-3.4,1.4,0,41448,0,4,0, 
23.0300,1.4,5.1,8.5,3.2,-6.6,-7.1,-4.9,0,41454,0,5,0, 
23.0333,-4.2,2.7,9.9,2.9,-6.4,-8.4,-9.7,0,41460,0,6,0, 
23.0367,-7.1,-1.7,5.0,0.8,-5.0,-6.9,-12.1,0,41466,0,7,0, 
23.0400,-7.6,-8.0,-5.6,-2.7,-3.2,-4.7,-13.3,0,41472,0,8,0, 
23.0433,-7.4,-15.2,-17.4,-6.3,-1.9,-4.3,-14.7,0,41478,0,9,0, 
23.0467,-8.7,-20.9,-24.1,-8.2,-1.5,-6.6,-16.4,0,41484,0,10,0, 
23.0500,-11.8,-22.9,-22.9,-8.0,-1.5,-9.7,-16.7,0,41490,0,11,0, 
23.0533,-15.2,-20.4,-16.0,-6.6,-1.2,-10.7,-13.8,0,41496,0,12,0, 
23.0567,-16.8,-14.6,-8.6,-5.1,-0.1,-7.8,-7.3,0,41502,0,13,0, 
23.0600,-15.7,-8.1,-4.7,-4.4,1.3,-2.3,0.7,0,41508,0,14,0, 
23.0633,-12.6,-3.3,-4.4,-4.2,2.2,3.1,7.3,0,41514,0,15,0, 
23.0667,-9.6,-1.2,-5.2,-3.8,2.0,6.0,10.0,0,41520,0,16,0, 
23.0700,-7.8,-1.1,-4.8,-3.0,1.1,6.2,9.1,0,41526,0,17,0, 
23.0733,-7.2,-1.6,-3.3,-1.8,0.3,5.0,6.4,0,41532,0,18,0, 
23.0767,-6.6,-1.6,-2.4,-1.0,0.3,3.8,3.8,0,41538,0,19,0, 
23.0800,-5.1,-0.8,-3.0,-1.0,1.1,3.0,2.4,0,41544,0,20,0, 
23.0833,-2.7,0.4,-3.9,-1.5,2.1,2.3,1.8,0,41550,0,21,0, 
23.0867,-0.3,1.7,-2.8,-1.7,2.7,1.7,1.5,0,41556,0,22,0, 
23.0900,1.1,2.7,0.8,-1.4,2.9,1.4,1.5,0,41562,0,23,0, 
23.0933,1.3,3.0,4.4,-0.6,2.8,1.8,1.5,0,41568,0,24,0, 
23.0967,0.7,2.2,4.2,0.1,2.7,1.8,1.0,0,41574,0,25,0, 
23.1000,-0.1,0.0,-1.1,0.0,2.4,0.2,-1.0,0,41580,0,26,0, 
23.1033,-0.9,-3.4,-8.8,-0.9,1.3,-3.7,-5.3,0,41586,0,27,0, 
23.1067,-2.2,-7.2,-14.1,-1.9,-0.5,-8.7,-11.0,0,41592,0,28,0, 
23.1100,-4.2,-10.0,-13.5,-2.4,-2.6,-12.2,-16.1,0,41598,0,29,0, 
23.1133,-6.7,-11.0,-7.8,-2.1,-4.5,-12.4,-18.5,0,41604,0,30,0, 
23.1167,-8.8,-10.4,-1.6,-1.3,-5.7,-10.4,-18.3,0,41610,0,31,0, 
23.1200,-9.5,-9.5,0.4,-0.5,-6.4,-9.0,-17.4,0,41616,0,32,0, 
23.1233,-8.4,-9.7,-3.1,-0.2,-7.1,-11.0,-18.5,0,41622,0,33,0, 
23.1267,-6.0,-11.2,-9.2,-0.5,-8.0,-16.5,-22.2,0,41628,0,34,0, 
23.1300,-3.1,-12.9,-13.6,-1.1,-8.9,-22.7,-26.5,0,41634,0,35,0, 
23.1333,-0.8,-12.9,-13.4,-1.5,-9.0,-25.9,-28.0,0,41640,0,36,0, 
23.1367,0.6,-10.1,-9.3,-1.5,-7.9,-24.6,-24.2,0,41646,0,37,0, 
23.1400,0.9,-5.4,-4.5,-1.0,-5.8,-19.9,-16.2,0,41652,0,38,0, 
23.1433,0.4,-0.9,-1.9,-0.4,-3.6,-14.8,-7.1,0,41658,0,39,0, 
23.1467,-0.9,1.2,-2.0,0.3,-1.8,-11.3,-0.5,0,41664,0,40,0, 
23.1500,-2.9,0.3,-3.3,1.0,-0.5,-9.7,2.3,0,41670,0,41,0, 
23.1533,-5.7,-2.5,-3.6,1.7,0.7,-8.8,2.4,0,41676,0,42,0, 
23.1567,-8.8,-5.6,-2.7,2.5,1.7,-7.5,2.0,0,41682,0,43,0, 
23.1600,-11.5,-7.8,-1.9,3.1,2.1,-5.9,2.6,0,41688,0,44,0, 
23.1633,-13.0,-9.1,-3.8,3.1,0.9,-5.1,3.7,0,41694,0,45,0, 
23.1667,-12.6,-10.4,-8.9,2.2,-2.0,-6.4,3.8,0,41700,0,46,0, 
23.1700,-10.3,-11.7,-15.0,0.6,-6.1,-10.0,1.6,0,41706,0,47,0, 
23.1733,-6.8,-12.2,-18.2,-0.9,-9.9,-15.1,-2.5,0,41712,0,48,0, 
23.1767,-3.2,-10.7,-15.5,-1.2,-12.2,-19.6,-7.0,0,41718,0,49,0, 
23.1800,-0.7,-7.0,-7.5,0.0,-12.4,-21.5,-9.7,0,41724,0,50,0, 
23.1833,0.5,-2.4,1.4,2.3,-11.1,-20.0,-9.6,0,41730,0,51,0, 
23.1867,0.8,1.0,6.3,4.5,-9.2,-16.0,-7.4,0,41736,0,52,0, 
23.1900,1.0,1.8,5.1,5.3,-7.3,-12.1,-5.4,0,41742,0,53,0, 
23.1933,1.6,0.1,0.4,4.6,-5.6,-10.8,-5.6,0,41748,0,54,0, 
23.1967,2.2,-2.5,-2.7,3.2,-4.1,-12.4,-8.7,0,41754,0,55,0, 
23.2000,2.1,-4.1,-0.3,2.3,-2.8,-14.9,-13.1,0,41760,0,56,0, 
23.2033,0.8,-4.0,6.6,2.7,-2.0,-15.0,-16.6,0,41766,0,57,0, 
23.2067,-1.7,-2.9,12.6,3.8,-1.7,-11.3,-17.1,0,41772,0,58,0, 
23.2100,-4.3,-2.0,12.3,4.6,-1.8,-5.3,-14.8,0,41778,0,59,0, 
23.2133,-6.2,-2.6,4.4,4.0,-1.8,-1.1,-11.5,0,41784,0,60,0, 
23.2167,-7.0,-4.4,-7.0,2.3,-1.6,-1.5,-9.8,0,41790,0,61,0, 
23.2200,-7.5,-6.7,-15.1,0.8,-1.3,-6.1,-10.7,0,41796,0,62,0, 
23.2233,-8.3,-8.3,-15.7,0.6,-1.5,-10.9,-13.1,0,41802,0,63,0, 
23.2267,-9.5,-8.8,-10.3,1.8,-2.2,-12.2,-14.7,0,41808,0,64,0, 
23.2300,-10.7,-8.4,-4.1,3.5,-3.1,-9.0,-13.9,0,41814,0,65,0, 
23.2333,-11.2,-7.4,-2.1,4.4,-3.4,-4.3,-10.5,0,41820,0,66,0, 
23.2367,-10.9,-6.2,-5.1,4.0,-2.9,-1.7,-6.0,0,41826,0,67,0, 
23.2400,-10.3,-4.8,-9.8,2.9,-1.7,-2.2,-1.7,0,41832,0,68,0, 
23.2433,-10.1,-3.0,-11.8,2.1,-0.5,-3.6,1.8,0,41838,0,69,0, 
23.2467,-10.2,-1.0,-9.3,2.2,0.1,-2.1,5.4,0,41844,0,70,0, 
23.2500,-9.5,1.1,-3.8,2.8,-0.1,3.7,9.7,0,41850,0,71,0, 
23.2533,-7.2,2.9,0.9,3.2,-0.8,11.5,14.8,0,41856,0,72,0, 
23.2567,-3.3,4.2,2.5,2.7,-1.5,17.0,19.4,0,41862,0,73,0, 
23.2600,1.0,4.9,1.2,1.4,-2.0,17.0,21.6,0,41868,0,74,0, 
23.2633,3.8,4.8,-1.0,0.2,-2.5,12.0,20.5,0,41874,0,75,0, 
23.2667,4.3,4.1,-2.2,-0.4,-3.1,5.0,15.9,0,41880,0,76,0, 
23.2700,2.8,2.9,-2.0,-0.3,-3.8,-0.6,9.1,0,41886,0,77,0, 
23.2733,0.7,1.3,-1.4,-0.1,-4.2,-3.7,1.7,0,41892,0,78,0, 
23.2767,-0.6,-0.3,-1.5,0.2,-4.1,-4.8,-4.6,0,41898,0,79,0, 
23.2800,-0.8,-1.5,-2.5,0.5,-3.4,-5.2,-8.4,0,41904,0,80,0, 
23.2833,-0.4,-1.8,-3.5,1.4,-2.8,-5.0,-9.1,0,41910,0,81,0, 
23.2867,0.2,-1.0,-3.1,2.8,-2.8,-3.8,-7.0,0,41916,0,82,0, 
23.2900,0.9,1.2,-0.8,4.0,-3.7,-1.6,-3.2,0,41922,0,83,0, 
23.2933,2.2,4.6,2.8,4.1,-4.7,0.7,0.8,0,41928,0,84,0, 
23.2967,4.3,8.5,5.5,2.9,-5.0,1.7,3.7,0,41934,0,85,0, 
23.3000,6.7,12.1,5.9,0.6,-4.2,1.0,5.1,0,41940,0,86,0, 
23.3033,8.6,14.2,3.6,-1.4,-2.3,-0.2,5.4,0,41946,0,87,0, 
23.3067,9.3,14.2,0.4,-2.2,-0.5,0.0,5.1,0,41952,0,88,0, 
23.3100,8.7,12.4,-0.9,-1.6,0.7,2.6,4.5,0,41958,0,89,0, 
23.3133,7.4,9.4,1.2,-0.2,0.9,6.6,3.4,0,41964,0,90,0, 
23.3167,6.2,6.3,5.4,0.6,0.9,9.5,1.7,0,41970,0,91,0, 
23.3200,5.4,3.5,8.3,0.3,1.3,9.7,-0.5,0,41976,0,92,0, 
23.3233,4.6,0.6,6.2,-1.3,2.4,7.2,-2.7,0,41982,0,93,0, 
23.3267,3.7,-2.9,-1.7,-3.6,3.7,3.4,-4.3,0,41988,0,94,0, 
23.3300,2.8,-7.2,-12.7,-5.5,4.3,0.2,-5.5,0,41994,0,95,0, 
23.3333,2.2,-11.5,-21.6,-6.5,3.6,-1.6,-6.5,0,42000,0,96,0, 
23.3367,2.2,-14.2,-24.8,-6.6,2.1,-2.3,-7.0,0,42006,0,97,0, 
23.3400,2.6,-13.8,-21.7,-5.9,0.6,-2.1,-6.4,0,42012,0,98,0, 
23.3433,3.0,-10.2,-15.2,-4.9,-0.1,-1.2,-3.6,0,42018,0,99,0, 
23.3467,3.2,-4.7,-9.1,-4.0,-0.2,0.5,1.5,0,42024,0,100,0, 
23.3500,3.5,0.8,-5.6,-3.3,-0.4,2.8,7.9,0,42030,0,101,0, 
23.3533,4.1,4.5,-4.6,-2.8,-1.4,5.0,13.8,0,42036,0,102,0, 
23.3567,5.3,6.1,-4.5,-2.5,-3.4,6.5,17.4,0,42042,0,103,0, 
23.3600,6.5,6.8,-3.6,-2.3,-5.4,7.5,18.2,0,42048,0,104,0, 
23.3633,7.3,7.6,-1.8,-2.3,-6.2,8.7,16.9,0,42054,0,105,0, 
23.3667,7.3,9.4,0.1,-2.5,-5.3,10.5,14.9,0,42060,0,106,0, 
23.3700,6.9,11.6,1.6,-2.5,-3.2,12.5,13.2,0,42066,0,107,0, 
23.3733,6.7,13.6,3.0,-2.0,-1.2,13.6,11.6,0,42072,0,108,0, 
23.3767,7.0,14.7,4.9,-0.7,-0.3,12.9,9.5,0,42078,0,109,0, 
23.3800,7.4,14.4,6.8,1.1,-0.6,10.7,6.2,0,42084,0,110,0, 
23.3833,7.4,12.5,7.0,2.9,-1.6,8.1,1.5,0,42090,0,111,0, 
23.3867,6.7,8.9,3.2,3.8,-2.5,5.8,-4.1,0,42096,0,112,0, 
23.3900,5.7,3.8,-4.8,3.6,-3.0,3.3,-9.7,0,42102,0,113,0, 
23.3933,4.9,-1.7,-13.7,2.8,-3.5,-0.7,-14.4,0,42108,0,114,0, 
23.3967,4.5,-5.6,-17.8,2.3,-4.6,-6.4,-16.7,0,42114,0,115,0, 
23.4000,4.3,-6.3,-13.4,3.0,-6.8,-12.7,-16.0,0,42120,0,116,0, 
23.4033,4.2,-4.1,-1.8,5.0,-9.7,-16.7,-12.2,0,42126,0,117,0, 
23.4067,4.5,-1.1,10.1,7.4,-12.7,-16.3,-6.8,0,42132,0,118,0, 
23.4100,5.7,-0.4,14.3,9.0,-14.9,-11.9,-2.0,0,42138,0,119,0, 
23.4133,8.0,-3.7,7.7,9.0,-15.6,-6.5,0.1,0,42144,0,120,0, 
23.4167,11.1,-10.1,-5.2,7.7,-14.6,-3.5,-1.5,0,42150,0,121,0, 
23.4200,13.7,-16.7,-15.1,5.8,-12.2,-4.4,-5.9,0,42156,0,122,0, 
23.4233,14.7,-21.1,-15.2,4.2,-9.2,-7.6,-11.5,0,42162,0,123,0, 
23.4267,13.6,-22.6,-6.5,3.2,-6.5,-9.7,-16.6,0,42168,0,124,0, 
23.4300,10.8,-22.9,2.9,2.4,-4.3,-8.0,-20.8,0,42174,0,125,0, 
23.4333,7.2,-23.8,4.2,1.1,-2.8,-2.8,-23.8,0,42180,0,126,0, 
23.4367,3.2,-25.6,-4.9,-0.9,-1.4,3.5,-26.0,0,42186,0,127,0, 
23.4400,-0.7,-26.5,-19.0,-3.5,0.4,7.6,-27.0,0,42192,0,128,0, 
23.4433,-4.5,-24.6,-29.0,-5.9,2.4,8.1,-26.3,0,42198,0,129,0, 
23.4467,-7.7,-19.3,-29.5,-7.3,4.1,6.1,-23.5,0,42204,0,130,0, 
23.4500,-9.7,-12.2,-21.8,-7.5,4.7,4.2,-18.7,0,42210,0,131,0, 
23.4533,-10.0,-5.3,-11.4,-6.4,3.8,4.5,-12.6,0,42216,0,132,0, 
23.4567,-8.8,0.1,-3.1,-4.3,2.0,6.9,-5.9,0,42222,0,133,0, 
23.4600,-6.9,4.5,2.8,-1.4,-0.2,9.6,0.4,0,42228,0,134,0, 
23.4633,-5.3,8.6,8.1,1.7,-2.0,10.3,5.4,0,42234,0,135,0, 
23.4667,-4.1,12.6,13.7,4.6,-3.4,7.9,8.2,0,42240,0,136,0, 
23.4700,-3.1,15.1,17.8,6.9,-4.4,3.6,8.3,0,42246,0,137,0, 
23.4733,-1.6,14.7,17.8,8.1,-4.6,-0.1,5.8,0,42252,0,138,0, 
23.4767,0.7,11.0,13.4,8.1,-3.5,-0.8,1.5,0,42258,0,139,0, 
23.4800,3.5,5.6,7.9,7.4,-0.7,1.5,-3.8,0,42264,0,140,0, 
23.4833,6.1,0.6,4.9,6.2,3.0,4.7,-9.7,0,42270,0,141,0, 
23.4867,8.0,-2.9,5.1,4.7,5.8,5.1,-16.8,0,42276,0,142,0, 
23.4900,9.0,-5.6,5.1,3.0,6.0,0.2,-25.5,0,42282,0,143,0, 
23.4933,9.0,-9.1,0.7,0.7,3.0,-10.4,-36.0,0,42288,0,144,0, 
23.4967,7.9,-14.6,-8.8,-1.9,-2.0,-23.8,-46.8,0,42294,0,145,0, 
23.5000,5.6,-21.3,-19.2,-4.2,-6.6,-35.6,-55.6,0,42300,0,146,0, 
23.5033,1.8,-27.2,-24.5,-5.3,-9.1,-41.6,-60.2,0,42306,0,147,0, 
23.5067,-3.2,-30.4,-22.0,-4.8,-9.0,-40.0,-59.4,0,42312,0,148,0, 
23.5100,-8.6,-30.0,-13.9,-3.0,-7.7,-32.5,-53.2,0,42318,0,149,0, 
23.5133,-12.6,-26.8,-5.7,-0.9,-7.2,-22.6,-43.1,0,42324,0,150,0, 
23.5167,-13.8,-21.6,-1.3,0.6,-7.9,-13.8,-31.0,0,42330,0,151,0, 
23.5200,-11.8,-15.4,-0.9,1.1,-9.2,-7.4,-18.7,0,42336,0,152,0, 
23.5233,-7.3,-8.5,-1.5,0.9,-9.2,-2.1,-7.5,0,42342,0,153,0, 
23.5267,-2.2,-1.4,-0.3,0.9,-6.8,4.4,2.1,0,42348,0,154,0, 
23.5300,1.6,5.0,2.9,1.4,-2.3,13.0,9.4,0,42354,0,155,0, 
23.5333,3.2,9.6,6.6,2.4,2.6,22.2,14.5,0,42360,0,156,0, 
23.5367,3.1,12.1,9.6,3.1,6.1,28.6,17.0,0,42366,0,157,0, 
23.5400,2.6,12.8,12.0,3.4,7.8,29.6,17.6,0,42372,0,158,0, 
23.5433,3.3,12.8,14.4,3.0,8.4,25.6,16.9,0,42378,0,159,0, 
23.5467,5.6,12.7,16.4,2.4,9.4,20.1,16.2,0,42384,0,160,0, 
23.5500,8.9,12.3,15.6,1.4,11.3,17.0,16.3,0,42390,0,161,0, 
23.5533,11.8,11.0,10.0,0.0,13.3,17.9,17.3,0,42396,0,162,0, 
23.5567,13.2,8.3,0.2,-2.2,13.9,21.0,18.1,0,42402,0,163,0, 
23.5600,12.8,4.9,-9.5,-5.0,12.0,23.1,17.3,0,42408,0,164,0, 
23.5633,10.6,2.2,-13.9,-7.6,8.2,22.1,14.0,0,42414,0,165,0, 
23.5667,7.5,1.4,-10.3,-9.1,4.0,18.8,8.3,0,42420,0,166,0, 
23.5700,4.2,2.1,-1.4,-9.1,0.5,15.7,1.5,0,42426,0,167,0, 
23.5733,1.5,2.5,6.7,-7.9,-2.0,14.8,-4.8,0,42432,0,168,0, 
23.5767,-0.5,0.7,8.6,-6.3,-4.6,15.2,-9.9,0,42438,0,169,0, 
23.5800,-1.7,-3.5,3.4,-4.8,-8.0,14.5,-13.6,0,42444,0,170,0, 
23.5833,-2.2,-8.1,-4.3,-2.9,-11.4,10.6,-16.2,0,42450,0,171,0, 
23.5867,-2.1,-10.0,-8.4,-0.4,-12.9,3.9,-17.4,0,42456,0,172,0, 
23.5900,-1.6,-7.3,-5.7,2.7,-10.7,-2.7,-16.6,0,42462,0,173,0, 
23.5933,-0.7,-0.7,1.2,5.6,-5.1,-5.6,-13.4,0,42468,0,174,0, 
23.5967,0.2,6.5,7.0,6.8,1.4,-3.3,-8.1,0,42474,0,175,0, 
23.6000,0.2,11.4,7.8,5.9,5.9,3.0,-2.2,0,42480,0,176,0, 
23.6033,-1.1,12.8,4.5,3.4,7.0,9.8,2.9,0,42486,0,177,0, 
23.6067,-3.9,12.4,2.1,0.6,5.9,13.8,6.3,0,42492,0,178,0, 
23.6100,-7.6,12.8,5.3,-1.0,4.7,13.4,8.1,0,42498,0,179,0, 
23.6133,-11.1,15.2,13.9,-1.4,5.2,9.6,8.7,0,42504,0,180,0, 
23.6167,-13.1,18.1,22.4,-1.6,6.5,5.1,8.7,0,42510,0,181,0, 
23.6200,-13.0,19.0,23.9,-2.5,6.5,2.5,8.2,0,42516,0,182,0, 
23.6233,-10.9,16.1,15.5,-4.3,3.6,3.0,7.4,0,42522,0,183,0, 
23.6267,-7.7,10.0,0.4,-6.0,-1.5,5.7,6.5,0,42528,0,184,0, 
23.6300,-4.3,3.3,-13.5,-6.5,-6.6,8.7,6.2,0,42534,0,185,0, 
23.6333,-1.5,-1.2,-19.3,-5.3,-9.4,10.3,6.8,0,42540,0,186,0, 
23.6367,0.5,-2.3,-15.3,-2.8,-9.5,10.4,8.0,0,42546,0,187,0, 
23.6400,1.3,-0.8,-5.4,-0.2,-8.1,10.4,8.8,0,42552,0,188,0, 
23.6433,1.3,1.3,4.3,1.7,-6.9,11.8,8.6,0,42558,0,189,0, 
23.6467,0.9,2.5,8.9,2.5,-6.6,14.6,7.3,0,42564,0,190,0, 
23.6500,1.0,2.6,7.7,2.4,-6.1,17.4,5.8,0,42570,0,191,0, 
23.6533,2.0,2.0,3.1,1.4,-4.5,18.2,5.3,0,42576,0,192,0, 
23.6567,3.6,1.3,-1.6,-0.3,-1.6,16.8,6.1,0,42582,0,193,0, 
23.6600,5.0,0.9,-4.4,-2.5,1.8,14.7,7.9,0,42588,0,194,0, 
23.6633,5.0,1.0,-4.6,-4.8,4.4,14.2,9.3,0,42594,0,195,0, 
23.6667,3.2,1.5,-2.6,-6.6,5.7,15.9,9.2,0,42600,0,196,0, 
23.6700,0.0,2.0,0.0,-7.3,6.4,18.1,7.6,0,42606,0,197,0, 
23.6733,-3.4,1.9,1.9,-7.2,7.3,18.5,5.3,0,42612,0,198,0, 
23.6767,-5.9,1.0,1.9,-6.7,8.5,15.8,4.0,0,42618,0,199,0, 
23.6800,-7.3,-0.3,0.1,-5.9,9.4,11.4,4.7,0,42624,0,200,0, 
23.6833,-7.9,-0.9,-1.9,-4.6,9.2,8.0,7.3,0,42630,0,201,0, 
23.6867,-8.4,0.6,-1.7,-2.4,7.8,7.6,10.8,0,42636,0,202,0, 
23.6900,-8.9,4.8,1.8,0.7,5.6,9.5,13.8,0,42642,0,203,0, 
23.6933,-9.1,10.3,7.4,4.1,3.3,11.8,15.6,0,42648,0,204,0, 
23.6967,-8.6,15.0,11.8,6.6,1.5,13.2,16.3,0,42654,0,205,0, 
23.7000,-7.1,17.2,12.7,7.8,0.4,13.9,16.6,0,42660,0,206,0, 
23.7033,-4.9,17.1,9.8,7.9,-0.2,15.1,17.2,0,42666,0,207,0, 
23.7067,-2.5,16.6,6.1,7.8,-0.3,16.9,17.9,0,42672,0,208,0, 
23.7100,-0.4,17.4,4.7,8.2,0.0,17.7,17.8,0,42678,0,209,0, 
23.7133,0.7,19.8,7.3,9.4,0.4,15.4,16.0,0,42684,0,210,0, 
23.7167,0.4,22.2,12.1,10.7,0.9,10.4,12.4,0,42690,0,211,0, 
23.7200,-1.9,22.7,16.0,11.1,1.7,5.3,7.9,0,42696,0,212,0, 
23.7233,-6.0,20.1,16.5,10.2,3.2,4.0,3.5,0,42702,0,213,0, 
23.7267,-11.1,15.1,13.0,8.2,5.4,7.3,0.1,0,42708,0,214,0, 
23.7300,-15.7,9.5,7.4,5.7,7.4,12.1,-2.6,0,42714,0,215,0, 
23.7333,-18.8,4.3,1.5,3.1,7.9,13.2,-5.2,0,42720,0,216,0, 
23.7367,-19.9,-0.2,-3.3,0.8,5.4,7.1,-8.1,0,42726,0,217,0, 
23.7400,-19.6,-4.4,-6.9,-1.3,0.1,-4.6,-11.0,0,42732,0,218,0, 
23.7433,-18.9,-8.3,-9.3,-3.2,-6.2,-15.7,-12.8,0,42738,0,219,0, 
23.7467,-18.4,-10.9,-10.5,-4.9,-10.8,-19.8,-12.3,0,42744,0,220,0, 
23.7500,-18.1,-11.3,-9.9,-6.2,-12.0,-14.5,-9.2,0,42750,0,221,0, 
23.7533,-17.1,-9.5,-7.8,-6.6,-10.1,-3.2,-4.5,0,42756,0,222,0, 
23.7567,-15.1,-6.8,-4.8,-6.2,-7.3,7.4,0.1,0,42762,0,223,0, 
23.7600,-12.0,-4.7,-2.0,-4.8,-5.7,11.9,3.1,0,42768,0,224,0, 
23.7633,-8.2,-4.0,0.0,-3.1,-6.1,9.3,3.8,0,42774,0,225,0, 
23.7667,-4.3,-3.9,0.9,-1.2,-7.6,3.2,2.8,0,42780,0,226,0, 
23.7700,-0.7,-3.2,1.4,0.4,-8.6,-1.5,1.4,0,42786,0,227,0, 
23.7733,2.3,-1.1,2.1,1.7,-8.0,-2.2,0.8,0,42792,0,228,0, 
23.7767,4.3,1.7,3.5,2.8,-5.9,0.2,0.8,0,42798,0,229,0, 
23.7800,5.0,3.6,5.1,3.4,-3.5,3.1,0.6,0,42804,0,230,0, 
23.7833,4.3,3.4,5.9,3.3,-1.8,4.2,-0.8,0,42810,0,231,0, 
23.7867,2.8,0.9,4.5,2.4,-1.2,3.4,-3.3,0,42816,0,232,0, 
23.7900,1.4,-2.7,0.7,0.7,-1.3,2.0,-6.0,0,42822,0,233,0, 
23.7933,0.6,-5.7,-4.0,-1.4,-1.6,1.3,-7.7,0,42828,0,234,0, 
23.7967,0.2,-7.0,-7.3,-3.2,-1.4,1.4,-7.5,0,42834,0,235,0, 
23.8000,-0.7,-6.5,-7.4,-4.1,-0.6,1.5,-5.9,0,42840,0,236,0, 
23.8033,-3.0,-4.9,-5.0,-4.1,0.7,1.0,-3.9,0,42846,0,237,0, 
23.8067,-6.3,-3.6,-2.8,-3.5,1.8,0.3,-2.1,0,42852,0,238,0, 
23.8100,-9.7,-3.6,-4.2,-3.2,2.0,0.2,-0.5,0,42858,0,239,0, 
23.8133,-11.5,-5.1,-10.1,-3.5,1.2,1.0,1.2,0,42864,0,240,0, 
23.8167,-10.9,-7.3,-17.8,-4.7,-0.3,1.9,3.1,0,42870,0,241,0, 
23.8200,-8.3,-9.0,-22.8,-6.7,-1.3,2.1,4.5,0,42876,0,242,0, 
23.8233,-5.0,-8.9,-22.2,-8.7,-0.7,1.5,4.8,0,42882,0,243,0, 
23.8267,-2.3,-7.0,-16.7,-10.0,1.4,1.5,4.1,0,42888,0,244,0, 
23.8300,-1.1,-4.6,-10.1,-10.3,3.6,3.2,3.2,0,42894,0,245,0, 
23.8333,-0.9,-3.2,-5.9,-9.2,4.2,6.4,3.1,0,42900,0,246,0, 
23.8367,-1.2,-3.9,-5.0,-7.3,2.4,9.2,4.1,0,42906,0,247,0, 
23.8400,-1.2,-5.9,-5.3,-5.0,-1.0,8.8,5.3,0,42912,0,248,0, 
23.8433,-0.9,-7.9,-4.2,-3.2,-4.0,4.5,5.5,0,42918,0,249,0, 
23.8467,-0.6,-8.3,-1.6,-2.0,-5.1,-2.2,4.0,0,42924,0,250,0, 
23.8500,-0.2,-7.2,-0.3,-1.5,-4.4,-7.5,1.3,0,42930,0,251,0, 
23.8533,0.3,-5.8,-2.7,-1.3,-3.5,-8.8,-1.2,0,42936,0,252,0, 
23.8567,1.1,-5.0,-8.5,-0.8,-3.7,-5.9,-2.2,0,42942,0,253,0, 
23.8600,2.0,-4.8,-13.9,0.2,-5.4,-1.3,-1.9,0,42948,0,254,0, 
23.8633,2.3,-4.2,-14.0,1.7,-7.4,2.0,-1.1,0,42954,0,255,0, 
23.8667,1.4,-1.9,-7.3,3.3,-8.5,2.4,-1.2,0,42960,0,0,0, 
23.8700,-0.9,1.5,2.9,4.4,-8.2,0.3,-2.5,0,42966,0,1,0, 
23.8733,-3.7,4.0,10.6,4.4,-7.5,-2.9,-4.8,0,42972,0,2,0, 
23.8767,-6.0,3.6,11.1,3.5,-7.5,-6.0,-7.5,0,42978,0,3,0, 
23.8800,-6.7,-0.2,4.4,2.1,-8.2,-8.9,-10.2,0,42984,0,4,0, 
23.8833,-5.6,-5.3,-5.0,1.1,-8.8,-11.8,-12.4,0,42990,0,5,0, 
23.8867,-3.6,-8.5,-11.4,0.9,-7.8,-14.2,-13.6,0,42996,0,6,0, 
23.8900,-1.8,-7.9,-11.6,1.5,-4.9,-14.5,-12.9,0,43002,0,7,0, 
23.8933,-0.9,-3.8,-6.3,2.3,-1.0,-11.2,-10.0,0,43008,0,8,0, 
23.8967,-1.1,1.2,1.3,2.4,2.1,-4.2,-5.3,0,43014,0,9,0, 
23.9000,-2.1,4.2,7.6,1.8,3.2,4.5,-0.5,0,43020,0,10,0, 
23.9033,-3.2,4.1,10.2,0.8,2.3,11.7,2.8,0,43026,0,11,0, 
23.9067,-3.9,1.5,8.5,0.1,0.4,14.9,3.5,0,43032,0,12,0, 
23.9100,-3.6,-2.0,3.0,0.3,-1.4,13.4,2.1,0,43038,0,13,0, 
23.9133,-2.3,-4.9,-4.4,0.8,-2.5,9.3,0.5,0,43044,0,14,0, 
23.9167,0.0,-6.6,-11.4,1.1,-2.9,5.4,0.1,0,43050,0,15,0, 
23.9200,2.7,-6.9,-14.8,0.6,-2.9,4.0,1.4,0,43056,0,16,0, 
23.9233,5.1,-6.0,-13.0,-0.5,-2.6,5.1,3.7,0,43062,0,17,0, 
23.9267,6.6,-3.8,-6.7,-1.6,-2.3,7.0,5.3,0,43068,0,18,0, 
23.9300,7.4,-1.1,0.4,-2.0,-1.9,7.5,5.6,0,43074,0,19,0, 
23.9333,7.9,1.1,4.2,-1.7,-1.6,5.4,4.5,0,43080,0,20,0, 
23.9367,8.8,1.4,3.0,-0.9,-1.5,1.5,2.8,0,43086,0,21,0, 
23.9400,9.9,-0.4,-1.1,0.2,-1.4,-2.4,1.1,0,43092,0,22,0, 
23.9433,10.4,-3.1,-4.0,1.4,-1.1,-4.6,-0.3,0,43098,0,23,0, 
23.9467,9.6,-5.1,-2.8,2.7,-0.6,-4.2,-1.5,0,43104,0,24,0, 
23.9500,7.6,-5.5,1.6,4.0,0.0,-1.8,-2.6,0,43110,0,25,0, 
23.9533,5.9,-4.6,5.6,5.0,0.6,1.1,-3.4,0,43116,0,26,0, 
23.9567,5.4,-3.5,5.8,5.3,1.0,2.9,-4.1,0,43122,0,27,0, 
23.9600,6.6,-3.3,2.2,4.9,1.0,2.4,-5.0,0,43128,0,28,0, 
23.9633,7.9,-4.2,-2.1,4.2,0.8,-0.8,-6.8,0,43134,0,29,0, 
23.9667,7.7,-5.6,-4.0,3.5,0.4,-5.5,-9.7,0,43140,0,30,0, 
23.9700,4.8,-6.8,-3.1,3.3,-0.3,-9.9,-13.0,0,43146,0,31,0, 
23.9733,0.2,-7.4,-1.8,3.3,-1.1,-11.7,-15.1,0,43152,0,32,0, 
23.9767,-4.1,-7.4,-2.8,3.2,-2.0,-9.7,-14.7,0,43158,0,33,0, 
23.9800,-6.2,-6.6,-6.1,2.9,-2.4,-4.6,-11.6,0,43164,0,34,0, 
23.9833,-5.9,-4.9,-9.0,2.4,-2.2,1.0,-6.8,0,43170,0,35,0, 
23.9867,-4.3,-2.2,-8.6,2.0,-1.3,4.0,-2.5,0,43176,0,36,0, 
23.9900,-3.0,0.5,-4.8,1.9,-0.2,2.7,-0.5,0,43182,0,37,0, 
23.9933,-2.8,1.8,-0.3,2.2,0.5,-2.1,-0.8,0,43188,0,38,0, 
23.9967,-3.3,0.9,1.2,2.8,0.6,-7.7,-2.2,0,43194,0,39,0, 
24.0000,-3.7,-1.6,-0.9,3.4,0.3,-11.1,-2.8,0,43200,0,40,0, 
24.0033,-3.2,-3.8,-4.1,4.0,0.1,-11.0,-1.6,0,43206,0,41,0, 
24.0067,-2.1,-3.8,-4.6,4.4,0.4,-7.9,1.2,0,43212,0,42,0, 
24.0100,-0.6,-1.3,-1.1,4.5,1.2,-4.0,4.6,0,43218,0,43,0, 
24.0133,0.7,1.8,4.1,4.4,1.7,-0.8,7.1,0,43224,0,44,0, 
24.0167,1.8,2.8,7.0,4.3,1.5,0.7,7.8,0,43230,0,45,0, 
24.0200,2.4,0.2,4.8,4.2,0.4,0.8,6.8,0,43236,0,46,0, 
24.0233,2.3,-5.0,-1.6,4.0,-1.0,0.0,4.7,0,43242,0,47,0, 
24.0267,1.4,-9.9,-8.2,3.7,-2.0,-1.4,2.2,0,43248,0,48,0, 
24.0300,-0.2,-11.6,-10.9,3.2,-2.2,-3.0,0.0,0,43254,0,49,0, 
24.0333,-2.3,-9.4,-8.2,2.6,-1.8,-4.4,-1.6,0,43260,0,50,0, 
24.0367,-4.2,-4.5,-1.3,2.2,-1.4,-4.9,-2.5,0,43266,0,51,0, 
24.0400,-5.5,0.2,6.5,2.0,-1.6,-3.6,-2.7,0,43272,0,52,0, 
24.0433,-6.2,2.8,11.9,2.1,-2.3,-0.9,-2.3,0,43278,0,53,0, 
24.0467,-6.4,2.8,13.1,2.1,-3.1,2.1,-1.5,0,43284,0,54,0, 
24.0500,-6.3,1.2,10.0,1.9,-3.3,3.6,-0.7,0,43290,0,55,0, 
24.0533,-6.2,-0.8,4.4,1.3,-2.9,2.8,-0.6,0,43296,0,56,0, 
24.0567,-6.4,-2.4,-1.1,0.6,-2.3,0.0,-1.3,0,43302,0,57,0, 
24.0600,-7.0,-3.8,-4.1,0.2,-2.4,-3.2,-2.8,0,43308,0,58,0, 
24.0633,-8.1,-5.4,-3.7,0.1,-3.6,-5.4,-4.4,0,43314,0,59,0, 
24.0667,-9.1,-7.6,-1.1,0.1,-5.5,-6.3,-5.6,0,43320,0,60,0, 
24.0700,-9.2,-10.0,0.9,0.0,-7.5,-6.6,-5.9,0,43326,0,61,0, 
24.0733,-8.0,-12.1,0.1,-0.3,-8.6,-7.3,-5.5,0,43332,0,62,0, 
24.0767,-5.8,-13.0,-3.4,-0.7,-8.6,-8.0,-4.8,0,43338,0,63,0, 
24.0800,-3.5,-12.5,-7.3,-1.0,-7.9,-7.5,-4.3,0,43344,0,64,0, 
24.0833,-2.2,-10.9,-8.5,-1.1,-6.9,-4.6,-3.8,0,43350,0,65,0, 
24.0867,-2.2,-8.8,-5.7,-1.1,-6.3,0.4,-3.2,0,43356,0,66,0, 
24.0900,-3.1,-7.1,-0.5,-1.6,-6.3,5.5,-2.5,0,43362,0,67,0, 
24.0933,-4.6,-5.9,3.5,-2.7,-7.0,7.6,-1.7,0,43368,0,68,0, 
24.0967,-6.0,-5.2,3.8,-4.1,-7.9,5.6,-1.3,0,43374,0,69,0, 
24.1000,-7.3,-4.5,0.6,-5.4,-8.9,0.5,-1.7,0,43380,0,70,0, 
24.1033,-8.3,-3.5,-3.4,-6.0,-9.5,-4.7,-2.6,0,43386,0,71,0, 
24.1067,-8.5,-2.5,-5.0,-5.7,-9.5,-7.7,-3.7,0,43392,0,72,0, 
24.1100,-7.5,-2.0,-3.1,-4.7,-9.1,-7.6,-4.8,0,43398,0,73,0, 
24.1133,-5.4,-2.9,0.9,-3.6,-8.6,-5.8,-5.8,0,43404,0,74,0, 
24.1167,-2.7,-4.9,4.1,-2.5,-8.4,-4.0,-7.3,0,43410,0,75,0, 
24.1200,-0.5,-7.7,4.3,-1.7,-8.5,-3.1,-9.6,0,43416,0,76,0, 
24.1233,1.0,-10.2,1.3,-1.1,-8.6,-2.7,-12.5,0,43422,0,77,0, 
24.1267,1.9,-12.3,-3.7,-0.8,-8.0,-2.0,-15.4,0,43428,0,78,0, 
24.1300,3.0,-14.2,-8.4,-0.9,-6.6,-0.7,-17.8,0,43434,0,79,0, 
24.1333,4.4,-16.5,-11.3,-1.6,-4.7,0.6,-19.3,0,43440,0,80,0, 
24.1367,5.4,-19.1,-11.7,-3.0,-3.4,1.4,-20.1,0,43446,0,81,0, 
24.1400,4.7,-21.3,-10.0,-4.9,-3.5,1.8,-20.2,0,43452,0,82,0, 
24.1433,1.9,-21.9,-7.4,-6.8,-4.8,2.7,-19.6,0,43458,0,83,0, 
24.1467,-2.3,-20.4,-5.3,-8.4,-6.3,4.3,-18.1,0,43464,0,84,0, 
24.1500,-5.7,-17.4,-5.4,-9.5,-6.8,6.1,-15.6,0,43470,0,85,0, 
24.1533,-6.5,-14.1,-7.9,-10.1,-5.8,6.8,-12.4,0,43476,0,86,0, 
24.1567,-4.2,-11.7,-11.9,-10.2,-3.8,5.4,-9.0,0,43482,0,87,0, 
24.1600,-0.1,-10.5,-15.7,-9.8,-2.1,2.5,-5.8,0,43488,0,88,0, 
24.1633,3.8,-9.8,-17.6,-8.9,-1.4,-0.3,-3.1,0,43494,0,89,0, 
24.1667,5.9,-8.7,-17.3,-7.6,-1.9,-1.1,-0.6,0,43500,0,90,0, 
24.1700,5.8,-6.8,-15.5,-6.4,-2.5,0.7,1.6,0,43506,0,91,0, 
24.1733,4.2,-4.2,-13.2,-5.5,-2.2,4.2,3.4,0,43512,0,92,0, 
24.1767,2.3,-1.8,-10.9,-5.3,-1.0,7.5,4.3,0,43518,0,93,0, 
24.1800,0.8,-0.5,-8.4,-5.9,0.8,8.8,3.9,0,43524,0,94,0, 
24.1833,0.3,-0.9,-5.9,-7.1,2.2,7.6,2.0,0,43530,0,95,0, 
24.1867,0.8,-3.2,-4.3,-8.5,2.6,4.4,-1.2,0,43536,0,96,0, 
24.1900,2.5,-6.7,-4.9,-9.7,2.2,1.1,-4.8,0,43542,0,97,0, 
24.1933,5.1,-10.7,-7.7,-10.5,2.0,-0.7,-7.6,0,43548,0,98,0, 
24.1967,8.3,-13.9,-11.4,-10.4,2.5,0.2,-8.7,0,43554,0,99,0, 
24.2000,11.2,-15.5,-13.4,-9.6,3.9,3.5,-7.6,0,43560,0,100,0, 
24.2033,13.0,-15.3,-12.2,-8.0,5.5,8.0,-4.9,0,43566,0,101,0, 
24.2067,13.1,-14.0,-8.6,-6.0,6.7,11.7,-2.1,0,43572,0,102,0, 
24.2100,11.7,-12.5,-5.4,-4.1,6.7,13.1,-0.7,0,43578,0,103,0, 
24.2133,9.5,-11.7,-5.0,-2.7,5.6,12.3,-1.2,0,43584,0,104,0, 
24.2167,7.4,-11.8,-7.5,-2.2,3.9,10.4,-2.8,0,43590,0,105,0, 
24.2200,6.0,-12.1,-10.6,-2.6,2.5,9.4,-3.8,0,43596,0,106,0, 
24.2233,5.8,-11.7,-11.6,-3.6,1.9,10.1,-3.1,0,43602,0,107,0, 
24.2267,6.4,-9.9,-9.8,-4.9,2.2,12.2,-0.5,0,43608,0,108,0, 
24.2300,7.7,-7.1,-6.6,-6.1,3.1,14.4,2.7,0,43614,0,109,0, 
24.2333,9.2,-3.9,-4.7,-6.8,3.8,15.1,5.2,0,43620,0,110,0, 
24.2367,10.9,-1.1,-5.4,-7.1,3.8,14.2,6.0,0,43626,0,111,0, 
24.2400,12.4,0.9,-7.7,-7.2,3.2,12.5,5.6,0,43632,0,112,0, 
24.2433,13.7,2.0,-9.6,-7.2,2.2,10.9,4.6,0,43638,0,113,0, 
24.2467,14.5,2.2,-9.7,-7.5,1.5,9.8,3.8,0,43644,0,114,0, 
24.2500,15.0,1.4,-8.2,-7.7,0.9,8.9,2.9,0,43650,0,115,0, 
24.2533,15.3,-0.2,-6.6,-7.5,0.3,7.3,1.6,0,43656,0,116,0, 
24.2567,15.3,-2.3,-5.9,-6.8,-0.8,5.1,0.0,0,43662,0,117,0, 
24.2600,14.8,-4.2,-6.1,-5.6,-2.3,2.9,-1.4,0,43668,0,118,0, 
24.2633,13.3,-5.3,-5.9,-4.6,-3.8,1.7,-1.7,0,43674,0,119,0, 
24.2667,10.5,-5.1,-4.8,-4.3,-4.6,2.1,-0.9,0,43680,0,120,0, 
24.2700,7.1,-4.3,-2.8,-4.8,-4.2,3.7,0.7,0,43686,0,121,0, 
24.2733,4.5,-3.8,-1.2,-5.6,-3.0,5.2,1.8,0,43692,0,122,0, 
24.2767,3.5,-4.5,-0.7,-6.0,-1.5,5.8,1.5,0,43698,0,123,0, 
24.2800,4.2,-6.6,-1.3,-5.5,-0.6,5.2,-0.4,0,43704,0,124,0, 
24.2833,5.5,-9.5,-2.0,-4.5,-0.5,3.8,-3.2,0,43710,0,125,0, 
24.2867,5.9,-12.0,-2.0,-3.5,-1.1,2.7,-5.9,0,43716,0,126,0, 
24.2900,5.1,-13.5,-1.4,-3.2,-1.8,2.5,-7.6,0,43722,0,127,0, 
24.2933,4.0,-13.8,-0.9,-4.1,-2.2,3.2,-8.2,0,43728,0,128,0, 
24.2967,4.2,-13.7,-1.1,-5.6,-2.0,4.4,-7.9,0,43734,0,129,0, 
24.3000,6.7,-13.7,-2.3,-7.0,-1.0,5.4,-7.3,0,43740,0,130,0, 
24.3033,10.8,-14.2,-4.0,-7.7,0.4,6.1,-6.7,0,43746,0,131,0, 
24.3067,14.8,-14.6,-5.4,-7.3,1.8,6.6,-5.9,0,43752,0,132,0, 
24.3100,17.0,-14.5,-6.0,-6.2,2.7,7.2,-4.9,0,43758,0,133,0, 
24.3133,17.2,-13.4,-5.7,-4.7,2.4,7.5,-4.2,0,43764,0,134,0, 
24.3167,16.4,-11.6,-4.5,-3.5,0.8,7.1,-4.2,0,43770,0,135,0, 
24.3200,15.7,-9.4,-2.4,-2.9,-1.7,5.4,-5.3,0,43776,0,136,0, 
24.3233,15.5,-7.0,0.7,-3.1,-4.0,2.5,-7.0,0,43782,0,137,0, 
24.3267,15.3,-4.0,4.5,-3.6,-5.6,-0.6,-8.3,0,43788,0,138,0, 
24.3300,14.3,-0.3,7.9,-4.0,-6.0,-2.3,-7.9,0,43794,0,139,0, 
24.3333,12.5,3.4,9.5,-4.0,-5.5,-1.9,-5.4,0,43800,0,140,0, 
24.3367,10.9,6.1,8.4,-3.5,-4.5,0.4,-1.9,0,43806,0,141,0, 
24.3400,10.6,6.8,4.9,-2.8,-3.4,3.0,0.8,0,43812,0,142,0, 
24.3433,11.8,5.6,0.5,-2.4,-2.3,4.7,1.6,0,43818,0,143,0, 
24.3467,13.2,3.7,-2.4,-2.5,-1.1,4.9,0.7,0,43824,0,144,0, 
24.3500,13.5,2.8,-2.4,-2.7,0.0,4.7,0.0,0,43830,0,145,0, 
24.3533,11.9,4.0,0.4,-2.9,1.1,6.0,1.5,0,43836,0,146,0, 
24.3567,9.0,6.8,4.4,-2.8,1.9,9.3,5.7,0,43842,0,147,0, 
24.3600,6.6,9.6,7.1,-2.3,2.6,13.9,11.0,0,43848,0,148,0, 
24.3633,5.9,10.8,7.2,-1.5,3.0,17.3,15.1,0,43854,0,149,1, sound 
24.3667,7.1,9.6,4.7,-0.5,3.1,17.6,16.0,0,43860,0,150,0, 
24.3700,9.0,6.5,1.0,0.6,2.9,14.6,14.0,0,43866,0,151,0, 
24.3733,10.0,3.1,-1.7,1.7,2.1,10.2,10.8,0,43872,0,152,0, 
24.3767,9.5,0.5,-2.5,2.4,0.9,6.6,8.2,0,43878,0,153,0, 
24.3800,8.1,-0.9,-1.5,2.6,-0.5,5.3,6.7,0,43884,0,154,0, 
24.3833,7.3,-1.5,0.2,2.0,-1.6,5.6,5.4,0,43890,0,155,0, 
24.3867,8.0,-1.8,1.4,1.3,-2.5,5.6,3.1,0,43896,0,156,0, 
24.3900,9.8,-2.0,1.5,0.9,-3.4,4.1,-0.3,0,43902,0,157,0, 
24.3933,11.4,-1.9,0.9,1.3,-4.3,1.8,-3.4,0,43908,0,158,0, 
24.3967,11.7,-0.7,0.6,2.1,-5.1,0.5,-4.4,0,43914,0,159,0, 
24.4000,10.6,1.6,1.1,2.7,-5.4,2.0,-2.3,0,43920,0,160,0, 
24.4033,9.2,4.8,2.4,2.7,-4.9,6.1,1.7,0,43926,0,161,0, 
24.4067,8.9,7.9,4.2,2.1,-3.9,10.6,5.6,0,43932,0,162,0, 
24.4100,10.3,9.9,5.8,1.6,-2.9,13.0,7.3,0,43938,0,163,0, 
24.4133,12.6,10.0,6.5,1.7,-2.5,11.8,6.3,0,43944,0,164,0, 
24.4167,14.1,8.1,6.0,2.5,-2.9,8.0,3.6,0,43950,0,165,0, 
24.4200,13.8,5.0,4.6,3.4,-3.6,3.7,0.7,0,43956,0,166,0, 
24.4233,11.5,1.9,2.6,3.5,-4.0,0.9,-1.4,0,43962,0,167,0, 
24.4267,8.5,0.1,0.8,2.8,-3.9,0.4,-2.6,0,43968,0,168,0, 
24.4300,6.3,-0.1,-0.1,1.7,-3.4,1.5,-3.4,0,43974,0,169,0, 
24.4333,5.5,1.0,0.4,1.2,-3.3,3.0,-4.1,0,43980,0,170,0, 
24.4367,6.1,2.5,1.9,2.0,-4.0,4.5,-4.7,0,43986,0,171,0, 
24.4400,7.0,3.4,3.7,3.7,-5.1,5.9,-4.9,0,43992,0,172,0, 
24.4433,7.2,3.5,5.2,5.8,-6.0,7.4,-4.6,0,43998,0,173,0, 
24.4467,6.0,3.3,6.0,7.2,-5.9,9.1,-4.0,0,44004,0,174,0, 
24.4500,3.5,3.3,6.4,7.5,-4.5,10.3,-3.5,0,44010,0,175,0, 
24.4533,0.3,3.7,7.0,7.1,-2.7,10.6,-3.5,0,44016,0,176,0, 
24.4567,-3.0,4.5,8.1,6.3,-1.1,10.0,-3.9,0,44022,0,177,0, 
24.4600,-5.6,4.9,9.2,5.8,-0.5,8.8,-4.6,0,44028,0,178,0, 
24.4633,-7.2,4.8,9.9,5.7,-0.7,8.1,-5.1,0,44034,0,179,0, 
24.4667,-7.9,4.3,9.8,5.9,-1.1,8.3,-5.2,0,44040,0,180,0, 
24.4700,-8.0,4.0,8.9,6.0,-0.9,9.5,-4.6,0,44046,0,181,0, 
24.4733,-7.9,4.0,7.6,5.8,0.1,10.9,-3.4,0,44052,0,182,0, 
24.4767,-7.2,3.9,6.5,5.5,1.1,11.8,-2.2,0,44058,0,183,0, 
24.4800,-5.8,3.3,5.5,5.2,1.3,11.6,-1.6,0,44064,0,184,0, 
24.4833,-3.7,1.8,4.8,5.1,0.2,10.4,-2.2,0,44070,0,185,0, 
24.4867,-1.7,0.2,4.3,5.2,-1.8,9.0,-3.7,0,44076,0,186,0, 
24.4900,-0.6,-0.2,4.7,5.5,-3.7,8.3,-5.2,0,44082,0,187,0, 
24.4933,-1.0,1.6,6.3,5.7,-4.3,8.8,-5.4,0,44088,0,188,0, 
24.4967,-2.1,5.6,8.8,5.7,-3.4,10.1,-4.0,0,44094,0,189,0, 
24.5000,-2.6,10.1,11.3,5.6,-1.4,11.5,-1.8,0,44100,0,190,0, 
24.5033,-1.4,13.2,12.7,5.6,0.5,12.4,0.0,0,44106,0,191,0, 
24.5067,1.3,13.6,12.5,5.8,1.3,12.5,0.1,0,44112,0,192,0, 
24.5100,4.1,11.4,11.0,6.2,1.2,12.6,-1.4,0,44118,0,193,0, 
24.5133,5.5,8.1,9.2,6.6,0.7,13.3,-3.7,0,44124,0,194,0, 
24.5167,4.5,5.2,8.0,6.8,0.8,14.6,-5.6,0,44130,0,195,0, 
24.5200,2.1,3.6,7.3,6.5,1.4,16.1,-6.8,0,44136,0,196,0, 
24.5233,0.1,3.0,6.9,5.7,2.3,17.0,-7.1,0,44142,0,197,0, 
24.5267,-0.1,2.8,5.9,4.7,2.9,17.2,-6.8,0,44148,0,198,0, 
24.5300,1.8,2.2,4.4,3.6,2.8,17.0,-5.9,0,44154,0,199,0, 
24.5333,4.7,1.5,2.8,2.4,2.2,17.0,-4.4,0,44160,0,200,0, 
24.5367,6.6,0.8,1.5,1.1,1.7,17.6,-2.5,0,44166,0,201,0, 
24.5400,6.7,0.5,0.8,-0.1,1.6,18.6,-0.6,0,44172,0,202,0, 
24.5433,5.4,0.0,0.3,-1.1,1.8,19.4,0.7,0,44178,0,203,0, 
24.5467,4.0,-0.7,-0.4,-1.6,2.2,20.1,1.4,0,44184,0,204,0, 
24.5500,4.1,-1.7,-1.3,-1.5,2.3,20.8,2.1,0,44190,0,205,0, 
24.5533,6.0,-2.5,-1.9,-0.6,2.3,21.6,3.5,0,44196,0,206,0, 
24.5567,8.5,-2.7,-1.6,0.6,2.3,22.4,5.6,0,44202,0,207,0, 
24.5600,10.0,-2.4,-0.4,1.6,2.3,22.5,7.6,0,44208,0,208,0, 
24.5633,9.8,-2.2,0.9,1.9,2.6,21.3,8.4,0,44214,0,209,0, 
24.5667,8.3,-3.0,1.2,0.9,2.8,19.2,7.4,0,44220,0,210,0, 
24.5700,6.9,-4.8,0.0,-1.1,3.0,16.8,5.0,0,44226,0,211,0, 
24.5733,7.2,-6.9,-2.5,-3.4,3.0,14.8,2.2,0,44232,0,212,0, 
24.5767,9.0,-8.2,-5.1,-4.9,2.7,13.4,0.1,0,44238,0,213,0, 
24.5800,11.3,-8.4,-6.8,-4.8,2.0,12.1,-1.2,0,44244,0,214,0, 
24.5833,12.4,-7.8,-6.9,-3.3,1.0,10.5,-2.4,0,44250,0,215,0, 
24.5867,11.8,-7.6,-6.1,-1.3,-0.1,9.1,-3.9,0,44256,0,216,0, 
24.5900,10.1,-8.7,-5.2,0.1,-0.9,8.4,-6.0,0,44262,0,217,0, 
24.5933,8.2,-11.1,-5.2,0.0,-1.2,9.2,-8.1,0,44268,0,218,0, 
24.5967,6.6,-13.9,-5.9,-1.2,-1.1,11.2,-9.3,0,44274,0,219,0, 
24.6000,5.1,-15.7,-6.4,-2.5,-0.7,13.6,-9.3,0,44280,0,220,0, 
24.6033,3.4,-15.7,-5.9,-3.0,-0.3,15.7,-8.3,0,44286,0,221,0, 
24.6067,2.2,-14.0,-4.3,-2.7,0.0,17.3,-6.6,0,44292,0,222,0, 
24.6100,2.3,-11.5,-2.2,-1.9,0.2,18.8,-5.0,0,44298,0,223,0, 
24.6133,4.6,-9.1,-0.9,-1.5,0.4,20.6,-3.7,0,44304,0,224,0, 
24.6167,8.0,-7.3,-0.8,-1.6,0.7,22.1,-2.7,0,44310,0,225,0, 
24.6200,10.1,-6.1,-1.7,-1.8,0.9,22.2,-2.0,0,44316,0,226,0, 
24.6233,9.0,-5.5,-2.6,-1.7,0.8,20.3,-1.5,0,44322,0,227,0, 
24.6267,4.6,-5.6,-2.8,-1.1,0.5,16.5,-1.6,0,44328,0,228,0, 
24.6300,-0.6,-6.3,-2.3,-0.7,0.0,12.3,-2.3,0,44334,0,229,0, 
24.6333,-3.4,-7.7,-1.8,-1.0,-0.4,9.8,-3.3,0,44340,0,230,0, 
24.6367,-2.0,-9.1,-1.7,-1.9,-0.6,10.0,-3.8,0,44346,0,231,0, 
24.6400,2.5,-9.4,-1.5,-2.6,-0.6,12.8,-2.9,0,44352,0,232,0, 
24.6433,7.4,-8.0,-0.6,-2.0,-0.2,16.7,-0.6,0,44358,0,233,0, 
24.6467,10.7,-5.1,1.5,-0.2,0.3,20.2,2.4,0,44364,0,234,0, 
24.6500,11.8,-1.8,4.0,2.0,1.0,22.2,4.9,0,44370,0,235,0, 
24.6533,12.0,0.5,5.4,3.2,1.7,22.7,5.8,0,44376,0,236,0, 
24.6567,12.1,0.9,4.8,2.7,2.2,22.2,4.9,0,44382,0,237,0, 
24.6600,11.8,-0.4,2.5,1.0,2.4,21.5,2.9,0,44388,0,238,0, 
24.6633,9.8,-2.5,0.2,-0.4,2.4,20.3,0.8,0,44394,0,239,0, 
24.6667,5.5,-4.7,-0.4,-0.3,2.1,18.2,-1.2,0,44400,0,240,0, 
24.6700,0.2,-6.5,0.9,1.1,1.7,14.9,-3.2,0,44406,0,241,0, 
24.6733,-3.4,-7.9,2.7,2.5,1.4,11.2,-5.3,0,44412,0,242,0, 
24.6767,-3.1,-8.8,3.6,2.8,1.4,8.2,-7.0,0,44418,0,243,0, 
24.6800,0.9,-8.5,2.9,1.8,1.8,7.7,-7.1,0,44424,0,244,0, 
24.6833,5.9,-6.7,1.4,0.6,2.7,10.2,-4.6,0,44430,0,245,0, 
24.6867,9.0,-3.7,0.6,0.5,3.8,14.5,-0.3,0,44436,0,246,0, 
24.6900,8.5,-0.8,1.0,1.8,5.0,18.5,3.7,0,44442,0,247,0, 
24.6933,5.5,0.2,1.7,3.3,5.8,20.1,5.3,0,44448,0,248,0, 
24.6967,2.2,-1.4,1.3,3.5,6.0,18.6,3.5,0,44454,0,249,0, 
24.7000,0.3,-4.6,-0.6,2.1,5.7,15.6,-0.3,0,44460,0,250,0, 
24.7033,-0.2,-7.3,-2.9,-0.2,5.4,13.2,-3.2,0,44466,0,251,0, 
24.7067,-0.4,-7.5,-4.0,-1.6,5.5,13.3,-3.4,0,44472,0,252,0, 
24.7100,-1.0,-5.1,-2.7,-1.2,6.0,15.8,-0.7,0,44478,0,253,0, 
24.7133,-1.9,-1.4,0.2,0.6,6.8,19.4,2.9,0,44484,0,254,0, 
24.7167,-1.8,1.5,2.9,2.3,7.2,21.9,5.3,0,44490,0,255,0, 
24.7200,-0.2,2.5,3.7,2.6,6.8,22.4,5.5,0,44496,0,0,0, 
24.7233,2.7,1.7,2.7,1.8,5.7,20.9,4.2,0,44502,0,1,0, 
24.7267,5.1,0.2,0.9,0.7,4.2,18.3,2.5,0,44508,0,2,0, 
24.7300,6.0,-1.0,-0.3,0.6,2.8,15.8,1.3,0,44514,0,3,0, 
24.7333,5.2,-1.7,-0.7,1.6,1.7,13.9,0.3,0,44520,0,4,0, 
24.7367,4.1,-2.0,-0.3,3.1,0.9,12.6,-0.9,0,44526,0,5,0, 
24.7400,4.1,-2.1,0.3,4.2,0.3,12.1,-2.3,0,44532,0,6,0, 
24.7433,5.8,-1.8,1.3,4.6,-0.2,12.4,-3.1,0,44538,0,7,0, 
24.7467,8.5,-0.9,2.7,4.9,-0.6,13.5,-2.6,0,44544,0,8,0, 
24.7500,10.8,0.3,4.5,5.5,-0.6,14.9,-0.7,0,44550,0,9,0, 
24.7533,11.9,1.1,5.6,6.2,-0.4,15.9,1.5,0,44556,0,10,0, 
24.7567,11.7,0.6,5.0,6.5,0.1,16.1,2.5,0,44562,0,11,0, 
24.7600,10.6,-1.3,2.7,5.5,0.6,15.4,1.6,0,44568,0,12,0, 
24.7633,9.0,-3.8,-0.5,3.5,0.9,14.1,-0.7,0,44574,0,13,0, 
24.7667,6.6,-5.7,-2.7,1.6,0.8,12.6,-3.2,0,44580,0,14,0, 
24.7700,3.1,-6.2,-2.8,1.0,0.6,11.2,-4.8,0,44586,0,15,0, 
24.7733,-1.2,-5.2,-0.9,1.9,0.2,9.9,-5.3,0,44592,0,16,0, 
24.7767,-5.3,-3.7,1.7,3.7,-0.2,8.8,-5.4,0,44598,0,17,0, 
24.7800,-7.7,-3.2,3.3,5.2,-0.7,8.0,-6.0,0,44604,0,18,0, 
24.7833,-7.9,-4.6,2.9,5.5,-1.3,7.6,-7.3,0,44610,0,19,0, 
24.7867,-6.5,-7.9,0.6,4.6,-2.0,7.6,-8.9,0,44616,0,20,0, 
24.7900,-5.3,-12.1,-2.7,3.1,-2.6,7.8,-9.9,0,44622,0,21,0, 
24.7933,-5.6,-15.8,-5.8,1.9,-2.7,7.6,-9.7,0,44628,0,22,0, 
24.7967,-7.4,-17.8,-7.9,1.4,-2.1,7.0,-8.5,0,44634,0,23,0, 
24.8000,-9.6,-17.5,-8.6,1.3,-0.9,6.0,-7.0,0,44640,0,24,0, 
24.8033,-10.4,-15.8,-8.1,1.2,0.5,4.9,-6.1,0,44646,0,25,0, 
24.8067,-9.0,-13.8,-7.0,0.8,1.4,4.2,-6.4,0,44652,0,26,0, 
24.8100,-5.9,-12.5,-6.0,0.0,1.6,3.9,-7.5,0,44658,0,27,0, 
24.8133,-2.4,-12.3,-5.5,-0.5,1.0,3.8,-8.9,0,44664,0,28,0, 
24.8167,-0.1,-12.6,-5.7,-0.5,-0.3,3.3,-9.7,0,44670,0,29,0, 
24.8200,0.4,-12.5,-6.2,0.2,-1.6,2.2,-9.7,0,44676,0,30,0, 
24.8233,-0.6,-11.6,-6.7,1.1,-2.9,0.5,-8.8,0,44682,0,31,0, 
24.8267,-1.9,-9.9,-6.8,1.7,-3.7,-1.3,-7.6,0,44688,0,32,0, 
24.8300,-2.4,-7.9,-6.3,1.6,-3.9,-2.4,-6.2,0,44694,0,33,0, 
24.8333,-1.2,-6.0,-5.1,0.8,-3.2,-2.2,-4.6,0,44700,0,34,0, 
24.8367,1.9,-4.3,-3.2,0.0,-1.8,-0.7,-3.0,0,44706,0,35,0, 
24.8400,6.1,-3.0,-0.6,-0.4,-0.2,1.4,-1.5,0,44712,0,36,0, 
24.8433,9.8,-2.6,2.0,-0.3,0.8,2.7,-1.0,0,44718,0,37,0, 
24.8467,11.3,-3.8,3.1,0.1,0.4,2.4,-2.3,0,44724,0,38,0, 
24.8500,9.5,-7.0,1.7,0.2,-1.4,0.2,-5.3,0,44730,0,39,0, 
24.8533,4.9,-11.7,-2.2,-0.1,-3.6,-2.7,-9.4,0,44736,0,40,0, 
24.8567,-0.4,-16.6,-7.2,-0.5,-4.9,-4.7,-13.0,0,44742,0,41,0, 
24.8600,-3.8,-20.1,-11.1,-0.7,-4.7,-4.7,-14.8,0,44748,0,42,0, 
24.8633,-3.9,-21.3,-12.5,-0.5,-3.2,-2.8,-14.4,0,44754,0,43,0, 
24.8667,-1.6,-20.7,-11.6,-0.3,-1.7,-0.3,-12.5,0,44760,0,44,0, 
24.8700,0.8,-19.3,-9.9,-0.7,-1.4,1.1,-10.6,0,44766,0,45,0, 
24.8733,0.9,-18.0,-9.2,-1.8,-2.6,0.9,-9.8,0,44772,0,46,0, 
24.8767,-1.8,-16.9,-9.7,-3.3,-4.3,-0.5,-10.0,0,44778,0,47,0, 
24.8800,-5.5,-15.0,-10.2,-4.3,-5.4,-1.5,-10.1,0,44784,0,48,0, 
24.8833,-7.5,-11.6,-9.2,-4.4,-5.0,-1.3,-9.1,0,44790,0,49,0, 
24.8867,-6.2,-6.6,-6.2,-3.6,-3.4,0.1,-6.5,0,44796,0,50,0, 
24.8900,-2.9,-1.3,-2.4,-2.6,-2.0,1.7,-3.1,0,44802,0,51,0, 
24.8933,-0.3,2.9,0.1,-2.1,-1.6,2.3,0.0,0,44808,0,52,0, 
24.8967,-0.7,4.8,-0.1,-2.3,-2.3,2.1,1.7,0,44814,0,53,0, 
24.9000,-4.3,4.4,-2.8,-3.1,-3.4,1.9,2.0,0,44820,0,54,0, 
24.9033,-9.0,2.4,-6.4,-4.3,-3.7,2.9,1.6,0,44826,0,55,0, 
24.9067,-12.3,-0.2,-9.1,-5.6,-2.9,5.0,1.1,0,44832,0,56,0, 
24.9100,-13.2,-2.5,-10.2,-7.0,-1.8,7.0,0.8,0,44838,0,57,0, 
24.9133,-12.7,-4.0,-9.9,-8.2,-1.2,7.2,0.5,0,44844,0,58,0, 
24.9167,-12.1,-4.8,-8.9,-8.9,-2.0,5.2,0.0,0,44850,0,59,0, 
24.9200,-11.8,-5.0,-8.0,-8.9,-3.6,1.9,-0.9,0,44856,0,60,0, 
24.9233,-10.7,-4.9,-7.5,-8.4,-5.1,-1.0,-1.6,0,44862,0,61,0, 
24.9267,-7.5,-4.7,-7.3,-7.9,-5.5,-1.8,-1.8,0,44868,0,62,0, 
24.9300,-2.5,-4.2,-7.2,-8.2,-4.6,-0.3,-1.3,0,44874,0,63,0, 
24.9333,2.9,-3.3,-7.0,-9.0,-2.8,2.5,-0.3,0,44880,0,64,0, 
24.9367,6.7,-1.8,-6.2,-9.8,-0.7,5.2,1.3,0,44886,0,65,0, 
24.9400,8.4,0.3,-4.6,-9.8,1.5,7.0,3.3,0,44892,0,66,0, 
24.9433,9.6,2.5,-2.6,-8.8,3.7,8.2,5.5,0,44898,0,67,0, 
24.9467,11.9,4.1,-1.3,-7.5,5.8,9.4,7.6,0,44904,0,68,0, 
24.9500,15.8,4.5,-1.7,-7.0,7.3,11.1,9.2,0,44910,0,69,0, 
24.9533,19.4,3.8,-4.4,-7.9,7.4,12.8,10.1,0,44916,0,70,0, 
24.9567,20.3,2.6,-8.2,-9.8,5.8,13.5,10.1,0,44922,0,71,0, 
24.9600,17.5,2.0,-11.3,-11.2,2.7,12.9,9.5,0,44928,0,72,0, 
24.9633,12.5,2.5,-12.0,-11.1,-0.5,11.2,8.7,0,44934,0,73,0, 
24.9667,8.4,4.2,-9.7,-9.4,-2.8,9.2,7.8,0,44940,0,74,0, 
24.9700,7.2,6.4,-5.7,-6.7,-3.3,7.7,6.8,0,44946,0,75,0, 
24.9733,8.6,8.2,-2.0,-4.2,-2.5,7.1,5.6,0,44952,0,76,0, 
24.9767,10.3,9.0,-0.1,-2.5,-1.3,6.8,4.4,0,44958,0,77,0, 
24.9800,10.2,8.8,-0.1,-1.6,-0.7,6.4,3.2,0,44964,0,78,0, 
24.9833,7.9,7.9,-1.1,-0.9,-0.7,5.6,2.2,0,44970,0,79,0, 
24.9867,5.0,7.1,-1.9,-0.2,-0.9,4.8,1.6,0,44976,0,80,0, 
24.9900,3.5,7.1,-1.9,0.5,-0.6,4.5,1.4,0,44982,0,81,0, 
24.9933,4.4,7.9,-1.3,0.8,0.3,4.8,1.5,0,44988,0,82,0, 
24.9967,6.8,9.4,-0.5,0.8,1.4,5.3,2.0,0,44994,0,83,0, 
25.0000,9.2,10.9,0.1,0.8,1.8,5.2,2.7,0,45000,0,84,0, 
25.0033,10.4,11.9,0.5,1.1,1.2,4.3,3.6,0,45006,0,85,0, 
25.0067,10.1,12.2,0.7,1.6,-0.2,3.0,4.4,0,45012,0,86,0, 
25.0100,9.0,12.0,0.8,1.6,-1.5,2.1,5.1,0,45018,0,87,0, 
25.0133,7.9,11.8,0.8,0.8,-2.0,2.2,5.7,0,45024,0,88,0, 
25.0167,7.2,11.7,0.7,-0.6,-1.4,3.4,6.5,0,45030,0,89,0, 
25.0200,6.9,11.7,0.4,-1.7,0.0,5.0,7.9,0,45036,0,90,0, 
25.0233,6.5,11.5,0.0,-1.5,1.2,6.3,9.7,0,45042,0,91,0, 
25.0267,5.7,10.7,-0.3,0.0,1.6,7.1,11.4,0,45048,0,92,0, 
25.0300,4.6,9.7,-0.1,2.2,1.2,7.7,12.3,0,45054,0,93,0, 
25.0333,3.5,9.3,0.8,4.1,0.3,8.2,11.9,0,45060,0,94,0, 
25.0367,2.9,9.7,2.4,4.8,-0.1,8.6,10.2,0,45066,0,95,0, 
25.0400,3.3,10.7,4.4,4.5,0.3,8.1,7.6,0,45072,0,96,0, 
25.0433,4.2,11.2,5.5,3.8,1.3,6.1,4.6,0,45078,0,97,0, 
25.0467,4.8,10.2,4.8,3.2,1.9,2.9,2.0,0,45084,0,98,0, 
25.0500,4.2,7.8,2.4,3.1,1.7,-0.4,0.3,0,45090,0,99,0, 
25.0533,2.4,4.9,-0.9,2.8,0.6,-2.6,-0.3,0,45096,0,100,0, 
25.0567,0.2,3.0,-3.3,1.9,-0.7,-3.1,0.0,0,45102,0,101,0, 
25.0600,-1.1,2.7,-4.1,0.5,-1.3,-2.3,0.8,0,45108,0,102,0, 
25.0633,-0.5,3.6,-3.4,-1.0,-1.1,-1.2,1.3,0,45114,0,103,0, 
25.0667,2.0,4.2,-2.6,-1.8,-0.5,-0.4,1.2,0,45120,0,104,0, 
25.0700,5.5,3.8,-2.9,-1.6,-0.2,0.0,0.5,0,45126,0,105,0, 
25.0733,8.7,2.6,-4.1,-0.7,-0.8,0.3,-0.3,0,45132,0,106,0, 
25.0767,10.7,1.7,-4.9,0.5,-2.0,0.6,-0.9,0,45138,0,107,0, 
25.0800,11.3,2.1,-3.7,1.3,-3.2,0.6,-1.5,0,45144,0,108,0, 
25.0833,10.7,4.1,0.0,1.6,-3.8,-0.3,-2.3,0,45150,0,109,0, 
25.0867,9.2,6.8,4.9,1.5,-3.8,-2.1,-3.8,0,45156,0,110,0, 
25.0900,7.2,9.1,8.8,1.5,-3.3,-4.3,-6.0,0,45162,0,111,0, 
25.0933,5.3,10.3,10.2,1.5,-2.9,-6.2,-8.3,0,45168,0,112,0, 
25.0967,3.8,10.5,8.9,1.7,-2.8,-7.3,-9.9,0,45174,0,113,0, 
25.1000,2.9,10.5,6.3,1.8,-2.7,-7.5,-10.3,0,45180,0,114,0, 
25.1033,2.6,10.7,4.2,1.6,-2.6,-7.2,-9.3,0,45186,0,115,0, 
25.1067,2.4,11.1,3.3,1.3,-2.2,-6.7,-7.2,0,45192,0,116,0, 
25.1100,2.4,11.6,3.5,1.1,-1.8,-5.8,-4.4,0,45198,0,117,0, 
25.1133,2.5,11.8,4.1,1.1,-1.4,-4.3,-1.0,0,45204,0,118,0, 
25.1167,2.9,11.9,4.5,1.4,-1.2,-2.3,2.6,0,45210,0,119,0, 
25.1200,3.2,12.0,4.4,1.8,-1.2,-0.7,5.9,0,45216,0,120,0, 
25.1233,3.0,12.4,4.0,2.2,-1.4,0.1,8.3,0,45222,0,121,0, 
25.1267,1.5,12.7,3.3,2.2,-1.9,-0.3,9.1,0,45228,0,122,0, 
25.1300,-1.0,12.5,2.5,1.9,-2.5,-1.3,8.3,0,45234,0,123,0, 
25.1333,-3.6,11.4,1.4,1.4,-3.0,-2.3,6.5,0,45240,0,124,0, 
25.1367,-5.3,9.5,0.2,1.2,-3.1,-2.8,4.7,0,45246,0,125,0, 
25.1400,-5.4,7.5,-0.7,1.3,-2.8,-2.9,3.8,0,45252,0,126,0, 
25.1433,-4.6,6.4,-1.1,1.8,-2.4,-2.9,4.1,0,45258,0,127,0, 
25.1467,-4.1,6.5,-0.9,2.5,-2.0,-3.1,5.6,0,45264,0,128,0, 
25.1500,-4.8,8.0,-0.2,3.1,-1.6,-3.0,7.6,0,45270,0,129,0, 
25.1533,-6.5,10.1,0.7,3.3,-1.2,-2.6,9.7,0,45276,0,130,0, 
25.1567,-8.3,12.2,1.7,3.0,-0.4,-2.0,11.3,0,45282,0,131,0, 
25.1600,-9.1,13.5,2.8,2.4,0.7,-1.5,12.1,0,45288,0,132,0, 
25.1633,-8.8,14.4,4.0,1.5,1.8,-1.7,11.9,0,45294,0,133,0, 
25.1667,-8.3,15.2,5.1,0.5,2.6,-2.5,10.7,0,45300,0,134,0, 
25.1700,-8.4,16.3,6.2,-0.6,3.0,-3.1,9.1,0,45306,0,135,0, 
25.1733,-9.4,17.8,7.1,-1.6,3.4,-2.4,7.9,0,45312,0,136,0, 
25.1767,-10.6,19.4,8.0,-2.1,4.1,-0.1,7.8,0,45318,0,137,0, 
25.1800,-10.6,20.7,9.1,-2.0,5.1,3.5,9.1,0,45324,0,138,0, 
25.1833,-8.3,21.4,10.3,-1.3,5.8,7.3,11.3,0,45330,0,139,0, 
25.1867,-3.9,21.8,11.4,-0.1,5.5,10.2,13.4,0,45336,0,140,0, 
25.1900,1.3,22.0,12.3,1.2,4.0,11.8,14.5,0,45342,0,141,0, 
25.1933,5.2,22.4,12.6,2.5,1.7,12.3,14.4,0,45348,0,142,0, 
25.1967,6.1,23.0,12.6,3.6,-0.5,12.0,13.3,0,45354,0,143,0, 
25.2000,3.7,23.9,12.7,4.3,-1.7,11.1,11.9,0,45360,0,144,0, 
25.2033,-0.8,25.1,13.5,4.7,-1.8,9.6,10.9,0,45366,0,145,0, 
25.2067,-5.0,26.2,15.1,4.7,-1.1,7.8,11.0,0,45372,0,146,0, 
25.2100,-7.1,27.0,17.0,4.4,0.0,6.4,12.3,0,45378,0,147,0, 
25.2133,-6.7,26.9,18.6,4.3,1.3,6.4,14.7,0,45384,0,148,0, 
25.2167,-4.5,26.0,19.2,4.7,2.7,8.3,18.1,0,45390,0,149,0, 
25.2200,-2.1,24.6,18.9,5.6,4.3,11.6,21.9,0,45396,0,150,0, 
25.2233,-0.7,23.2,17.9,6.5,6.0,15.1,25.1,0,45402,0,151,0, 
25.2267,-0.5,22.2,16.6,6.7,7.4,17.1,26.6,0,45408,0,152,0, 
25.2300,-1.6,21.1,15.0,5.3,8.1,16.9,25.8,0,45414,0,153,0, 
25.2333,-3.8,18.9,12.7,2.4,7.9,14.8,22.6,0,45420,0,154,0, 
25.2367,-6.4,15.2,9.5,-0.8,6.9,11.9,17.9,0,45426,0,155,0, 
25.2400,-8.6,10.3,5.8,-3.2,5.9,9.7,13.3,0,45432,0,156,0, 
25.2433,-8.8,5.5,2.5,-4.1,5.1,9.0,10.3,0,45438,0,157,0, 
25.2467,-6.4,2.2,0.7,-3.4,4.7,9.8,9.3,0,45444,0,158,0, 
25.2500,-2.2,0.7,1.0,-2.1,4.7,11.1,9.9,0,45450,0,159,0, 
25.2533,0.9,0.3,2.7,-1.3,4.7,12.1,10.6,0,45456,0,160,0, 
25.2567,0.5,0.1,4.6,-1.3,4.5,12.2,10.2,0,45462,0,161,0, 
25.2600,-3.9,-0.2,5.5,-2.1,4.4,11.7,8.8,0,45468,0,162,0, 
25.2633,-9.5,0.1,4.8,-3.2,4.6,11.6,7.4,0,45474,0,163,0, 
25.2667,-12.2,1.8,3.1,-4.3,5.4,12.5,7.2,0,45480,0,164,0, 
25.2700,-9.7,4.9,1.4,-5.3,6.8,14.3,8.7,0,45486,0,165,0, 
25.2733,-3.7,8.0,0.5,-6.3,8.2,15.7,10.6,0,45492,0,166,0, 
25.2767,1.0,9.3,0.3,-7.2,8.7,15.2,11.1,0,45498,0,167,0, 
25.2800,-0.1,7.9,-0.1,-7.8,8.0,12.2,8.9,0,45504,0,168,0, 
25.2833,-7.4,4.7,-1.3,-7.7,6.2,7.6,4.7,0,45510,0,169,0, 
25.2867,-17.3,1.8,-3.2,-6.8,4.3,3.3,0.8,0,45516,0,170,0, 
25.2900,-24.4,1.0,-4.6,-5.5,3.6,1.3,-0.5,0,45522,0,171,0, 
25.2933,-25.5,2.7,-4.1,-4.2,4.4,1.9,1.4,0,45528,0,172,0, 
25.2967,-21.5,5.4,-1.3,-3.4,6.1,3.8,4.9,0,45534,0,173,0, 
25.3000,-15.9,7.0,2.5,-3.3,7.4,5.2,7.6,0,45540,0,174,0, 
25.3033,-11.9,6.1,4.8,-3.9,7.2,4.7,7.6,0,45546,0,175,0, 
25.3067,-10.0,3.0,3.9,-4.9,5.5,2.9,5.4,0,45552,0,176,0, 
25.3100,-8.6,-0.6,-0.4,-5.9,3.3,1.2,3.1,0,45558,0,177,0, 
25.3133,-6.1,-3.0,-6.1,-6.6,2.1,1.1,2.6,0,45564,0,178,0, 
25.3167,-2.6,-3.5,-10.5,-7.0,2.6,2.9,4.3,0,45570,0,179,0, 
25.3200,0.5,-2.6,-11.9,-7.4,4.3,5.4,6.7,0,45576,0,180,0, 
25.3233,1.8,-1.6,-10.3,-8.0,5.9,6.8,7.5,0,45582,0,181,0, 
25.3267,1.8,-1.3,-7.2,-8.8,6.5,6.2,5.6,0,45588,0,182,0, 
25.3300,2.2,-1.8,-4.5,-9.5,5.7,4.0,2.1,0,45594,0,183,0, 
25.3333,4.6,-2.1,-3.3,-9.9,4.3,1.9,-0.7,0,45600,0,184,0, 
25.3367,8.8,-1.3,-3.2,-9.8,3.5,1.4,-0.5,0,45606,0,185,0, 
25.3400,12.7,0.8,-2.9,-9.2,3.9,2.9,2.8,0,45612,0,186,0, 
25.3433,13.7,3.2,-1.9,-8.6,4.9,5.5,6.9,0,45618,0,187,0, 
25.3467,11.0,4.6,-0.4,-8.1,5.6,7.4,9.1,0,45624,0,188,0, 
25.3500,5.7,3.8,0.4,-7.9,5.0,7.0,7.6,0,45630,0,189,0, 
25.3533,0.1,0.9,-0.5,-7.8,3.3,4.1,2.7,0,45636,0,190,0, 
25.3567,-3.8,-2.7,-2.8,-7.4,1.3,0.0,-3.4,0,45642,0,191,0, 
25.3600,-5.2,-5.3,-5.4,-6.7,0.1,-3.5,-8.2,0,45648,0,192,0, 
25.3633,-4.6,-5.8,-6.3,-5.7,0.3,-5.0,-10.6,0,45654,0,193,0, 
25.3667,-2.8,-4.5,-4.3,-4.7,1.5,-4.3,-10.9,0,45660,0,194,0, 
25.3700,-0.5,-2.4,0.0,-3.8,2.8,-2.4,-10.5,0,45666,0,195,0, 
25.3733,1.7,-0.7,4.6,-2.9,3.3,-0.7,-10.3,0,45672,0,196,0, 
25.3767,3.3,0.0,7.5,-2.1,2.9,0.1,-10.3,0,45678,0,197,0, 
25.3800,4.0,0.1,7.6,-1.4,2.0,0.3,-10.1,0,45684,0,198,0, 
25.3833,3.7,0.4,6.1,-1.0,1.2,0.6,-9.5,0,45690,0,199,0, 
25.3867,3.0,1.2,4.7,-0.9,1.0,1.2,-8.8,0,45696,0,200,0, 
25.3900,2.3,2.2,4.6,-1.0,1.5,1.8,-8.7,0,45702,0,201,0, 
25.3933,2.1,2.7,5.0,-1.1,2.3,1.7,-9.1,0,45708,0,202,0, 
25.3967,2.0,2.1,4.0,-1.2,3.5,0.9,-9.3,0,45714,0,203,0, 
25.4000,1.3,0.7,0.5,-1.1,5.0,0.0,-8.3,0,45720,0,204,0, 
25.4033,-0.1,-1.0,-4.4,-0.9,6.6,0.0,-5.6,0,45726,0,205,0, 
25.4067,-1.8,-2.5,-8.0,-0.6,7.9,1.3,-2.2,0,45732,0,206,0, 
25.4100,-3.0,-3.4,-8.1,-0.3,8.4,3.6,0.4,0,45738,0,207,0, 
25.4133,-2.9,-3.9,-4.6,0.2,7.8,5.7,1.1,0,45744,0,208,0, 
25.4167,-1.6,-4.3,-0.5,0.7,6.5,6.6,0.1,0,45750,0,209,0, 
25.4200,0.1,-4.7,0.9,1.0,5.1,6.0,-1.4,0,45756,0,210,0, 
25.4233,1.0,-5.2,-1.6,0.6,4.0,4.3,-2.1,0,45762,0,211,0, 
25.4267,0.5,-5.8,-6.5,-0.5,3.3,2.1,-1.7,0,45768,0,212,0, 
25.4300,-1.4,-6.8,-10.9,-2.3,2.3,-0.4,-1.1,0,45774,0,213,0, 
25.4333,-4.4,-8.6,-13.1,-4.3,0.3,-3.3,-1.9,0,45780,0,214,0, 
25.4367,-8.3,-11.7,-14.1,-6.0,-2.6,-7.0,-4.8,0,45786,0,215,0, 
25.4400,-12.7,-15.7,-15.8,-6.9,-5.7,-11.1,-9.7,0,45792,0,216,0, 
25.4433,-17.2,-20.0,-19.7,-7.2,-8.1,-15.0,-15.2,0,45798,0,217,0, 
25.4467,-21.3,-23.8,-24.9,-7.2,-9.5,-17.9,-19.9,0,45804,0,218,0, 
25.4500,-24.4,-26.5,-29.0,-7.3,-10.1,-19.7,-23.5,0,45810,0,219,0, 
25.4533,-26.9,-28.4,-30.2,-7.9,-10.6,-20.9,-26.2,0,45816,0,220,0, 
25.4567,-29.2,-29.9,-29.2,-9.2,-11.4,-22.5,-28.6,0,45822,0,221,0, 
25.4600,-32.0,-31.6,-27.8,-11.0,-12.5,-24.9,-30.9,0,45828,0,222,0, 
25.4633,-35.2,-33.3,-27.9,-12.9,-13.3,-27.5,-32.5,0,45834,0,223,0, 
25.4667,-37.7,-34.1,-29.4,-14.3,-13.4,-28.9,-32.6,0,45840,0,224,0, 
25.4700,-38.4,-33.5,-30.7,-14.7,-13.0,-28.4,-31.2,0,45846,0,225,0, 
25.4733,-37.2,-31.5,-29.8,-14.2,-12.7,-26.6,-29.1,0,45852,0,226,0, 
25.4767,-35.0,-28.9,-26.9,-12.9,-13.2,-25.5,-27.8,0,45858,0,227,0, 
25.4800,-33.7,-27.2,-23.5,-11.6,-14.4,-26.9,-28.2,0,45864,0,228,0, 
25.4833,-34.4,-27.3,-22.1,-11.1,-15.9,-31.2,-30.2,0,45870,0,229,0, 
25.4867,-36.4,-29.1,-23.8,-11.6,-16.7,-35.8,-32.5,0,45876,0,230,0, 
25.4900,-38.5,-31.5,-27.8,-12.7,-16.4,-37.6,-33.2,0,45882,0,231,0, 
25.4933,-39.1,-32.9,-31.8,-13.7,-15.0,-34.4,-31.4,0,45888,0,232,0, 
25.4967,-38.0,-32.3,-33.3,-13.7,-12.9,-27.4,-27.5,0,45894,0,233,0, 
25.5000,-36.0,-29.8,-31.2,-12.5,-10.8,-20.6,-23.1,0,45900,0,234,0, 
25.5033,-34.6,-26.2,-26.1,-10.5,-9.4,-17.9,-20.1,0,45906,0,235,0, 
25.5067,-34.5,-22.7,-20.0,-8.2,-8.6,-20.8,-19.2,0,45912,0,236,0, 
25.5100,-35.2,-20.5,-15.0,-6.4,-8.3,-26.9,-20.3,0,45918,0,237,0, 
25.5133,-35.6,-19.6,-12.7,-5.4,-8.0,-31.9,-21.8,0,45924,0,238,0, 
25.5167,-34.7,-19.3,-13.0,-5.1,-7.4,-32.1,-22.1,0,45930,0,239,0, 
25.5200,-31.8,-18.5,-14.7,-5.0,-6.4,-27.2,-20.6,0,45936,0,240,0, 
25.5233,-27.4,-16.3,-15.6,-4.7,-5.2,-19.8,-17.5,0,45942,0,241,0, 
25.5267,-22.7,-12.6,-14.3,-3.8,-4.1,-13.3,-13.9,0,45948,0,242,0, 
25.5300,-18.9,-8.5,-10.9,-2.4,-3.3,-9.5,-11.1,0,45954,0,243,0, 
25.5333,-17.0,-5.5,-6.9,-0.8,-2.9,-8.5,-10.0,0,45960,0,244,0, 
25.5367,-17.3,-4.8,-4.2,0.5,-2.8,-8.8,-10.6,0,45966,0,245,0, 
25.5400,-19.2,-6.2,-3.9,1.1,-3.1,-9.4,-12.3,0,45972,0,246,0, 
25.5433,-21.0,-8.8,-5.3,0.8,-3.6,-10.3,-14.0,0,45978,0,247,0, 
25.5467,-21.6,-11.0,-6.9,-0.3,-4.4,-12.0,-14.9,0,45984,0,248,0, 
25.5500,-20.6,-11.9,-7.1,-1.6,-5.3,-14.9,-15.1,0,45990,0,249,0, 
25.5533,-18.6,-11.6,-5.7,-2.8,-6.3,-18.2,-14.7,0,45996,0,250,0, 
25.5567,-17.0,-10.8,-4.1,-3.6,-6.8,-20.6,-14.3,0,46002,0,251,0, 
25.5600,-16.6,-10.5,-3.7,-3.9,-6.4,-20.6,-13.8,0,46008,0,252,0, 
25.5633,-17.2,-10.6,-5.2,-3.6,-4.9,-17.5,-12.8,0,46014,0,253,0, 
25.5667,-17.7,-10.6,-7.5,-2.8,-2.7,-11.9,-10.9,0,46020,0,254,0, 
25.5700,-16.6,-9.9,-9.0,-1.4,-0.3,-5.7,-7.8,0,46026,0,255,0, 
25.5733,-13.8,-8.2,-8.2,0.3,1.7,-0.7,-4.3,0,46032,0,0,0, 
25.5767,-10.1,-5.6,-5.2,1.8,2.8,1.4,-0.9,0,46038,0,1,0, 
25.5800,-7.0,-2.6,-1.7,2.3,3.1,0.7,1.6,0,46044,0,2,0, 
25.5833,-5.8,0.5,0.4,1.4,2.7,-1.3,3.2,0,46050,0,3,0, 
25.5867,-6.6,3.6,0.3,-0.7,1.9,-3.0,4.3,0,46056,0,4,0, 
25.5900,-8.3,6.2,-1.5,-3.1,0.7,-3.3,5.0,0,46062,0,5,0, 
25.5933,-9.9,8.2,-3.1,-4.5,-0.7,-3.0,5.6,0,46068,0,6,0, 
25.5967,-10.6,9.1,-3.2,-4.4,-2.0,-3.1,5.9,0,46074,0,7,0, 
25.6000,-10.4,9.0,-1.5,-2.6,-2.8,-4.1,5.9,0,46080,0,8,0, 
25.6033,-9.7,8.2,0.7,-0.2,-2.8,-5.1,5.7,0,46086,0,9,0, 
25.6067,-8.6,7.2,2.0,1.8,-1.9,-4.1,5.8,0,46092,0,10,0, 
25.6100,-7.3,6.3,1.8,2.8,-0.2,-0.5,6.4,0,46098,0,11,0, 
25.6133,-6.1,5.7,0.8,2.9,1.4,4.3,7.2,0,46104,0,12,0, 
25.6167,-5.4,5.3,0.7,2.8,2.2,7.3,7.9,0,46110,0,13,0, 
25.6200,-5.8,5.0,2.2,3.0,1.7,6.4,8.0,0,46116,0,14,0, 
25.6233,-7.2,4.7,4.7,3.7,0.2,2.0,7.2,0,46122,0,15,0, 
25.6267,-9.0,4.3,6.4,4.5,-1.5,-3.1,5.6,0,46128,0,16,0, 
25.6300,-10.0,3.9,6.0,5.0,-2.6,-5.7,3.7,0,46134,0,17,0, 
25.6333,-9.3,3.5,3.6,5.1,-2.9,-4.8,2.0,0,46140,0,18,0, 
25.6367,-7.3,3.4,1.1,4.7,-2.4,-1.9,1.1,0,46146,0,19,0, 
25.6400,-5.3,4.0,0.6,4.4,-1.9,0.6,1.9,0,46152,0,20,0, 
25.6433,-4.3,5.5,2.8,4.5,-1.8,1.5,4.5,0,46158,0,21,0, 
25.6467,-4.6,7.6,6.7,5.2,-2.0,2.0,8.4,0,46164,0,22,0, 
25.6500,-5.4,9.6,10.2,6.4,-1.9,3.7,12.7,0,46170,0,23,0, 
25.6533,-5.4,10.9,12.0,7.5,-1.0,7.2,16.0,0,46176,0,24,0, 
25.6567,-4.0,11.6,11.9,8.2,0.5,10.5,17.4,0,46182,0,25,0, 
25.6600,-1.6,12.3,11.1,8.1,2.1,11.0,17.1,0,46188,0,26,0, 
25.6633,0.6,13.3,10.5,7.4,3.0,8.0,15.8,0,46194,0,27,0, 
25.6667,1.7,14.6,10.3,6.5,2.7,3.6,14.3,0,46200,0,28,0, 
25.6700,1.6,15.4,10.1,5.9,1.3,1.3,13.1,0,46206,0,29,0, 
25.6733,1.1,15.4,10.1,6.1,-0.3,3.2,12.4,0,46212,0,30,0, 
25.6767,1.1,14.7,11.2,6.9,-1.5,8.2,11.9,0,46218,0,31,0, 
25.6800,1.9,14.3,14.2,7.8,-2.0,12.8,11.8,0,46224,0,32,0, 
25.6833,3.4,14.8,18.2,8.1,-1.9,13.9,12.2,0,46230,0,33,0, 
25.6867,5.0,16.0,21.1,7.6,-1.4,11.4,13.4,0,46236,0,34,0, 
25.6900,6.3,16.8,20.4,6.5,-0.9,7.9,15.3,0,46242,0,35,0, 
25.6933,7.1,16.4,15.9,5.6,-0.7,6.7,17.3,0,46248,0,36,0, 
25.6967,7.4,14.7,9.6,5.5,-0.9,8.3,18.7,0,46254,0,37,0, 
25.7000,7.2,12.5,5.3,6.4,-1.8,10.5,18.9,0,46260,0,38,0, 
25.7033,6.9,10.4,4.9,7.6,-3.1,9.9,17.8,0,46266,0,39,0, 
25.7067,6.7,8.7,7.5,8.2,-4.3,5.5,15.8,0,46272,0,40,0, 
25.7100,6.8,6.6,9.9,7.6,-4.5,-0.3,13.3,0,46278,0,41,0, 
25.7133,7.3,4.0,9.2,6.1,-3.5,-3.7,11.2,0,46284,0,42,0, 
25.7167,7.8,1.4,5.7,4.5,-1.8,-2.2,9.6,0,46290,0,43,0, 
25.7200,7.8,0.4,2.4,3.5,-0.2,2.8,9.0,0,46296,0,44,0, 
25.7233,7.0,1.9,2.1,3.4,0.4,7.3,9.2,0,46302,0,45,0, 
25.7267,5.7,5.5,5.3,3.6,-0.2,7.4,10.0,0,46308,0,46,0, 
25.7300,4.5,9.1,9.1,3.5,-1.5,2.6,10.8,0,46314,0,47,0, 
25.7333,4.0,10.8,10.0,2.9,-3.0,-4.4,11.2,0,46320,0,48,0, 
25.7367,4.6,9.8,6.6,2.2,-4.1,-9.7,10.9,0,46326,0,49,0, 
25.7400,6.2,7.0,1.1,2.1,-5.0,-10.9,9.9,0,46332,0,50,0, 
25.7433,8.1,4.7,-2.9,2.6,-5.9,-8.6,8.7,0,46338,0,51,0, 
25.7467,9.7,4.2,-2.7,3.2,-6.7,-5.2,7.7,0,46344,0,52,0, 
25.7500,10.3,5.5,0.9,3.1,-7.2,-2.7,7.2,0,46350,0,53,0, 
25.7533,10.1,7.4,4.7,2.3,-7.2,-1.8,7.3,0,46356,0,54,0, 
25.7567,9.8,8.9,5.7,1.2,-6.8,-1.7,7.9,0,46362,0,55,0, 
25.7600,10.0,9.8,3.6,0.9,-6.2,-1.1,8.8,0,46368,0,56,0, 
25.7633,11.0,10.9,0.6,1.6,-5.9,0.4,9.9,0,46374,0,57,0, 
25.7667,12.1,12.6,-0.4,2.7,-5.4,2.5,11.1,0,46380,0,58,0, 
25.7700,12.0,15.0,1.4,3.1,-4.5,5.0,12.6,0,46386,0,59,0, 
25.7733,10.5,17.1,4.3,2.2,-2.8,7.5,14.3,0,46392,0,60,0, 
25.7767,8.5,18.1,5.9,0.4,-0.6,9.9,16.1,0,46398,0,61,0, 
25.7800,7.8,17.9,4.9,-1.3,1.1,11.8,17.7,0,46404,0,62,0, 
25.7833,9.8,17.2,2.9,-1.8,1.4,12.6,18.2,0,46410,0,63,0, 
25.7867,14.0,16.5,2.1,-1.5,0.1,12.1,17.3,0,46416,0,64,0, 
25.7900,17.9,16.1,3.7,-1.2,-2.2,10.6,15.0,0,46422,0,65,0, 
25.7933,18.7,15.2,6.1,-2.0,-4.1,8.3,12.1,0,46428,0,66,0, 
25.7967,15.4,13.6,6.2,-3.9,-4.9,5.6,9.6,0,46434,0,67,0, 
25.8000,10.0,11.2,2.4,-6.0,-4.5,2.4,8.3,0,46440,0,68,0, 
25.8033,5.6,8.8,-3.9,-6.9,-3.6,-1.2,7.9,0,46446,0,69,0, 
25.8067,4.8,7.4,-8.4,-6.0,-3.1,-4.3,7.8,0,46452,0,70,0, 
25.8100,7.5,7.3,-7.8,-3.8,-3.2,-5.8,7.4,0,46458,0,71,0, 
25.8133,11.4,8.2,-2.0,-1.5,-3.6,-4.8,6.7,0,46464,0,72,0, 
25.8167,14.1,8.8,5.3,-0.2,-3.5,-1.9,6.2,0,46470,0,73,0, 
25.8200,14.7,8.7,9.2,-0.5,-2.4,1.6,6.8,0,46476,0,74,0, 
25.8233,13.8,7.9,7.4,-1.7,-0.5,4.4,8.4,0,46482,0,75,0, 
25.8267,13.0,7.2,2.1,-2.9,1.4,6.0,10.8,0,46488,0,76,0, 
25.8300,13.2,7.5,-2.2,-3.3,2.6,7.0,12.9,0,46494,0,77,0, 
25.8333,14.1,9.0,-2.0,-2.6,2.5,8.0,14.0,0,46500,0,78,0, 
25.8367,15.2,10.8,2.5,-1.5,1.6,8.8,13.9,0,46506,0,79,0, 
25.8400,16.3,11.8,7.6,-0.3,0.5,8.6,12.8,0,46512,0,80,0, 
25.8433,17.4,11.6,9.7,0.4,-0.1,6.9,11.1,0,46518,0,81,0, 
25.8467,18.6,10.3,7.5,0.8,0.3,4.5,9.1,0,46524,0,82,0, 
25.8500,19.4,9.2,3.2,1.1,1.4,2.8,7.4,0,46530,0,83,0, 
25.8533,19.0,9.2,0.1,1.3,2.7,2.4,6.2,0,46536,0,84,0, 
25.8567,16.9,10.3,0.1,1.5,3.7,2.8,5.8,0,46542,0,85,0, 
25.8600,13.8,11.7,2.4,1.8,3.9,2.3,6.0,0,46548,0,86,0, 
25.8633,11.0,12.1,5.0,2.4,3.6,0.3,6.3,0,46554,0,87,0, 
25.8667,9.6,10.8,6.2,3.5,3.1,-2.1,5.9,0,46560,0,88,0, 
25.8700,9.7,8.1,5.9,4.9,2.7,-3.1,4.8,0,46566,0,89,0, 
25.8733,10.2,5.3,4.9,6.1,2.4,-2.2,3.1,0,46572,0,90,0, 
25.8767,10.2,3.1,3.8,6.3,2.0,-0.7,1.1,0,46578,0,91,0, 
25.8800,9.2,1.6,2.5,5.1,1.3,-1.3,-0.9,0,46584,0,92,0, 
25.8833,7.6,0.2,0.7,3.0,0.3,-5.2,-3.0,0,46590,0,93,0, 
25.8867,6.4,-1.4,-1.3,0.8,-0.5,-10.5,-5.1,0,46596,0,94,0, 
25.8900,6.1,-2.7,-2.4,-0.2,-0.2,-14.0,-6.8,0,46602,0,95,0, 
25.8933,6.9,-2.7,-1.7,0.2,1.3,-13.0,-7.3,0,46608,0,96,0, 
25.8967,8.6,-0.6,0.8,1.7,3.6,-8.3,-6.2,0,46614,0,97,0, 
25.9000,10.7,3.0,3.9,3.5,5.8,-3.4,-3.9,0,46620,0,98,0, 
25.9033,12.5,6.2,6.1,5.2,6.8,-1.5,-1.2,0,46626,0,99,0, 
25.9067,13.6,7.3,6.5,6.4,6.1,-3.3,0.6,0,46632,0,100,0, 
25.9100,13.5,5.7,5.5,7.2,4.3,-6.2,1.1,0,46638,0,101,0, 
25.9133,12.2,2.7,3.7,7.5,2.3,-7.0,0.7,0,46644,0,102,0, 
25.9167,10.2,0.6,2.1,6.9,1.1,-4.5,0.2,0,46650,0,103,0, 
25.9200,8.6,0.9,1.3,5.2,0.8,-0.5,0.4,0,46656,0,104,0, 
25.9233,8.1,3.5,1.4,2.6,0.9,1.9,0.9,0,46662,0,105,0, 
25.9267,8.6,6.5,2.3,0.0,0.7,0.7,1.0,0,46668,0,106,0, 
25.9300,9.2,7.9,3.3,-1.5,0.3,-3.1,0.5,0,46674,0,107,0, 
25.9333,9.0,6.7,3.4,-1.8,-0.2,-6.7,-0.6,0,46680,0,108,0, 
25.9367,7.6,3.7,1.6,-1.5,-0.2,-7.8,-1.4,0,46686,0,109,0, 
25.9400,5.9,0.6,-2.2,-1.6,0.5,-6.1,-1.6,0,46692,0,110,0, 
25.9433,5.1,-1.3,-6.6,-2.4,1.3,-3.7,-1.3,0,46698,0,111,0, 
25.9467,6.2,-1.3,-9.3,-3.8,1.5,-2.9,-1.4,0,46704,0,112,0, 
25.9500,8.7,-0.2,-8.5,-4.8,0.7,-4.4,-2.6,0,46710,0,113,0, 
25.9533,11.1,0.9,-4.3,-4.5,-0.8,-7.0,-4.9,0,46716,0,114,0, 
25.9567,12.0,0.9,0.8,-3.0,-2.1,-8.6,-7.3,0,46722,0,115,0, 
25.9600,10.7,-0.2,3.6,-1.1,-2.4,-7.7,-8.8,0,46728,0,116,0, 
25.9633,8.0,-1.9,2.6,0.4,-1.6,-4.6,-8.6,0,46734,0,117,0, 
25.9667,5.3,-3.3,-1.0,1.0,-0.1,-0.8,-6.8,0,46740,0,118,0, 
25.9700,3.9,-3.5,-4.2,0.8,1.2,1.9,-4.2,0,46746,0,119,0, 
25.9733,4.0,-2.4,-4.2,0.6,1.9,2.5,-1.8,0,46752,0,120,0, 
25.9767,4.8,-0.6,-0.8,0.8,1.7,1.2,-0.1,0,46758,0,121,0, 
25.9800,5.4,1.0,3.5,1.7,1.0,-1.1,0.6,0,46764,0,122,0, 
25.9833,5.2,1.7,5.7,2.9,0.2,-3.5,0.4,0,46770,0,123,0, 
25.9867,3.9,1.1,4.7,3.8,-0.6,-5.5,-0.4,0,46776,0,124,0, 
25.9900,2.0,-0.1,1.8,4.0,-1.2,-6.8,-1.5,0,46782,0,125,0, 
25.9933,-0.1,-1.0,-0.2,3.5,-1.7,-7.2,-2.4,0,46788,0,126,0, 
25.9967,-1.8,-0.8,0.4,2.8,-2.0,-6.7,-2.6,0,46794,0,127,0, 
26.0000,-2.6,0.2,3.0,2.4,-2.0,-5.3,-1.9,0,46800,0,128,0, 
26.0033,-2.0,1.3,5.1,2.6,-1.6,-3.6,-0.6,0,46806,0,129,0, 
26.0067,-0.2,1.5,4.8,3.1,-1.1,-2.2,0.6,0,46812,0,130,0, 
26.0100,2.1,0.2,2.3,3.2,-0.6,-1.7,0.8,0,46818,0,131,0, 
26.0133,3.5,-1.8,-0.1,2.6,-0.4,-1.7,-0.2,0,46824,0,132,0, 
26.0167,3.2,-3.1,-0.3,1.2,-0.5,-1.5,-2.0,0,46830,0,133,0, 
26.0200,1.8,-2.4,2.5,-0.4,-0.3,-0.4,-3.6,0,46836,0,134,0, 
26.0233,0.7,0.6,6.5,-1.3,0.2,1.3,-3.9,0,46842,0,135,0, 
26.0267,1.4,4.6,9.4,-0.9,1.0,2.5,-3.0,0,46848,0,136,0, 
26.0300,4.4,7.7,9.6,0.6,1.6,2.1,-1.6,0,46854,0,137,0, 
26.0333,8.3,8.0,7.0,2.3,1.5,-0.1,-1.0,0,46860,0,138,0, 
26.0367,11.2,5.1,3.1,3.4,0.6,-2.9,-2.0,0,46866,0,139,0, 
26.0400,11.4,0.4,-0.9,3.1,-0.6,-4.5,-4.2,0,46872,0,140,0, 
26.0433,9.2,-4.0,-3.8,1.7,-1.3,-4.0,-6.3,0,46878,0,141,0, 
26.0467,6.4,-6.4,-5.3,0.0,-1.2,-2.1,-7.1,0,46884,0,142,0, 
26.0500,4.9,-6.7,-5.3,-1.3,-0.3,-0.6,-6.2,0,46890,0,143,0, 
26.0533,5.1,-5.7,-3.9,-1.5,0.5,-1.2,-4.5,0,46896,0,144,0, 
26.0567,6.0,-4.6,-1.6,-1.0,0.3,-4.2,-3.0,0,46902,0,145,0, 
26.0600,5.8,-3.9,0.7,-0.1,-1.3,-8.3,-2.8,0,46908,0,146,0, 
26.0633,3.4,-3.2,2.1,0.4,-4.0,-11.8,-3.9,0,46914,0,147,0, 
26.0667,-0.6,-2.1,2.0,0.4,-6.8,-13.3,-5.5,0,46920,0,148,0, 
26.0700,-4.3,-0.5,0.7,0.1,-8.9,-12.8,-6.7,0,46926,0,149,0, 
26.0733,-5.8,0.9,-0.8,-0.2,-9.5,-11.1,-6.9,0,46932,0,150,0, 
26.0767,-4.4,1.6,-1.5,0.0,-8.5,-8.8,-6.1,0,46938,0,151,0, 
26.0800,-1.4,1.2,-1.0,0.7,-6.4,-6.6,-4.9,0,46944,0,152,0, 
26.0833,1.1,0.3,0.4,1.6,-4.1,-4.9,-4.1,0,46950,0,153,0, 
26.0867,1.3,-0.7,2.0,2.2,-2.7,-4.4,-4.2,0,46956,0,154,0, 
26.0900,-1.0,-1.7,2.9,2.1,-2.5,-5.9,-5.6,0,46962,0,155,0, 
26.0933,-4.6,-2.6,2.7,1.2,-3.6,-9.3,-8.0,0,46968,0,156,0, 
26.0967,-7.5,-3.6,1.4,-0.3,-5.0,-13.4,-10.6,0,46974,0,157,0, 
26.1000,-8.6,-4.4,-0.5,-1.8,-5.5,-16.3,-12.3,0,46980,0,158,0, 
26.1033,-7.6,-4.3,-2.1,-3.1,-4.6,-16.3,-12.3,0,46986,0,159,0, 
26.1067,-5.7,-3.3,-3.3,-3.9,-2.6,-13.4,-10.5,0,46992,0,160,0, 
26.1100,-4.3,-1.9,-4.4,-4.3,-0.8,-9.1,-7.9,0,46998,0,161,0, 
26.1133,-4.1,-1.3,-5.7,-4.4,0.0,-5.5,-5.9,0,47004,0,162,0, 
26.1167,-5.5,-2.5,-7.2,-4.4,-0.7,-3.9,-5.5,0,47010,0,163,0, 
26.1200,-7.9,-5.1,-8.1,-4.3,-2.1,-4.5,-7.1,0,47016,0,164,0, 
26.1233,-10.8,-8.5,-7.4,-3.9,-3.1,-6.2,-9.9,0,47022,0,165,0, 
26.1267,-13.5,-11.7,-5.0,-3.1,-3.1,-7.7,-12.7,0,47028,0,166,0, 
26.1300,-15.5,-14.1,-2.2,-1.9,-2.3,-8.7,-14.6,0,47034,0,167,0, 
26.1333,-16.1,-15.5,-0.7,-0.6,-1.3,-9.8,-15.3,0,47040,0,168,0, 
26.1367,-15.3,-16.0,-1.3,0.5,-0.9,-11.6,-14.9,0,47046,0,169,0, 
26.1400,-13.1,-15.3,-3.0,1.2,-1.3,-14.0,-13.7,0,47052,0,170,0, 
26.1433,-10.5,-13.1,-3.9,1.6,-2.5,-16.4,-12.2,0,47058,0,171,0, 
26.1467,-8.2,-9.9,-3.0,1.7,-3.9,-17.6,-10.7,0,47064,0,172,0, 
26.1500,-6.8,-7.1,-1.1,1.7,-5.1,-17.1,-9.5,0,47070,0,173,0, 
26.1533,-6.5,-6.1,-0.4,1.8,-5.6,-15.2,-9.1,0,47076,0,174,0, 
26.1567,-6.6,-7.5,-2.3,1.8,-5.2,-12.8,-9.3,0,47082,0,175,0, 
26.1600,-6.8,-10.4,-5.4,1.6,-4.0,-10.4,-10.2,0,47088,0,176,0, 
26.1633,-6.5,-13.2,-7.1,1.2,-2.0,-7.9,-11.3,0,47094,0,177,0, 
26.1667,-5.4,-14.2,-5.2,0.5,0.2,-5.3,-12.4,0,47100,0,178,0, 
26.1700,-3.6,-13.1,-0.8,0.0,2.3,-2.7,-13.1,0,47106,0,179,0, 
26.1733,-0.8,-10.8,2.6,-0.2,3.7,-1.1,-13.0,0,47112,0,180,0, 
26.1767,2.6,-8.6,1.9,-0.1,4.4,-1.4,-11.8,0,47118,0,181,0, 
26.1800,6.0,-7.2,-3.2,0.0,4.8,-3.5,-9.5,0,47124,0,182,0, 
26.1833,8.7,-6.7,-9.4,0.0,4.8,-5.8,-6.5,0,47130,0,183,0, 
26.1867,10.0,-6.6,-12.6,0.0,4.4,-6.2,-3.7,0,47136,0,184,0, 
26.1900,9.8,-6.6,-11.0,0.0,3.5,-3.5,-2.4,0,47142,0,185,0, 
26.1933,8.7,-6.8,-6.6,0.2,2.1,1.0,-3.5,0,47148,0,186,0, 
26.1967,7.2,-7.3,-3.4,0.4,0.7,4.3,-6.5,0,47154,0,187,0, 
26.2000,5.5,-8.1,-3.6,0.3,-0.1,3.6,-10.0,0,47160,0,188,0, 
26.2033,3.3,-8.7,-6.7,-0.1,0.1,-1.4,-12.1,0,47166,0,189,0, 
26.2067,0.4,-8.9,-9.8,-0.9,0.8,-7.9,-11.9,0,47172,0,190,0, 
26.2100,-2.8,-8.7,-10.8,-1.8,1.4,-12.0,-9.9,0,47178,0,191,0, 
26.2133,-5.1,-8.6,-9.6,-2.6,1.2,-12.0,-7.9,0,47184,0,192,0, 
26.2167,-5.9,-8.7,-8.2,-3.3,0.3,-9.2,-7.6,0,47190,0,193,0, 
26.2200,-5.2,-8.8,-7.9,-3.7,-0.8,-7.0,-9.5,0,47196,0,194,0, 
26.2233,-3.9,-8.3,-8.3,-4.0,-1.2,-8.0,-12.6,0,47202,0,195,0, 
26.2267,-3.3,-6.4,-7.5,-3.8,-0.7,-11.4,-14.8,0,47208,0,196,0, 
26.2300,-3.6,-3.3,-4.3,-3.0,0.8,-14.2,-14.4,0,47214,0,197,0, 
26.2333,-4.2,0.2,0.4,-1.6,2.5,-13.5,-11.3,0,47220,0,198,0, 
26.2367,-3.6,2.6,4.2,0.2,4.0,-9.1,-6.8,0,47226,0,199,0, 
26.2400,-1.3,3.2,5.0,2.1,4.9,-3.7,-2.9,0,47232,0,200,0, 
26.2433,1.9,1.9,2.9,3.7,5.1,-0.5,-0.9,0,47238,0,201,0, 
26.2467,4.2,-0.1,0.3,4.8,4.6,-0.7,-0.9,0,47244,0,202,0, 
26.2500,3.9,-1.4,0.0,5.3,3.7,-2.8,-2.0,0,47250,0,203,0, 
26.2533,0.6,-1.0,2.6,5.2,2.5,-4.5,-3.1,0,47256,0,204,0, 
26.2567,-4.2,0.7,6.3,4.6,1.4,-4.7,-3.6,0,47262,0,205,0, 
26.2600,-8.3,2.7,8.2,3.8,0.8,-4.1,-3.6,0,47268,0,206,0, 
26.2633,-9.8,4.0,6.7,3.3,0.7,-3.9,-3.0,0,47274,0,207,0, 
26.2667,-8.5,4.2,3.1,3.4,1.1,-4.4,-1.9,0,47280,0,208,0, 
26.2700,-5.6,3.7,0.2,4.4,1.7,-4.0,-0.2,0,47286,0,209,0, 
26.2733,-2.9,3.5,0.8,5.8,2.4,-1.4,2.1,0,47292,0,210,0, 
26.2767,-1.7,3.9,4.6,7.0,3.1,3.1,4.3,0,47298,0,211,0, 
26.2800,-1.9,4.6,9.1,7.1,3.9,7.1,6.0,0,47304,0,212,0, 
26.2833,-2.4,4.7,10.7,6.2,4.7,7.8,6.6,0,47310,0,213,0, 
26.2867,-2.4,3.6,8.0,4.7,5.4,4.4,6.3,0,47316,0,214,0, 
26.2900,-1.5,1.2,2.4,3.5,6.0,-1.3,5.3,0,47322,0,215,0, 
26.2933,-0.8,-1.5,-2.6,2.9,6.3,-5.4,4.2,0,47328,0,216,0, 
26.2967,-1.1,-3.4,-4.2,2.3,6.6,-5.4,3.4,0,47334,0,217,0, 
26.3000,-2.7,-3.7,-2.2,1.3,7.2,-1.2,3.2,0,47340,0,218,0, 
26.3033,-4.6,-2.5,1.1,-0.2,8.1,4.2,4.0,0,47346,0,219,0, 
26.3067,-5.1,-0.5,3.4,-1.4,8.9,7.5,5.4,0,47352,0,220,0, 
26.3100,-3.2,1.6,3.9,-1.4,8.9,6.7,6.9,0,47358,0,221,0, 
26.3133,0.1,3.1,4.1,0.1,7.5,2.5,7.4,0,47364,0,222,0, 
26.3167,2.8,3.3,5.7,2.4,4.8,-2.5,5.7,0,47370,0,223,0, 
26.3200,2.7,1.8,8.7,3.8,1.3,-6.0,1.7,0,47376,0,224,0, 
26.3233,-0.5,-1.7,10.3,3.5,-1.7,-7.6,-4.1,0,47382,0,225,0, 
26.3267,-5.1,-6.9,7.2,1.6,-3.7,-8.6,-10.1,0,47388,0,226,0, 
26.3300,-7.9,-12.7,-1.4,-0.7,-4.5,-10.6,-14.7,0,47394,0,227,0, 
26.3333,-7.1,-17.4,-12.4,-2.2,-4.7,-14.1,-17.0,0,47400,0,228,0, 
26.3367,-2.6,-19.3,-20.2,-2.4,-5.1,-17.8,-16.9,0,47406,0,229,0, 
26.3400,3.1,-17.7,-20.7,-1.7,-6.1,-19.4,-15.0,0,47412,0,230,0, 
26.3433,7.8,-13.3,-13.8,-1.2,-7.4,-17.9,-12.0,0,47418,0,231,0, 
26.3467,10.5,-7.4,-3.9,-1.0,-8.2,-13.7,-8.1,0,47424,0,232,0, 
26.3500,11.8,-1.6,3.7,-0.9,-8.1,-8.9,-3.2,0,47430,0,233,0, 
26.3533,13.4,3.2,5.9,-0.2,-7.0,-5.3,2.6,0,47436,0,234,0, 
26.3567,15.9,6.9,4.0,1.3,-5.3,-3.5,8.5,0,47442,0,235,0, 
26.3600,18.6,9.4,1.5,3.1,-3.8,-2.7,13.5,0,47448,0,236,0, 
26.3633,20.2,11.0,1.3,4.2,-3.0,-1.7,16.4,0,47454,0,237,0, 
26.3667,19.5,11.4,3.4,3.9,-2.8,0.1,16.8,0,47460,0,238,0, 
26.3700,16.9,10.3,5.3,2.2,-2.7,2.0,14.8,0,47466,0,239,0, 
26.3733,13.6,7.9,5.0,0.0,-2.6,2.7,11.5,0,47472,0,240,0, 
26.3767,11.1,4.9,2.5,-1.5,-2.4,1.4,7.7,0,47478,0,241,0, 
26.3800,10.3,2.0,-0.2,-1.7,-2.4,-1.4,3.9,0,47484,0,242,0, 
26.3833,10.9,-0.4,-0.9,-0.5,-3.0,-4.8,0.2,0,47490,0,243,0, 
26.3867,12.0,-2.3,0.9,1.4,-4.1,-7.3,-3.6,0,47496,0,244,0, 
26.3900,12.7,-4.3,3.4,2.9,-5.4,-8.6,-7.6,0,47502,0,245,0, 
26.3933,12.7,-7.0,3.9,2.9,-6.5,-9.1,-11.4,0,47508,0,246,0, 
26.3967,11.9,-10.5,0.6,1.1,-6.9,-10.2,-14.7,0,47514,0,247,0, 
26.4000,10.6,-14.4,-5.7,-1.7,-6.4,-13.1,-17.1,0,47520,0,248,0, 
26.4033,9.1,-18.0,-12.3,-4.6,-5.5,-17.8,-18.6,0,47526,0,249,0, 
26.4067,7.7,-20.1,-16.2,-6.3,-4.5,-22.5,-19.2,0,47532,0,250,0, 
26.4100,6.5,-19.9,-15.8,-6.4,-3.8,-24.5,-18.4,0,47538,0,251,0, 
26.4133,5.8,-17.1,-11.7,-5.2,-3.6,-21.8,-15.8,0,47544,0,252,0, 
26.4167,6.2,-12.2,-6.2,-3.5,-3.7,-14.5,-11.4,0,47550,0,253,0, 
26.4200,8.1,-6.7,-2.1,-2.3,-3.9,-5.7,-6.1,0,47556,0,254,0, 
26.4233,11.4,-2.1,-1.1,-1.6,-4.0,0.5,-1.3,0,47562,0,255,0, 
26.4267,15.1,0.3,-2.5,-1.1,-3.8,1.0,1.2,0,47568,0,0,0, 
26.4300,17.7,0.2,-4.3,-0.4,-3.5,-4.1,0.8,0,47574,0,1,0, 
26.4333,17.9,-1.6,-4.1,1.1,-2.9,-11.8,-1.8,0,47580,0,2,0, 
26.4367,15.4,-4.2,-1.5,3.2,-2.3,-17.7,-5.0,0,47586,0,3,0, 
26.4400,11.5,-6.8,1.5,5.2,-2.0,-19.4,-7.1,0,47592,0,4,0, 
26.4433,8.1,-9.1,2.4,6.4,-2.3,-17.2,-7.7,0,47598,0,5,0, 
26.4467,6.4,-11.4,-0.6,6.3,-3.1,-13.7,-7.5,0,47604,0,6,0, 
26.4500,6.3,-13.6,-6.1,4.9,-4.4,-11.7,-7.8,0,47610,0,7,0, 
26.4533,6.7,-15.3,-11.0,2.9,-5.7,-12.0,-8.9,0,47616,0,8,0, 
26.4567,6.5,-15.5,-12.5,0.7,-6.4,-13.4,-10.3,0,47622,0,9,0, 
26.4600,6.1,-13.9,-9.8,-1.0,-6.0,-13.5,-10.5,0,47628,0,10,0, 
26.4633,7.0,-10.5,-4.5,-1.9,-4.7,-11.3,-8.7,0,47634,0,11,0, 
26.4667,10.3,-6.1,0.9,-2.3,-2.9,-7.3,-5.0,0,47640,0,12,0, 
26.4700,15.5,-1.8,5.0,-2.0,-1.7,-3.9,-0.8,0,47646,0,13,0, 
26.4733,20.2,1.3,7.6,-1.3,-1.7,-3.1,2.0,0,47652,0,14,0, 
26.4767,21.7,2.6,9.2,0.0,-3.2,-5.3,2.4,0,47658,0,15,0, 
26.4800,18.7,1.9,9.8,1.7,-5.4,-8.7,0.4,0,47664,0,16,0, 
26.4833,12.3,-0.5,8.5,3.4,-7.4,-10.9,-2.4,0,47670,0,17,0, 
26.4867,5.6,-3.6,5.3,4.6,-8.1,-10.1,-4.7,0,47676,0,18,0, 
26.4900,1.0,-6.2,1.2,5.0,-7.3,-6.9,-5.3,0,47682,0,19,0, 
26.4933,-0.8,-7.3,-1.7,4.7,-5.6,-3.5,-4.5,0,47688,0,20,0, 
26.4967,-1.6,-6.9,-2.0,4.1,-3.9,-2.2,-3.4,0,47694,0,21,0, 
26.5000,-3.4,-5.7,-0.1,3.9,-2.7,-4.4,-3.5,0,47700,0,22,0, 
26.5033,-7.0,-5.1,2.0,4.1,-1.9,-8.7,-5.6,0,47706,0,23,0, 
26.5067,-11.2,-5.8,2.7,4.3,-1.2,-12.6,-9.7,0,47712,0,24,0, 
26.5100,-13.4,-7.5,2.0,3.8,-0.3,-14.0,-15.0,0,47718,0,25,0, 
26.5133,-11.9,-8.6,1.3,2.1,0.2,-12.5,-20.1,0,47724,0,26,0, 
26.5167,-7.2,-7.9,2.1,-0.6,-0.3,-9.7,-23.8,0,47730,0,27,0, 
26.5200,-1.5,-4.9,4.4,-3.4,-2.4,-7.9,-25.5,0,47736,0,28,0, 
26.5233,2.7,-0.3,7.1,-5.4,-5.7,-8.6,-24.6,0,47742,0,29,0, 
26.5267,4.5,4.8,9.1,-5.7,-9.0,-11.1,-21.1,0,47748,0,30,0, 
26.5300,4.9,9.4,10.6,-4.1,-10.8,-13.0,-15.1,0,47754,0,31,0, 
26.5333,6.2,13.1,12.2,-1.4,-10.5,-12.1,-6.8,0,47760,0,32,0, 
26.5367,9.4,15.9,14.1,1.4,-8.5,-7.5,2.8,0,47766,0,33,0, 
26.5400,13.8,17.2,14.9,3.0,-6.4,-0.6,12.3,0,47772,0,34,0, 
26.5433,17.4,16.5,12.8,3.1,-5.5,5.9,20.0,0,47778,0,35,0, 
26.5467,18.5,13.7,7.3,1.9,-5.9,9.8,25.0,0,47784,0,36,0, 
26.5500,17.0,9.4,0.6,0.4,-7.1,11.1,27.3,0,47790,0,37,0, 
26.5533,14.5,5.2,-4.1,-0.4,-7.7,11.3,28.1,0,47796,0,38,0, 
26.5567,13.0,2.7,-4.7,-0.3,-7.0,12.4,28.4,0,47802,0,39,0, 
26.5600,13.2,1.9,-1.9,-0.1,-5.2,15.0,28.7,0,47808,0,40,0, 
26.5633,14.2,1.8,1.0,-0.6,-3.2,17.7,28.1,0,47814,0,41,0, 
26.5667,14.5,1.0,1.2,-2.5,-1.8,18.0,25.5,0,47820,0,42,0, 
26.5700,12.9,-1.2,-2.0,-5.7,-0.9,14.8,20.3,0,47826,0,43,0, 
26.5733,9.6,-4.0,-6.2,-9.4,0.1,9.1,13.4,0,47832,0,44,0, 
26.5767,5.9,-5.9,-8.3,-12.8,1.7,3.9,6.8,0,47838,0,45,0, 
26.5800,2.7,-5.4,-6.8,-15.6,3.9,2.1,2.4,0,47844,0,46,0, 
26.5833,0.5,-2.4,-2.4,-17.7,5.8,4.4,1.2,0,47850,0,47,0, 
26.5867,-1.1,2.1,2.3,-18.8,6.6,9.2,2.6,0,47856,0,48,0, 
26.5900,-2.5,6.3,5.5,-18.5,6.0,13.6,5.3,0,47862,0,49,0, 
26.5933,-3.7,9.0,6.8,-16.3,4.7,15.9,8.4,0,47868,0,50,0, 
26.5967,-4.2,9.9,7.0,-12.3,3.8,16.4,11.8,0,47874,0,51,0, 
26.6000,-4.0,9.4,7.5,-7.3,4.1,17.2,15.7,0,47880,0,52,0, 
26.6033,-3.7,8.3,8.8,-2.7,5.5,19.8,19.7,0,47886,0,53,0, 
26.6067,-3.8,6.8,10.0,0.7,7.0,24.0,22.6,0,47892,0,54,0, 
26.6100,-4.7,4.7,9.7,2.5,7.5,27.4,22.5,0,47898,0,55,0, 
26.6133,-6.1,1.8,6.5,3.0,6.4,27.7,18.8,0,47904,0,56,0, 
26.6167,-6.9,-1.9,0.4,2.4,4.3,23.9,12.0,0,47910,0,57,0, 
26.6200,-6.5,-5.7,-6.8,0.7,1.8,17.5,4.2,0,47916,0,58,0, 
26.6233,-5.3,-8.8,-12.4,-2.2,-0.3,11.1,-2.3,0,47922,0,59,0, 
26.6267,-4.1,-10.4,-14.5,-6.4,-1.6,7.3,-6.3,0,47928,0,60,0, 
26.6300,-3.6,-10.5,-13.6,-11.1,-2.4,6.4,-8.3,0,47934,0,61,0, 
26.6333,-4.0,-9.8,-11.9,-15.6,-3.0,7.0,-9.0,0,47940,0,62,0, 
26.6367,-4.3,-9.0,-12.2,-19.2,-3.4,7.2,-9.2,0,47946,0,63,0, 
26.6400,-3.4,-8.4,-15.1,-21.6,-3.3,5.9,-8.7,0,47952,0,64,0, 
26.6433,-1.1,-7.6,-18.1,-22.5,-2.4,3.8,-6.6,0,47958,0,65,0, 
26.6467,2.0,-5.9,-17.8,-21.7,-0.6,2.7,-2.8,0,47964,0,66,0, 
26.6500,4.5,-3.1,-12.2,-19.1,1.9,4.1,2.4,0,47970,0,67,0, 
26.6533,5.7,-0.1,-3.6,-15.1,4.5,7.9,7.7,0,47976,0,68,0, 
26.6567,5.6,2.0,3.2,-10.8,6.5,13.1,12.0,0,47982,0,69,0, 
26.6600,4.8,2.5,4.5,-7.3,7.6,17.8,14.7,0,47988,0,70,0, 
26.6633,4.1,1.6,0.5,-5.3,7.6,20.9,16.1,0,47994,0,71,0, 
26.6667,3.8,0.5,-4.8,-4.5,6.8,21.9,16.6,0,48000,0,72,0, 
26.6700,3.6,-0.1,-7.0,-4.1,5.2,20.8,16.2,0,48006,0,73,0, 
26.6733,2.8,0.0,-5.0,-3.2,3.2,17.6,14.4,0,48012,0,74,0, 
26.6767,1.2,-0.4,-1.6,-2.1,1.2,13.0,10.9,0,48018,0,75,0, 
26.6800,-0.8,-2.1,-1.0,-1.5,-0.3,8.0,6.1,0,48024,0,76,0, 
26.6833,-2.8,-5.2,-4.4,-2.1,-0.9,4.8,1.1,0,48030,0,77,0, 
26.6867,-4.2,-8.2,-9.6,-4.0,0.1,5.1,-2.6,0,48036,0,78,0, 
26.6900,-4.6,-9.7,-12.2,-6.3,2.3,8.8,-4.1,0,48042,0,79,0, 
26.6933,-3.9,-8.6,-9.9,-8.0,5.1,14.3,-3.1,0,48048,0,80,0, 
26.6967,-2.2,-5.6,-4.7,-8.7,7.6,19.0,-0.4,0,48054,0,81,0, 
26.7000,0.2,-2.1,-0.5,-8.7,9.2,21.3,3.2,0,48060,0,82,0, 
26.7033,3.0,0.4,-0.3,-8.8,9.8,21.9,7.0,0,48066,0,83,0, 
26.7067,5.3,1.5,-3.3,-9.3,9.7,22.6,10.9,0,48072,0,84,0, 
26.7100,6.7,1.9,-6.1,-9.7,9.2,24.6,14.5,0,48078,0,85,0, 
26.7133,6.9,2.6,-5.3,-9.5,8.4,27.3,17.7,0,48084,0,86,0, 
26.7167,6.3,4.6,-0.8,-8.4,6.9,28.6,20.3,0,48090,0,87,0, 
26.7200,5.6,7.8,4.9,-6.5,4.7,26.9,22.0,0,48096,0,88,0, 
26.7233,5.3,11.4,9.0,-4.4,2.5,22.6,22.9,0,48102,0,89,0, 
26.7267,5.7,14.2,10.3,-2.5,1.1,18.0,23.0,0,48108,0,90,0, 
26.7300,6.2,15.2,9.9,-1.0,1.4,15.3,22.3,0,48114,0,91,0, 
26.7333,6.4,14.1,9.4,0.1,2.9,14.9,21.0,0,48120,0,92,0, 
26.7367,5.8,11.6,9.5,0.7,4.4,15.1,19.6,0,48126,0,93,0, 
26.7400,4.7,8.9,9.6,0.8,4.9,14.3,18.6,0,48132,0,94,0, 
26.7433,3.8,7.2,9.4,0.7,3.9,12.4,18.2,0,48138,0,95,0, 
26.7467,3.8,7.3,8.9,0.5,2.3,11.0,18.2,0,48144,0,96,0, 
26.7500,4.9,9.1,8.9,0.7,1.3,11.7,17.8,0,48150,0,97,0, 
26.7533,6.5,11.5,9.9,1.1,1.8,14.0,16.2,0,48156,0,98,0, 
26.7567,7.6,13.6,11.0,1.2,3.4,15.6,13.4,0,48162,0,99,0, 
26.7600,7.3,14.9,11.0,0.6,5.0,13.8,10.1,0,48168,0,100,0, 
26.7633,5.5,15.7,9.4,-0.8,5.7,8.5,7.5,0,48174,0,101,0, 
26.7667,2.8,16.1,6.7,-2.4,5.2,2.6,6.4,0,48180,0,102,0, 
26.7700,0.2,16.1,4.0,-3.2,4.1,0.0,6.9,0,48186,0,103,0, 
26.7733,-1.4,15.3,1.8,-3.1,3.3,2.6,8.1,0,48192,0,104,0, 
26.7767,-1.9,13.5,-0.3,-2.3,2.8,8.2,8.8,0,48198,0,105,0, 
26.7800,-1.9,10.9,-2.3,-1.3,2.4,12.2,8.6,0,48204,0,106,0, 
26.7833,-1.7,8.7,-3.5,-0.7,1.4,11.2,8.0,0,48210,0,107,0, 
26.7867,-1.2,7.9,-3.0,-0.3,-0.2,5.5,8.1,0,48216,0,108,0, 
26.7900,-0.1,8.5,-0.4,0.4,-2.0,-0.8,9.6,0,48222,0,109,0, 
26.7933,1.9,9.9,3.2,1.7,-3.2,-2.7,12.1,0,48228,0,110,0, 
26.7967,4.2,11.2,5.5,3.4,-3.0,1.4,14.7,0,48234,0,111,0, 
26.8000,5.9,11.6,5.4,4.8,-1.5,9.1,16.1,0,48240,0,112,0, 
26.8033,6.1,11.6,4.0,5.3,0.6,15.5,15.9,0,48246,0,113,0, 
26.8067,4.9,11.8,3.4,4.6,2.3,16.9,14.4,0,48252,0,114,0, 
26.8100,3.6,12.5,5.2,3.2,2.6,12.8,12.3,0,48258,0,115,0, 
26.8133,3.4,13.1,8.3,1.7,1.6,5.6,10.2,0,48264,0,116,0, 
26.8167,5.0,12.8,9.8,0.6,-0.2,-1.6,8.2,0,48270,0,117,0, 
26.8200,7.6,11.1,7.6,0.3,-1.6,-6.8,5.9,0,48276,0,118,0, 
26.8233,9.5,8.6,2.5,0.8,-1.9,-9.7,3.4,0,48282,0,119,0, 
26.8267,9.7,6.3,-2.0,2.0,-1.1,-10.3,1.2,0,48288,0,120,0, 
26.8300,8.2,5.2,-2.1,3.5,0.1,-8.8,-0.1,0,48294,0,121,0, 
26.8333,6.5,5.4,2.6,5.1,0.7,-5.4,0.0,0,48300,0,122,0, 
26.8367,5.9,6.2,9.0,6.5,0.1,-1.4,0.8,0,48306,0,123,0, 
26.8400,7.1,6.4,12.6,7.3,-1.5,1.0,1.4,0,48312,0,124,0, 
26.8433,9.1,5.6,11.0,7.7,-3.5,-0.3,0.6,0,48318,0,125,0, 
26.8467,10.4,3.9,5.7,7.6,-5.2,-5.3,-1.6,0,48324,0,126,0, 
26.8500,9.8,1.9,0.6,7.3,-6.3,-12.0,-4.4,0,48330,0,127,0, 
26.8533,7.2,0.2,-1.3,6.7,-7.1,-17.0,-6.8,0,48336,0,128,0, 
26.8567,3.6,-1.1,-0.1,6.1,-7.5,-18.0,-7.9,0,48342,0,129,0, 
26.8600,0.1,-1.8,1.5,5.3,-7.4,-14.9,-7.9,0,48348,0,130,0, 
26.8633,-2.5,-2.2,1.0,4.5,-6.5,-9.9,-7.3,0,48354,0,131,0, 
26.8667,-4.0,-2.2,-1.8,3.8,-4.8,-5.8,-6.5,0,48360,0,132,0, 
26.8700,-4.3,-1.7,-4.6,3.2,-3.0,-4.5,-5.7,0,48366,0,133,0, 
26.8733,-3.7,-0.5,-4.7,2.6,-2.1,-5.8,-4.8,0,48372,0,134,0, 
26.8767,-2.4,1.7,-1.2,2.1,-2.7,-8.0,-3.8,0,48378,0,135,0, 
26.8800,-0.8,4.6,4.3,2.1,-4.2,-8.8,-2.8,0,48384,0,136,0, 
26.8833,0.5,7.8,9.0,2.7,-5.5,-6.8,-2.2,0,48390,0,137,0, 
26.8867,0.7,10.3,11.2,4.1,-5.7,-2.7,-2.1,0,48396,0,138,0, 
26.8900,-0.2,11.1,10.5,5.9,-4.6,1.1,-2.7,0,48402,0,139,0, 
26.8933,-1.7,9.6,8.0,7.4,-3.3,1.4,-4.0,0,48408,0,140,0, 
26.8967,-3.1,6.0,4.7,8.1,-3.1,-3.5,-5.9,0,48414,0,141,0, 
26.9000,-3.7,1.8,1.5,7.9,-4.6,-12.5,-8.1,0,48420,0,142,0, 
26.9033,-3.9,-1.6,-1.4,7.2,-7.3,-21.8,-10.0,0,48426,0,143,0, 
26.9067,-3.8,-2.9,-3.1,6.8,-9.5,-27.1,-10.9,0,48432,0,144,0, 
26.9100,-3.6,-2.3,-2.9,6.9,-10.1,-26.2,-10.2,0,48438,0,145,0, 
26.9133,-2.7,-0.9,-0.7,7.4,-8.5,-20.2,-7.9,0,48444,0,146,0, 
26.9167,-0.7,0.0,2.5,7.8,-5.7,-12.6,-4.7,0,48450,0,147,0, 
26.9200,2.4,-0.5,4.9,7.8,-3.1,-6.8,-1.9,0,48456,0,148,0, 
26.9233,5.3,-2.6,4.6,7.2,-1.8,-4.5,-0.5,0,48462,0,149,0, 
26.9267,6.7,-5.7,1.2,6.4,-2.2,-5.3,-0.8,0,48468,0,150,0, 
26.9300,5.9,-8.7,-3.9,5.8,-3.5,-7.7,-2.5,0,48474,0,151,0, 
26.9333,3.4,-10.4,-8.2,5.2,-4.8,-10.2,-4.3,0,48480,0,152,0, 
26.9367,1.2,-10.1,-9.3,4.6,-5.3,-11.7,-5.5,0,48486,0,153,0, 
26.9400,0.7,-7.7,-6.3,3.6,-4.9,-11.5,-5.4,0,48492,0,154,0, 
26.9433,2.1,-4.0,-0.2,2.4,-4.1,-9.4,-4.5,0,48498,0,155,0, 
26.9467,4.2,-0.4,6.3,1.6,-3.4,-6.1,-3.4,0,48504,0,156,0, 
26.9500,5.4,1.7,10.6,1.6,-3.1,-3.2,-2.9,0,48510,0,157,0, 
26.9533,4.7,1.3,10.8,2.4,-2.9,-2.2,-3.4,0,48516,0,158,0, 
26.9567,2.9,-1.1,7.5,3.8,-2.4,-3.8,-4.5,0,48522,0,159,0, 
26.9600,1.1,-4.1,2.5,5.0,-1.7,-6.7,-5.6,0,48528,0,160,0, 
26.9633,0.4,-6.3,-1.4,5.7,-1.2,-9.0,-6.3,0,48534,0,161,0, 
26.9667,0.9,-7.0,-3.0,6.1,-1.4,-10.2,-6.9,0,48540,0,162,0, 
26.9700,1.7,-7.0,-2.7,6.5,-2.6,-11.4,-8.0,0,48546,0,163,0, 
26.9733,1.6,-7.6,-2.5,6.8,-4.1,-14.1,-10.3,0,48552,0,164,0, 
26.9767,-0.1,-9.7,-3.8,6.9,-5.2,-18.1,-13.6,0,48558,0,165,0, 
26.9800,-2.9,-13.0,-6.3,6.1,-5.1,-20.5,-16.8,0,48564,0,166,0, 
26.9833,-5.9,-16.1,-8.1,4.5,-4.3,-18.3,-18.5,0,48570,0,167,0, 
26.9867,-8.0,-17.2,-7.6,2.5,-3.4,-11.2,-18.1,0,48576,0,168,0, 
26.9900,-8.3,-15.4,-4.9,0.9,-3.0,-3.0,-15.8,0,48582,0,169,0, 
26.9933,-6.8,-11.0,-1.9,0.3,-3.0,0.7,-12.8,0,48588,0,170,0, 
26.9967,-4.5,-5.8,-0.4,0.9,-2.7,-2.9,-10.4,0,48594,0,171,0, 
27.0000,-2.4,-1.5,-0.6,2.1,-1.6,-11.3,-9.0,0,48600,0,172,0, 
27.0033,-1.4,0.8,-0.7,3.2,-0.1,-17.9,-8.5,0,48606,0,173,0, 
27.0067,-1.6,0.8,1.2,3.8,0.9,-17.3,-8.2,0,48612,0,174,0, 
27.0100,-2.1,-0.8,4.9,4.0,0.8,-9.3,-7.8,0,48618,0,175,0, 
27.0133,-2.0,-3.1,7.8,4.0,-0.2,0.6,-7.5,0,48624,0,176,0, 
27.0167,-1.3,-5.4,6.9,3.7,-1.0,5.7,-7.6,0,48630,0,177,0, 
27.0200,-0.7,-7.3,1.2,3.0,-0.7,3.3,-8.3,0,48636,0,178,0, 
27.0233,-1.6,-8.7,-7.1,1.9,0.7,-3.6,-9.1,0,48642,0,179,0, 
27.0267,-4.4,-9.8,-14.1,0.4,2.2,-9.4,-9.4,0,48648,0,180,0, 
27.0300,-8.3,-10.8,-16.5,-1.0,2.6,-10.2,-8.8,0,48654,0,181,0, 
27.0333,-11.6,-11.6,-14.4,-1.9,1.7,-6.7,-7.4,0,48660,0,182,0, 
27.0367,-13.1,-11.8,-9.9,-2.2,0.2,-2.5,-5.8,0,48666,0,183,0, 
27.0400,-12.8,-11.5,-6.0,-1.8,-0.8,-1.1,-4.7,0,48672,0,184,0, 
27.0433,-12.0,-10.9,-4.0,-1.0,-1.2,-3.2,-5.2,0,48678,0,185,0, 
27.0467,-12.0,-11.0,-3.7,-0.2,-1.7,-6.9,-7.4,0,48684,0,186,0, 
27.0500,-13.4,-12.2,-3.8,0.3,-3.1,-10.4,-11.4,0,48690,0,187,0, 
27.0533,-15.1,-14.7,-3.5,0.4,-5.5,-13.4,-16.2,0,48696,0,188,0, 
27.0567,-15.9,-17.4,-2.9,0.0,-8.1,-16.8,-20.5,0,48702,0,189,0, 
27.0600,-15.4,-19.1,-2.4,-0.8,-9.3,-20.4,-23.2,0,48708,0,190,0, 
27.0633,-14.1,-18.8,-2.1,-1.6,-8.5,-22.1,-23.4,0,48714,0,191,0, 
27.0667,-13.6,-17.0,-2.1,-1.8,-6.3,-19.6,-21.8,0,48720,0,192,0, 
27.0700,-14.7,-15.2,-2.2,-1.0,-4.0,-12.7,-19.4,0,48726,0,193,0, 
27.0733,-17.0,-14.8,-3.0,0.5,-2.9,-4.7,-17.6,0,48732,0,194,0, 
27.0767,-19.1,-16.2,-4.8,2.2,-3.1,-0.4,-17.0,0,48738,0,195,0, 
27.0800,-19.6,-18.4,-7.4,3.2,-4.2,-2.7,-17.3,0,48744,0,196,0, 
27.0833,-17.9,-19.4,-9.9,3.1,-5.1,-10.2,-17.5,0,48750,0,197,0, 
27.0867,-15.0,-18.0,-11.0,2.0,-5.5,-18.3,-16.9,0,48756,0,198,0, 
27.0900,-12.5,-14.5,-10.1,0.4,-5.5,-22.3,-15.5,0,48762,0,199,0, 
27.0933,-11.5,-10.5,-7.8,-0.9,-5.5,-21.2,-13.5,0,48768,0,200,0, 
27.0967,-12.0,-7.9,-5.5,-1.7,-5.7,-17.1,-11.7,0,48774,0,201,0, 
27.1000,-13.0,-7.4,-4.5,-2.2,-5.9,-13.6,-10.1,0,48780,0,202,0, 
27.1033,-13.1,-7.9,-4.9,-2.5,-5.8,-12.3,-8.7,0,48786,0,203,0, 
27.1067,-11.9,-8.1,-5.6,-2.7,-5.3,-12.4,-7.5,0,48792,0,204,0, 
27.1100,-9.7,-6.8,-5.1,-2.8,-4.4,-11.9,-6.5,0,48798,0,205,0, 
27.1133,-7.4,-4.3,-2.7,-2.5,-3.4,-10.0,-6.0,0,48804,0,206,0, 
27.1167,-5.5,-1.6,0.7,-1.9,-2.3,-7.6,-5.7,0,48810,0,207,0, 
27.1200,-4.1,0.5,3.6,-1.1,-1.1,-5.9,-5.0,0,48816,0,208,0, 
27.1233,-2.8,1.8,4.7,-0.3,0.2,-5.4,-3.4,0,48822,0,209,0, 
27.1267,-1.7,3.0,4.1,0.5,1.5,-4.9,-0.6,0,48828,0,210,0, 
27.1300,-1.4,4.6,3.3,1.5,2.3,-3.3,2.3,0,48834,0,211,0, 
27.1333,-2.8,6.2,3.6,2.9,2.2,-0.5,4.2,0,48840,0,212,0, 
27.1367,-5.6,7.0,5.0,4.4,1.4,2.1,4.7,0,48846,0,213,0, 
27.1400,-8.9,6.3,6.0,5.3,0.5,3.0,4.5,0,48852,0,214,0, 
27.1433,-10.8,4.4,4.9,5.2,0.0,1.8,4.9,0,48858,0,215,0, 
27.1467,-10.5,2.5,1.5,4.0,0.6,-0.4,6.8,0,48864,0,216,0, 
27.1500,-8.5,2.2,-2.2,2.5,2.1,-1.7,9.6,0,48870,0,217,0, 
27.1533,-6.6,3.7,-3.6,1.4,3.6,-1.1,11.6,0,48876,0,218,0, 
27.1567,-6.3,6.2,-1.3,1.4,4.4,0.9,11.1,0,48882,0,219,0, 
27.1600,-7.1,8.1,3.2,2.0,4.0,2.8,7.8,0,48888,0,220,0, 
27.1633,-7.6,8.3,6.8,2.5,2.8,3.1,3.0,0,48894,0,221,0, 
27.1667,-6.3,7.0,7.0,2.3,1.8,1.5,-0.9,0,48900,0,222,0, 
27.1700,-3.3,5.0,3.9,1.6,1.5,-1.1,-2.7,0,48906,0,223,0, 
27.1733,-0.5,3.4,-0.1,1.1,2.0,-3.2,-2.4,0,48912,0,224,0, 
27.1767,0.1,2.4,-2.2,1.4,3.1,-3.1,-0.9,0,48918,0,225,0, 
27.1800,-2.2,1.4,-1.6,2.5,3.9,-0.3,1.0,0,48924,0,226,0, 
27.1833,-5.5,0.1,0.5,3.5,4.5,4.4,3.4,0,48930,0,227,0, 
27.1867,-7.4,-1.4,2.5,3.6,5.0,9.1,6.5,0,48936,0,228,0, 
27.1900,-6.5,-2.3,3.5,2.7,5.9,11.8,10.3,0,48942,0,229,0, 
27.1933,-3.5,-2.0,4.5,1.6,7.1,11.6,13.8,0,48948,0,230,0, 
27.1967,-0.6,-0.7,5.8,1.0,8.2,8.9,15.5,0,48954,0,231,0, 
27.2000,0.3,0.8,7.0,1.2,8.6,5.9,15.0,0,48960,0,232,0, 
27.2033,-0.9,1.5,6.5,1.8,8.1,4.3,12.7,0,48966,0,233,0, 
27.2067,-2.7,1.3,3.6,1.9,6.9,5.0,10.1,0,48972,0,234,0, 
27.2100,-3.4,0.9,-0.5,1.4,5.8,7.0,8.4,0,48978,0,235,0, 
27.2133,-2.6,1.4,-3.0,0.6,5.2,8.6,7.5,0,48984,0,236,0, 
27.2167,-1.4,3.3,-2.2,-0.1,5.1,8.3,6.7,0,48990,0,237,0, 
27.2200,-1.2,5.8,0.9,-0.3,5.0,5.9,5.0,0,48996,0,238,0, 
27.2233,-3.2,7.4,3.8,-0.2,4.6,2.3,2.5,0,49002,0,239,0, 
27.2267,-7.1,6.8,3.8,-0.2,3.8,-1.1,0.0,0,49008,0,240,0, 
27.2300,-11.9,3.5,0.9,-0.5,3.1,-3.2,-1.7,0,49014,0,241,0, 
27.2333,-16.2,-1.4,-2.6,-1.0,3.0,-3.7,-2.4,0,49020,0,242,0, 
27.2367,-19.3,-6.2,-4.1,-1.7,3.7,-2.6,-2.6,0,49026,0,243,0, 
27.2400,-20.3,-9.1,-3.1,-2.4,4.7,-0.5,-2.3,0,49032,0,244,0, 
27.2433,-19.0,-9.4,-1.0,-3.0,5.4,1.9,-1.2,0,49038,0,245,0, 
27.2467,-15.2,-7.2,0.3,-3.1,5.3,4.1,1.6,0,49044,0,246,0, 
27.2500,-9.6,-3.3,0.5,-2.0,4.5,5.7,6.3,0,49050,0,247,0, 
27.2533,-3.2,1.0,0.5,0.3,3.4,6.6,12.0,0,49056,0,248,0, 
27.2567,2.4,4.5,1.3,3.1,2.8,7.1,16.8,0,49062,0,249,0, 
27.2600,6.2,6.4,2.2,5.2,3.0,7.3,19.0,0,49068,0,250,0, 
27.2633,7.8,6.5,1.4,5.2,3.5,7.4,17.7,0,49074,0,251,0, 
27.2667,7.5,5.2,-2.0,3.3,3.6,7.1,14.0,0,49080,0,252,0, 
27.2700,5.8,3.5,-6.5,0.5,2.9,6.0,9.4,0,49086,0,253,0, 
27.2733,3.4,2.0,-8.7,-1.2,1.5,4.0,5.2,0,49092,0,254,1, sound 
27.2767,0.8,1.0,-6.6,-1.1,0.5,1.2,1.9,0,49098,0,255,0, 
27.2800,-1.5,0.5,-1.4,0.6,0.6,-1.8,-1.0,0,49104,0,0,0, 
27.2833,-3.2,0.2,3.1,2.4,1.8,-4.3,-3.8,0,49110,0,1,0, 
27.2867,-4.0,0.0,3.1,3.1,3.2,-5.6,-6.0,0,49116,0,2,0, 
27.2900,-3.7,0.2,-1.5,3.0,3.4,-5.5,-6.8,0,49122,0,3,0, 
27.2933,-2.8,1.3,-6.5,2.8,1.5,-4.3,-5.6,0,49128,0,4,0, 
27.2967,-1.8,3.3,-7.2,3.6,-1.6,-2.6,-2.7,0,49134,0,5,0, 
27.3000,-1.4,5.6,-1.8,5.2,-4.3,-1.5,0.6,0,49140,0,6,0, 
27.3033,-2.1,7.2,6.8,6.9,-5.1,-1.9,2.8,0,49146,0,7,0, 
27.3067,-3.7,7.4,12.9,7.5,-4.0,-3.9,3.4,0,49152,0,8,0, 
27.3100,-5.6,6.3,12.7,6.6,-2.4,-6.4,3.0,0,49158,0,9,0, 
27.3133,-7.4,4.6,6.9,4.8,-1.8,-8.0,2.9,0,49164,0,10,0, 
27.3167,-8.6,3.2,-0.4,2.9,-2.9,-7.3,4.0,0,49170,0,11,0, 
27.3200,-9.2,2.2,-5.2,1.3,-5.1,-4.4,6.0,0,49176,0,12,0, 
27.3233,-9.4,1.2,-6.3,-0.1,-6.7,-0.7,7.7,0,49182,0,13,0, 
27.3267,-9.3,-0.3,-5.9,-1.8,-6.8,1.7,7.9,0,49188,0,14,0, 
27.3300,-9.1,-2.3,-6.4,-3.5,-5.5,1.9,6.5,0,49194,0,15,0, 
27.3333,-8.8,-4.3,-8.2,-4.8,-3.9,0.4,4.4,0,49200,0,16,0, 
27.3367,-8.5,-5.3,-9.4,-4.9,-3.0,-1.1,3.1,0,49206,0,17,0, 
27.3400,-8.3,-4.8,-8.2,-3.5,-3.2,-0.8,3.1,0,49212,0,18,0, 
27.3433,-8.0,-3.4,-5.3,-1.4,-4.0,1.2,3.7,0,49218,0,19,0, 
27.3467,-7.1,-2.2,-3.2,0.4,-4.7,3.5,3.6,0,49224,0,20,0, 
27.3500,-5.3,-1.8,-3.9,1.0,-5.2,4.1,2.2,0,49230,0,21,0, 
27.3533,-3.0,-2.1,-6.7,0.1,-5.7,1.8,0.0,0,49236,0,22,0, 
27.3567,-1.1,-2.1,-8.2,-1.4,-6.4,-2.3,-1.8,0,49242,0,23,0, 
27.3600,-0.9,-1.2,-5.9,-2.7,-7.0,-6.0,-2.3,0,49248,0,24,0, 
27.3633,-2.9,0.1,-0.7,-3.3,-7.4,-7.0,-1.9,0,49254,0,25,0, 
27.3667,-6.1,1.1,3.2,-3.6,-7.0,-4.6,-1.4,0,49260,0,26,0, 
27.3700,-8.6,1.0,1.9,-4.2,-6.1,0.1,-1.8,0,49266,0,27,0, 
27.3733,-8.5,0.1,-4.4,-5.5,-5.0,4.7,-2.8,0,49272,0,28,0, 
27.3767,-5.5,-0.6,-11.3,-7.1,-3.9,7.3,-3.4,0,49278,0,29,0, 
27.3800,-0.9,-0.2,-13.3,-8.2,-2.7,7.2,-2.5,0,49284,0,30,0, 
27.3833,3.1,1.2,-8.6,-8.3,-1.6,5.2,-0.5,0,49290,0,31,0, 
27.3867,4.8,2.8,-0.3,-7.6,-0.7,3.0,1.7,0,49296,0,32,0, 
27.3900,4.2,3.3,5.6,-6.6,-0.5,2.4,2.8,0,49302,0,33,0, 
27.3933,2.8,2.9,5.3,-5.8,-1.2,4.6,2.9,0,49308,0,34,0, 
27.3967,2.5,2.5,-0.2,-5.5,-2.4,9.2,2.9,0,49314,0,35,0, 
27.4000,4.4,3.6,-6.5,-5.2,-3.2,15.0,4.4,0,49320,0,36,0, 
27.4033,8.1,6.7,-9.1,-4.5,-2.9,19.8,8.1,0,49326,0,37,0, 
27.4067,12.3,11.0,-6.8,-3.4,-1.6,22.1,13.1,0,49332,0,38,0, 
27.4100,15.2,14.8,-1.4,-2.4,0.2,21.4,17.9,0,49338,0,39,0, 
27.4133,16.0,16.7,4.0,-2.1,1.6,18.9,20.9,0,49344,0,40,0, 
27.4167,14.9,16.4,7.4,-2.6,2.2,16.7,21.6,0,49350,0,41,0, 
27.4200,13.0,14.3,8.1,-3.6,2.0,15.8,20.3,0,49356,0,42,0, 
27.4233,11.6,11.6,6.0,-4.6,1.1,15.8,17.9,0,49362,0,43,0, 
27.4267,11.3,8.9,1.8,-4.8,-0.3,15.0,15.1,0,49368,0,44,0, 
27.4300,11.7,6.6,-3.4,-4.2,-2.5,12.0,12.4,0,49374,0,45,0, 
27.4333,11.6,4.6,-7.4,-3.0,-5.2,7.2,9.7,0,49380,0,46,0, 
27.4367,9.8,3.1,-7.8,-1.5,-7.7,2.4,7.1,0,49386,0,47,0, 
27.4400,6.4,2.4,-4.1,-0.3,-9.0,-0.1,4.3,0,49392,0,48,0, 
27.4433,2.5,2.1,1.6,0.3,-8.6,0.2,1.0,0,49398,0,49,0, 
27.4467,-0.4,2.0,5.7,0.3,-6.7,2.0,-2.7,0,49404,0,50,0, 
27.4500,-1.1,1.7,5.4,0.0,-4.5,3.0,-6.6,0,49410,0,51,0, 
27.4533,-0.3,1.0,1.3,-0.2,-3.2,1.9,-9.8,0,49416,0,52,0, 
27.4567,0.7,0.6,-3.1,-0.2,-3.3,-0.7,-11.4,0,49422,0,53,0, 
27.4600,0.7,0.6,-4.3,0.0,-4.3,-3.0,-11.3,0,49428,0,54,0, 
27.4633,-0.5,1.1,-1.8,0.3,-5.6,-3.6,-9.9,0,49434,0,55,0, 
27.4667,-2.1,1.1,2.0,0.4,-6.4,-3.3,-9.0,0,49440,0,56,0, 
27.4700,-2.9,-0.2,3.5,0.2,-6.8,-3.9,-9.8,0,49446,0,57,0, 
27.4733,-2.9,-3.1,1.0,-0.4,-6.9,-6.6,-12.7,0,49452,0,58,0, 
27.4767,-2.8,-6.7,-4.2,-1.1,-6.9,-10.1,-16.1,0,49458,0,59,0, 
27.4800,-4.0,-9.5,-9.1,-2.0,-6.5,-11.6,-17.9,0,49464,0,60,0, 
27.4833,-7.0,-10.7,-11.3,-2.8,-5.6,-8.9,-16.6,0,49470,0,61,0, 
27.4867,-11.3,-10.3,-11.0,-3.3,-4.3,-2.7,-12.7,0,49476,0,62,0, 
27.4900,-15.4,-9.4,-10.0,-3.1,-3.1,3.4,-8.2,0,49482,0,63,0, 
27.4933,-17.9,-9.1,-9.7,-2.4,-2.5,5.9,-5.7,0,49488,0,64,0, 
27.4967,-18.4,-9.7,-10.1,-1.3,-2.9,3.5,-6.5,0,49494,0,65,0, 
27.5000,-17.8,-10.8,-9.9,-0.3,-3.8,-1.5,-9.6,0,49500,0,66,0, 
27.5033,-17.2,-11.6,-8.0,0.0,-4.8,-5.5,-12.2,0,49506,0,67,0, 
27.5067,-17.0,-11.9,-5.0,-0.5,-5.3,-6.7,-12.2,0,49512,0,68,0, 
27.5100,-17.3,-11.8,-3.0,-1.4,-5.1,-5.8,-8.9,0,49518,0,69,0, 
27.5133,-17.4,-11.5,-3.6,-2.3,-4.4,-4.9,-3.9,0,49524,0,70,0, 
27.5167,-16.8,-11.0,-6.8,-2.7,-3.5,-5.0,0.2,0,49530,0,71,0, 
27.5200,-15.6,-9.6,-10.4,-2.6,-3.0,-5.4,1.7,0,49536,0,72,0, 
27.5233,-14.0,-7.2,-11.4,-2.1,-3.4,-4.8,0.4,0,49542,0,73,0, 
27.5267,-12.8,-4.0,-8.3,-1.3,-5.2,-3.6,-2.4,0,49548,0,74,0, 
27.5300,-12.3,-1.4,-2.5,-0.4,-8.0,-4.0,-5.3,0,49554,0,75,0, 
27.5333,-12.2,-0.6,2.5,0.3,-10.8,-7.4,-7.8,0,49560,0,76,0, 
27.5367,-12.2,-2.1,3.5,0.7,-12.1,-12.3,-10.0,0,49566,0,77,0, 
27.5400,-11.7,-5.1,-0.4,0.5,-10.9,-14.8,-12.2,0,49572,0,78,0, 
27.5433,-10.5,-7.7,-6.5,-0.3,-7.7,-11.9,-14.3,0,49578,0,79,0, 
27.5467,-9.0,-8.5,-10.9,-1.2,-4.5,-4.4,-15.6,0,49584,0,80,0, 
27.5500,-7.9,-7.4,-10.9,-1.6,-3.4,2.5,-15.4,0,49590,0,81,0, 
27.5533,-7.9,-5.6,-7.2,-1.2,-5.3,3.4,-14.2,0,49596,0,82,0, 
27.5567,-9.6,-4.9,-2.9,-0.2,-9.1,-3.2,-13.1,0,49602,0,83,0, 
27.5600,-12.6,-6.6,-1.5,0.3,-12.1,-13.8,-13.3,0,49608,0,84,0, 
27.5633,-15.8,-10.1,-4.0,-0.4,-12.2,-22.4,-15.3,0,49614,0,85,0, 
27.5667,-17.5,-13.8,-8.8,-2.5,-9.1,-25.3,-17.9,0,49620,0,86,0, 
27.5700,-17.0,-16.0,-13.1,-5.1,-4.4,-22.4,-19.3,0,49626,0,87,0, 
27.5733,-14.6,-15.8,-14.7,-7.1,-0.7,-16.5,-17.9,0,49632,0,88,0, 
27.5767,-11.5,-13.8,-13.8,-7.4,0.4,-10.1,-14.0,0,49638,0,89,0, 
27.5800,-9.2,-11.4,-11.9,-6.0,-1.1,-3.9,-8.8,0,49644,0,90,0, 
27.5833,-8.3,-9.8,-10.4,-4.1,-3.7,2.2,-4.3,0,49650,0,91,0, 
27.5867,-7.9,-9.0,-9.5,-2.8,-5.6,7.3,-1.2,0,49656,0,92,0, 
27.5900,-7.2,-8.4,-8.5,-2.8,-6.1,9.9,0.5,0,49662,0,93,0, 
27.5933,-5.4,-7.3,-6.8,-3.8,-5.4,9.1,1.7,0,49668,0,94,0, 
27.5967,-3.4,-5.6,-4.7,-4.8,-4.3,6.2,2.7,0,49674,0,95,0, 
27.6000,-2.6,-4.2,-3.0,-4.8,-3.3,3.6,2.8,0,49680,0,96,0, 
27.6033,-3.6,-3.8,-2.1,-3.8,-2.4,3.0,1.4,0,49686,0,97,0, 
27.6067,-5.7,-4.2,-1.6,-2.1,-1.5,3.5,-1.5,0,49692,0,98,0, 
27.6100,-7.2,-4.4,-0.5,-0.5,-0.6,2.8,-4.3,0,49698,0,99,0, 
27.6133,-6.4,-3.1,1.6,0.8,-0.2,0.1,-5.3,0,49704,0,100,0, 
27.6167,-3.0,-0.3,3.3,2.0,-0.7,-3.3,-3.6,0,49710,0,101,0, 
27.6200,1.8,2.8,2.9,3.0,-2.2,-4.7,0.1,0,49716,0,102,0, 
27.6233,6.4,4.4,-0.3,3.7,-3.6,-3.1,3.5,0,49722,0,103,0, 
27.6267,9.5,3.8,-4.8,3.8,-3.6,0.0,5.1,0,49728,0,104,0, 
27.6300,11.0,1.8,-7.1,2.8,-1.4,2.1,4.8,0,49734,0,105,0, 
27.6333,11.5,0.3,-4.6,1.2,2.8,2.4,4.0,0,49740,0,106,0, 
27.6367,11.6,0.8,2.5,-0.2,7.1,2.7,4.3,0,49746,0,107,0, 
27.6400,11.8,2.5,10.5,-0.8,9.0,5.1,5.8,0,49752,0,108,0, 
27.6433,11.9,3.7,14.5,-0.6,7.1,9.1,7.1,0,49758,0,109,0, 
27.6467,11.6,2.1,11.7,-0.3,2.1,11.1,6.4,0,49764,0,110,0, 
27.6500,10.5,-2.4,3.7,-1.1,-3.4,7.7,2.8,0,49770,0,111,0, 
27.6533,8.2,-8.4,-5.0,-3.4,-6.1,-0.7,-2.5,0,49776,0,112,0, 
27.6567,5.0,-13.3,-10.2,-6.6,-4.8,-9.9,-7.3,0,49782,0,113,0, 
27.6600,1.5,-15.4,-10.7,-9.4,-1.0,-14.4,-9.8,0,49788,0,114,0, 
27.6633,-1.0,-15.0,-8.8,-10.5,2.0,-12.7,-9.8,0,49794,0,115,0, 
27.6667,-1.4,-13.3,-7.8,-9.6,1.4,-7.8,-8.1,0,49800,0,116,0, 
27.6700,0.4,-11.7,-9.3,-7.6,-2.4,-5.1,-5.9,0,49806,0,117,0, 
27.6733,2.9,-10.2,-12.4,-5.8,-6.6,-7.2,-3.5,0,49812,0,118,0, 
27.6767,4.4,-8.1,-14.4,-5.3,-8.0,-12.3,-0.9,0,49818,0,119,0, 
27.6800,3.6,-4.7,-13.3,-6.3,-5.2,-15.9,2.3,0,49824,0,120,0, 
27.6833,0.7,-0.4,-9.2,-7.9,-0.5,-14.7,5.5,0,49830,0,121,0, 
27.6867,-2.8,3.2,-4.0,-8.7,2.7,-9.1,7.7,0,49836,0,122,0, 
27.6900,-5.4,4.4,0.2,-8.0,2.4,-2.5,7.9,0,49842,0,123,0, 
27.6933,-6.4,2.6,1.9,-5.9,-0.4,2.1,6.0,0,49848,0,124,0, 
27.6967,-6.3,-1.1,0.7,-3.4,-2.8,3.4,2.5,0,49854,0,125,0, 
27.7000,-5.6,-4.6,-2.7,-1.7,-2.4,2.1,-1.6,0,49860,0,126,0, 
27.7033,-4.7,-6.2,-7.1,-1.6,0.2,-0.9,-5.0,0,49866,0,127,0, 
27.7067,-3.2,-5.6,-10.4,-2.7,2.0,-4.8,-6.8,0,49872,0,128,0, 
27.7100,-1.3,-3.4,-10.3,-3.7,0.1,-8.6,-6.7,0,49878,0,129,0, 
27.7133,0.5,-1.1,-5.7,-3.5,-5.2,-10.7,-4.8,0,49884,0,130,0, 
27.7167,0.9,0.4,2.0,-2.0,-10.3,-9.5,-2.3,0,49890,0,131,0, 
27.7200,-0.4,1.2,9.0,0.1,-11.0,-5.4,-0.6,0,49896,0,132,0, 
27.7233,-2.4,1.6,11.6,1.5,-5.6,-1.4,-0.5,0,49902,0,133,0, 
27.7267,-3.2,2.2,8.9,1.4,3.0,-1.4,-1.6,0,49908,0,134,0, 
27.7300,-1.4,2.9,3.3,0.2,9.2,-7.1,-2.4,0,49914,0,135,0, 
27.7333,2.7,3.6,-0.7,-0.8,8.4,-15.7,-1.0,0,49920,0,136,0, 
27.7367,6.8,4.2,-0.3,-0.8,0.9,-20.9,3.3,0,49926,0,137,0, 
27.7400,8.5,4.6,3.1,0.3,-8.5,-17.4,9.2,0,49932,0,138,0, 
27.7433,6.8,4.4,5.6,1.5,-13.4,-5.4,14.0,0,49938,0,139,0, 
27.7467,2.8,3.2,4.2,1.7,-10.5,9.0,15.0,0,49944,0,140,0, 
27.7500,-0.9,0.9,-0.3,0.6,-1.8,16.9,11.4,0,49950,0,141,0, 
27.7533,-2.0,-2.0,-3.6,-0.9,6.4,13.0,4.8,0,49956,0,142,0, 
27.7567,0.4,-4.2,-2.0,-1.5,8.4,-0.9,-1.5,0,49962,0,143,0, 
27.7600,5.1,-4.1,4.6,-0.6,3.1,-16.3,-4.5,0,49968,0,144,0, 
27.7633,9.8,-1.1,12.4,1.1,-5.3,-23.8,-3.0,0,49974,0,145,0, 
27.7667,12.5,3.9,16.9,2.1,-9.7,-19.4,1.9,0,49980,0,146,0, 
27.7700,12.5,8.8,16.4,1.7,-6.1,-6.5,7.6,0,49986,0,147,0, 
27.7733,10.4,11.6,12.7,0.2,3.7,6.3,11.9,0,49992,0,148,0, 
27.7767,7.9,11.7,9.2,-0.7,13.1,11.3,13.9,0,49998,0,149,0, 
27.7800,6.9,10.4,7.9,0.4,15.3,7.3,14.8,0,50004,0,150,0, 
27.7833,7.9,9.8,8.3,3.5,8.5,-0.4,16.3,0,50010,0,151,0, 
27.7867,10.5,11.3,8.9,6.8,-2.8,-4.4,19.5,0,50016,0,152,0, 
27.7900,12.9,14.5,9.3,8.4,-10.6,-1.4,24.0,0,50022,0,153,0, 
27.7933,13.7,17.8,9.9,7.2,-9.7,5.8,28.0,0,50028,0,154,0, 
27.7967,12.5,19.4,11.9,4.1,-0.5,11.1,29.8,0,50034,0,155,0, 
27.8000,9.9,19.1,14.7,1.4,10.8,10.4,29.2,0,50040,0,156,0, 
27.8033,7.4,17.7,17.2,1.1,17.5,5.5,27.4,0,50046,0,157,0, 
27.8067,5.9,16.8,18.1,3.3,16.5,2.3,26.5,0,50052,0,158,0, 
27.8100,5.8,17.3,17.5,6.0,9.6,4.9,27.5,0,50058,0,159,0, 
27.8133,6.6,18.4,16.3,7.1,1.7,11.6,29.5,0,50064,0,160,0, 
27.8167,7.8,18.6,15.2,5.3,-3.0,15.7,30.1,0,50070,0,161,0, 
27.8200,8.8,16.8,14.1,1.6,-3.4,11.6,27.1,0,50076,0,162,0, 
27.8233,8.8,13.1,12.4,-1.5,-0.9,0.5,20.9,0,50082,0,163,0, 
27.8267,7.6,8.7,9.9,-2.5,2.3,-9.9,14.1,0,50088,0,164,0, 
27.8300,5.2,5.4,7.1,-1.5,4.8,-11.4,10.2,0,50094,0,165,0, 
27.8333,3.0,4.0,4.4,0.0,5.9,-2.4,11.1,0,50100,0,166,0, 
27.8367,2.7,4.2,2.0,0.0,5.8,10.3,15.8,0,50106,0,167,0, 
27.8400,5.4,5.2,-0.1,-1.5,4.5,16.6,21.1,0,50112,0,168,0, 
27.8433,10.5,6.4,-0.9,-3.1,2.8,11.6,24.0,0,50118,0,169,0, 
27.8467,15.7,8.1,1.2,-3.2,2.1,-1.1,23.3,0,50124,0,170,0, 
27.8500,18.5,10.3,7.5,-0.9,4.1,-12.0,20.7,0,50130,0,171,0, 
27.8533,17.6,13.0,16.6,2.4,8.8,-13.4,18.8,0,50136,0,172,0, 
27.8567,14.5,15.3,24.6,4.7,14.5,-4.4,19.2,0,50142,0,173,0, 
27.8600,12.1,16.5,27.1,4.6,17.9,9.0,21.8,0,50148,0,174,0, 
27.8633,12.3,16.3,22.6,2.7,16.4,19.6,25.1,0,50154,0,175,0, 
27.8667,15.1,15.3,14.3,0.7,9.9,23.5,27.4,0,50160,0,176,0, 
27.8700,18.2,14.3,8.0,0.4,1.3,21.8,28.0,0,50166,0,177,0, 
27.8733,19.0,13.5,7.7,2.2,-5.1,17.9,27.1,0,50172,0,178,0, 
27.8767,16.4,12.6,12.8,4.6,-6.0,14.0,25.3,0,50178,0,179,0, 
27.8800,11.8,10.9,18.2,5.8,-1.7,10.4,22.9,0,50184,0,180,0, 
27.8833,7.8,8.6,18.5,5.0,4.4,6.1,20.1,0,50190,0,181,0, 
27.8867,6.5,6.3,11.8,2.9,7.9,0.8,17.3,0,50196,0,182,0, 
27.8900,7.5,4.9,1.6,1.0,6.4,-4.2,15.3,0,50202,0,183,0, 
27.8933,9.0,4.7,-6.0,0.7,1.5,-7.1,14.7,0,50208,0,184,0, 
27.8967,8.4,5.0,-6.4,1.9,-2.7,-6.8,15.4,0,50214,0,185,0, 
27.9000,4.8,4.9,0.7,3.6,-2.5,-3.7,16.2,0,50220,0,186,0, 
27.9033,-0.9,4.3,10.9,4.8,2.0,0.6,15.8,0,50226,0,187,0, 
27.9067,-6.1,4.0,18.7,5.0,6.7,4.2,14.1,0,50232,0,188,0, 
27.9100,-8.6,4.7,20.7,4.6,6.7,6.2,12.3,0,50238,0,189,0, 
27.9133,-8.1,6.4,17.1,3.8,0.8,7.1,12.2,0,50244,0,190,0, 
27.9167,-6.0,7.7,10.9,2.6,-6.7,8.3,14.1,0,50250,0,191,0, 
27.9200,-4.7,6.9,5.4,0.8,-9.8,10.7,16.4,0,50256,0,192,0, 
27.9233,-5.4,3.1,2.2,-1.6,-5.2,13.8,16.6,0,50262,0,193,0, 
27.9267,-7.4,-2.4,0.8,-3.9,4.3,15.6,14.2,0,50268,0,194,0, 
27.9300,-8.3,-6.8,-0.3,-4.9,11.5,14.4,10.9,0,50274,0,195,0, 
27.9333,-6.4,-7.6,-1.5,-4.0,10.7,10.5,10.3,0,50280,0,196,0, 
27.9367,-1.8,-4.1,-1.7,-1.5,2.4,5.8,14.2,0,50286,0,197,0, 
27.9400,3.6,1.6,0.8,1.1,-7.3,3.1,20.6,0,50292,0,198,0, 
27.9433,7.0,6.1,6.1,2.5,-11.2,3.3,24.9,0,50298,0,199,0, 
27.9467,7.0,6.9,12.1,2.0,-6.6,4.9,22.8,0,50304,0,200,0, 
27.9500,4.6,3.5,15.2,0.2,2.7,5.7,14.5,0,50310,0,201,0, 
27.9533,1.8,-1.8,13.1,-1.5,10.0,4.5,4.3,0,50316,0,202,0, 
27.9567,0.4,-6.1,6.7,-2.2,11.0,2.2,-2.2,0,50322,0,203,0, 
27.9600,0.7,-7.6,-0.6,-1.8,6.2,0.3,-2.7,0,50328,0,204,0, 
27.9633,1.3,-6.7,-5.1,-0.7,-0.2,-1.3,0.7,0,50334,0,205,0, 
27.9667,0.6,-5.7,-5.7,0.2,-4.8,-4.1,3.2,0,50340,0,206,0, 
27.9700,-2.1,-6.6,-4.4,0.5,-6.7,-9.5,1.5,0,50346,0,207,0, 
27.9733,-6.7,-9.8,-4.2,-0.1,-6.8,-15.8,-3.8,0,50352,0,208,0, 
27.9767,-11.9,-13.9,-6.3,-1.4,-6.3,-19.0,-9.1,0,50358,0,209,0, 
27.9800,-16.5,-16.8,-8.9,-2.9,-4.9,-14.9,-11.0,0,50364,0,210,0, 
27.9833,-19.5,-16.9,-9.4,-4.1,-2.0,-4.3,-8.8,0,50370,0,211,0, 
27.9867,-19.9,-14.7,-6.7,-4.2,1.3,7.3,-4.8,0,50376,0,212,0, 
27.9900,-17.3,-11.5,-2.2,-3.0,3.0,12.2,-2.0,0,50382,0,213,0, 
27.9933,-12.3,-9.0,1.0,-0.6,1.4,6.1,-2.0,0,50388,0,214,0, 
27.9967,-6.3,-7.5,1.1,2.1,-2.7,-8.6,-4.2,0,50394,0,215,0, 
28.0000,-1.3,-6.8,-0.8,4.1,-6.7,-24.3,-7.0,0,50400,0,216,0, 
28.0033,1.4,-6.2,-2.0,5.0,-8.2,-32.8,-8.5,0,50406,0,217,0, 
28.0067,1.6,-5.5,-0.5,4.9,-7.1,-30.2,-8.1,0,50412,0,218,0, 
28.0100,0.4,-4.9,3.4,4.1,-5.0,-18.6,-5.9,0,50418,0,219,0, 
28.0133,-1.0,-4.9,7.2,3.0,-3.6,-4.5,-2.5,0,50424,0,220,0, 
28.0167,-2.2,-5.8,8.0,1.9,-2.7,5.0,1.1,0,50430,0,221,0, 
28.0200,-3.2,-7.3,4.9,0.8,-0.9,5.6,3.4,0,50436,0,222,0, 
28.0233,-4.1,-9.2,-0.6,0.0,2.7,-1.8,3.6,0,50442,0,223,0, 
28.0267,-4.5,-11.0,-6.0,-0.3,7.0,-12.0,2.1,0,50448,0,224,0, 
28.0300,-3.7,-12.2,-9.1,0.0,9.6,-17.8,0.5,0,50454,0,225,0, 
28.0333,-1.5,-12.4,-9.5,0.6,9.0,-14.2,0.7,0,50460,0,226,0, 
28.0367,1.4,-11.4,-7.7,1.0,6.3,-2.3,3.2,0,50466,0,227,0, 
28.0400,3.9,-9.5,-5.0,1.1,4.3,11.3,7.0,0,50472,0,228,0, 
28.0433,5.2,-7.4,-2.5,1.3,5.0,18.0,9.6,0,50478,0,229,0, 
28.0467,5.2,-6.1,-1.0,1.8,7.7,13.2,9.4,0,50484,0,230,0, 
28.0500,5.0,-5.9,-0.8,2.7,10.1,-0.7,6.3,0,50490,0,231,0, 
28.0533,5.4,-6.3,-2.0,3.4,9.7,-16.0,1.6,0,50496,0,232,0, 
28.0567,6.4,-6.8,-3.6,3.2,6.1,-25.3,-2.7,0,50502,0,233,0, 
28.0600,7.0,-7.0,-4.4,2.2,1.3,-26.2,-5.4,0,50508,0,234,0, 
28.0633,6.2,-7.2,-3.9,1.0,-2.0,-21.6,-6.6,0,50514,0,235,0, 
28.0667,3.9,-8.0,-2.5,0.4,-2.5,-16.5,-6.6,0,50520,0,236,0, 
28.0700,0.7,-9.7,-1.7,0.6,-0.8,-14.0,-6.2,0,50526,0,237,0, 
28.0733,-2.1,-11.7,-3.0,0.7,1.4,-14.7,-6.1,0,50532,0,238,0, 
28.0767,-3.3,-12.9,-6.3,-0.2,2.5,-17.7,-6.9,0,50538,0,239,0, 
28.0800,-2.8,-12.6,-10.0,-2.3,1.7,-22.0,-8.3,0,50544,0,240,0, 
28.0833,-1.2,-10.8,-12.0,-4.5,-0.2,-26.9,-9.6,0,50550,0,241,0, 
28.0867,0.2,-8.7,-11.0,-5.4,-2.2,-29.9,-9.1,0,50556,0,242,0, 
28.0900,0.7,-7.3,-7.5,-4.2,-3.3,-28.1,-6.1,0,50562,0,243,0, 
28.0933,0.1,-6.7,-3.5,-1.4,-3.4,-20.1,-1.1,0,50568,0,244,0, 
28.0967,-0.8,-6.2,-0.8,1.6,-3.0,-8.5,3.7,0,50574,0,245,0, 
28.1000,-1.4,-5.3,-0.7,3.5,-2.8,0.3,5.7,0,50580,0,246,0, 
28.1033,-1.0,-4.1,-2.7,3.9,-3.1,0.6,3.9,0,50586,0,247,0, 
28.1067,0.0,-3.8,-5.7,3.4,-3.5,-7.9,-0.8,0,50592,0,248,0, 
28.1100,0.8,-5.2,-8.0,2.7,-3.5,-19.4,-5.9,0,50598,0,249,0, 
28.1133,0.6,-8.3,-8.3,2.0,-3.0,-25.9,-9.2,0,50604,0,250,0, 
28.1167,-0.8,-11.7,-6.6,1.2,-2.6,-23.3,-10.2,0,50610,0,251,0, 
28.1200,-2.8,-13.9,-3.9,0.1,-3.2,-14.3,-9.4,0,50616,0,252,0, 
28.1233,-4.2,-14.2,-2.1,-1.3,-4.7,-5.9,-8.1,0,50622,0,253,0, 
28.1267,-4.8,-13.4,-3.0,-2.7,-6.1,-3.6,-7.0,0,50628,0,254,0, 
28.1300,-4.7,-13.1,-6.9,-3.6,-5.6,-8.2,-6.7,0,50634,0,255,0, 
28.1333,-4.7,-14.1,-12.0,-3.8,-2.7,-15.6,-7.2,0,50640,0,0,0, 
28.1367,-5.5,-15.7,-15.3,-3.4,1.1,-21.0,-8.7,0,50646,0,1,0, 
28.1400,-7.0,-16.6,-14.9,-2.5,3.5,-21.7,-10.6,0,50652,0,2,0, 
28.1433,-8.9,-15.6,-11.3,-1.5,3.0,-18.6,-12.1,0,50658,0,3,0, 
28.1467,-10.8,-13.1,-7.3,-0.7,0.9,-13.8,-11.9,0,50664,0,4,0, 
28.1500,-12.3,-10.6,-5.9,-0.3,0.0,-9.7,-10.1,0,50670,0,5,0, 
28.1533,-13.1,-9.4,-8.0,-0.1,2.3,-8.0,-7.8,0,50676,0,6,0, 
28.1567,-12.7,-9.7,-11.4,0.1,6.9,-10.0,-6.9,0,50682,0,7,0, 
28.1600,-10.6,-10.2,-12.7,0.7,10.1,-16.1,-8.1,0,50688,0,8,0, 
28.1633,-7.2,-9.5,-10.2,2.1,8.7,-24.5,-10.6,0,50694,0,9,0, 
28.1667,-3.8,-7.4,-4.8,3.9,3.0,-31.4,-11.9,0,50700,0,10,0, 
28.1700,-2.2,-4.7,0.4,5.4,-3.2,-32.4,-10.6,0,50706,0,11,0, 
28.1733,-3.5,-3.2,2.7,5.6,-5.0,-25.5,-6.9,0,50712,0,12,0, 
28.1767,-7.2,-3.7,1.2,4.5,-0.8,-14.0,-3.0,0,50718,0,13,0, 
28.1800,-11.0,-6.2,-2.8,2.4,6.5,-4.3,-1.3,0,50724,0,14,0, 
28.1833,-12.9,-9.2,-7.4,0.5,11.4,-2.1,-2.4,0,50730,0,15,0, 
28.1867,-12.3,-11.3,-11.1,-0.2,10.3,-7.8,-4.7,0,50736,0,16,0, 
28.1900,-10.4,-11.6,-13.2,0.5,4.0,-16.1,-5.6,0,50742,0,17,0, 
28.1933,-9.2,-9.6,-13.2,1.8,-3.0,-19.8,-3.8,0,50748,0,18,0, 
28.1967,-9.7,-5.6,-10.5,2.5,-6.1,-15.3,-0.1,0,50754,0,19,0, 
28.2000,-11.1,-0.5,-5.4,2.0,-4.0,-5.1,3.0,0,50760,0,20,0, 
28.2033,-11.7,4.4,0.6,1.0,1.2,4.2,3.9,0,50766,0,21,0, 
28.2067,-10.5,7.3,4.5,0.4,5.5,7.7,2.8,0,50772,0,22,0, 
28.2100,-7.8,7.5,4.3,1.3,6.4,5.4,1.5,0,50778,0,23,0, 
28.2133,-4.6,5.8,0.5,3.6,4.2,2.2,1.9,0,50784,0,24,0, 
28.2167,-2.3,4.3,-3.8,6.0,0.7,3.3,4.5,0,50790,0,25,0, 
28.2200,-1.1,5.3,-4.7,6.9,-1.7,9.9,8.5,0,50796,0,26,0, 
28.2233,-0.4,9.5,-0.3,5.8,-1.6,18.6,12.4,0,50802,0,27,0, 
28.2267,0.3,15.4,7.4,3.2,1.1,23.7,15.1,0,50808,0,28,0, 
28.2300,1.1,19.9,14.0,0.9,5.0,21.9,16.8,0,50814,0,29,0, 
28.2333,1.8,20.5,15.8,0.3,8.0,14.2,17.4,0,50820,0,30,0, 
28.2367,1.9,17.1,12.3,1.8,8.6,4.5,16.8,0,50826,0,31,0, 
28.2400,1.4,12.0,6.1,4.1,6.3,-3.2,14.6,0,50832,0,32,0, 
28.2433,0.2,8.3,0.8,5.8,2.4,-6.9,10.9,0,50838,0,33,0, 
28.2467,-1.6,7.9,-1.0,6.0,-0.7,-7.3,7.0,0,50844,0,34,0, 
28.2500,-4.0,10.0,0.6,5.1,-1.0,-6.2,4.5,0,50850,0,35,0, 
28.2533,-6.3,12.5,3.8,4.2,1.1,-5.1,4.2,0,50856,0,36,0, 
28.2567,-7.9,13.1,6.9,4.0,3.7,-4.3,5.4,0,50862,0,37,0, 
28.2600,-7.9,11.3,8.4,4.0,4.7,-3.4,6.1,0,50868,0,38,0, 
28.2633,-6.6,8.1,7.5,3.5,3.6,-2.4,5.0,0,50874,0,39,0, 
28.2667,-4.9,4.9,3.9,1.7,2.2,-1.5,2.3,0,50880,0,40,0, 
28.2700,-4.3,2.8,-1.6,-1.2,2.5,-0.7,-0.5,0,50886,0,41,0, 
28.2733,-5.2,1.8,-7.2,-3.9,4.9,0.1,-1.4,0,50892,0,42,0, 
28.2767,-7.1,1.3,-10.1,-5.4,7.7,1.1,0.3,0,50898,0,43,0, 
28.2800,-8.8,1.3,-8.6,-5.1,8.4,2.6,3.6,0,50904,0,44,0, 
28.2833,-9.0,1.7,-3.6,-4.0,6.4,4.3,6.5,0,50910,0,45,0, 
28.2867,-7.7,2.7,1.7,-3.2,3.4,5.3,7.6,0,50916,0,46,0, 
28.2900,-5.4,3.9,3.8,-3.3,2.1,4.8,6.5,0,50922,0,47,0, 
28.2933,-3.2,4.8,1.8,-4.2,3.9,2.4,4.2,0,50928,0,48,0, 
28.2967,-1.7,5.2,-2.1,-4.9,7.3,-1.4,1.9,0,50934,0,49,0, 
28.3000,-1.0,5.3,-4.6,-4.7,9.6,-4.9,0.8,0,50940,0,50,0, 
28.3033,-0.8,5.3,-4.0,-4.0,8.9,-5.8,1.5,0,50946,0,51,0, 
28.3067,-1.0,4.9,-1.9,-3.3,5.8,-2.4,3.7,0,50952,0,52,0, 
28.3100,-1.5,3.8,-1.3,-3.6,3.0,4.9,6.5,0,50958,0,53,0, 
28.3133,-2.1,1.8,-4.2,-5.0,2.7,12.9,8.1,0,50964,0,54,0, 
28.3167,-2.6,-0.5,-9.2,-7.0,5.2,17.0,6.7,0,50970,0,55,0, 
28.3200,-2.6,-2.0,-12.9,-8.5,8.3,13.5,2.0,0,50976,0,56,0, 
28.3233,-2.1,-1.9,-12.8,-8.8,9.3,2.5,-4.6,0,50982,0,57,0, 
28.3267,-1.7,-0.8,-9.7,-8.1,7.2,-11.3,-10.7,0,50988,0,58,0, 
28.3300,-2.2,0.0,-6.2,-6.8,3.0,-21.4,-14.2,0,50994,0,59,0, 
28.3333,-4.5,-0.9,-4.9,-5.8,-1.2,-22.7,-14.3,0,51000,0,60,0, 
28.3367,-8.2,-3.5,-5.5,-5.2,-3.3,-15.1,-12.5,0,51006,0,61,0, 
28.3400,-12.4,-6.4,-5.8,-4.8,-2.8,-3.4,-10.5,0,51012,0,62,0, 
28.3433,-15.4,-8.0,-4.2,-4.2,-1.0,5.6,-9.8,0,51018,0,63,0, 
28.3467,-16.2,-7.9,-1.4,-3.0,0.4,6.7,-10.3,0,51024,0,64,0, 
28.3500,-15.1,-7.0,-0.4,-1.4,0.1,-0.5,-11.3,0,51030,0,65,0, 
28.3533,-13.2,-7.0,-3.5,-0.3,-1.9,-11.7,-12.1,0,51036,0,66,0, 
28.3567,-12.0,-8.4,-9.7,-0.1,-4.1,-20.5,-12.7,0,51042,0,67,0, 
28.3600,-12.2,-10.3,-15.3,-0.8,-4.8,-22.1,-12.9,0,51048,0,68,0, 
28.3633,-13.5,-11.2,-16.2,-1.9,-3.1,-16.2,-12.8,0,51054,0,69,0, 
28.3667,-14.6,-10.1,-11.4,-2.2,0.2,-6.9,-12.0,0,51060,0,70,0, 
28.3700,-14.6,-7.7,-3.7,-1.4,3.2,-0.3,-10.7,0,51066,0,71,0, 
28.3733,-13.4,-5.8,1.9,0.2,4.3,-0.2,-9.2,0,51072,0,72,0, 
28.3767,-11.9,-5.7,1.8,1.5,4.0,-5.9,-8.3,0,51078,0,73,0, 
28.3800,-11.2,-7.1,-3.7,1.2,4.0,-12.7,-8.1,0,51084,0,74,0, 
28.3833,-11.4,-8.7,-11.1,-0.7,5.6,-15.4,-8.1,0,51090,0,75,0, 
28.3867,-12.0,-8.8,-15.8,-3.5,8.7,-12.6,-7.9,0,51096,0,76,0, 
28.3900,-11.5,-7.1,-15.5,-5.6,10.9,-7.2,-7.0,0,51102,0,77,0, 
28.3933,-9.5,-4.6,-10.7,-5.6,9.8,-4.3,-5.9,0,51108,0,78,0, 
28.3967,-6.3,-2.8,-4.5,-3.5,5.6,-6.3,-4.9,0,51114,0,79,0, 
28.4000,-3.3,-2.3,0.3,-0.3,0.7,-10.4,-3.8,0,51120,0,80,0, 
28.4033,-1.5,-2.8,2.2,2.1,-1.5,-11.4,-2.1,0,51126,0,81,0, 
28.4067,-0.9,-3.2,1.6,2.5,0.1,-5.8,0.3,0,51132,0,82,0, 
28.4100,-0.4,-3.1,0.0,1.2,3.6,3.6,2.3,0,51138,0,83,0, 
28.4133,1.4,-2.6,-1.7,-0.5,5.7,9.7,2.5,0,51144,0,84,0, 
28.4167,4.9,-2.7,-3.0,-1.0,4.7,6.8,-0.1,0,51150,0,85,0, 
28.4200,9.2,-3.4,-3.9,0.3,1.3,-4.5,-4.5,0,51156,0,86,0, 
28.4233,12.5,-4.1,-4.1,2.7,-1.3,-16.1,-8.2,0,51162,0,87,0, 
28.4267,13.3,-3.8,-3.2,4.8,-1.3,-19.1,-8.9,0,51168,0,88,0, 
28.4300,11.5,-2.1,-1.1,5.4,0.9,-10.6,-6.2,0,51174,0,89,0, 
28.4333,8.3,0.1,1.8,4.2,3.0,3.2,-2.3,0,51180,0,90,0, 
28.4367,5.4,1.4,3.8,2.5,2.8,11.7,-0.1,0,51186,0,91,0, 
28.4400,3.7,1.2,4.0,1.5,0.6,8.0,-1.0,0,51192,0,92,0, 
28.4433,2.9,-0.4,2.0,1.9,-1.3,-5.7,-4.0,0,51198,0,93,0, 
28.4467,1.7,-2.1,-1.1,2.9,-1.0,-19.3,-6.8,0,51204,0,94,0, 
28.4500,-0.6,-2.9,-3.7,3.4,1.6,-23.3,-7.7,0,51210,0,95,0, 
28.4533,-3.5,-2.7,-5.1,2.4,4.6,-15.0,-6.7,0,51216,0,96,0, 
28.4567,-5.4,-2.0,-5.2,0.4,5.7,-0.9,-5.0,0,51222,0,97,0, 
28.4600,-5.0,-1.4,-4.9,-1.5,3.9,9.6,-3.6,0,51228,0,98,0, 
28.4633,-2.3,-1.1,-5.3,-2.1,0.4,10.5,-2.5,0,51234,0,99,0, 
28.4667,1.2,-1.1,-6.6,-1.2,-2.8,2.9,-1.5,0,51240,0,100,0, 
28.4700,2.9,-1.2,-8.4,0.1,-4.2,-7.2,-0.8,0,51246,0,101,0, 
28.4733,1.9,-1.9,-9.7,0.5,-3.4,-14.5,-1.3,0,51252,0,102,0, 
28.4767,-0.9,-3.1,-9.4,-0.3,-0.8,-17.0,-3.4,0,51258,0,103,0, 
28.4800,-3.3,-4.0,-7.1,-1.8,2.4,-16.2,-6.0,0,51264,0,104,0, 
28.4833,-3.1,-3.6,-3.6,-2.7,5.5,-14.0,-6.7,0,51270,0,105,0, 
28.4867,-0.2,-1.2,-0.4,-2.6,7.4,-10.8,-3.9,0,51276,0,106,0, 
28.4900,3.4,2.6,0.9,-2.1,7.6,-6.7,2.0,0,51282,0,107,0, 
28.4933,5.5,6.0,-0.3,-1.9,5.6,-2.5,7.6,0,51288,0,108,0, 
28.4967,5.1,7.8,-2.4,-2.4,2.1,-0.2,9.7,0,51294,0,109,0, 
28.5000,3.4,8.0,-2.4,-2.9,-1.5,-1.4,7.3,0,51300,0,110,0, 
28.5033,2.6,8.5,1.9,-2.3,-3.5,-5.0,2.8,0,51306,0,111,0, 
28.5067,4.2,10.6,9.7,-0.5,-3.1,-7.5,-0.2,0,51312,0,112,0, 
28.5100,7.5,13.9,17.0,1.8,-1.1,-5.7,0.4,0,51318,0,113,0, 
28.5133,10.3,15.6,18.3,2.8,0.6,0.4,3.3,0,51324,0,114,0, 
28.5167,10.4,13.1,10.8,1.6,0.6,7.4,5.3,0,51330,0,115,0, 
28.5200,7.4,5.8,-2.9,-1.1,-1.3,10.8,4.0,0,51336,0,116,0, 
28.5233,3.0,-3.3,-16.3,-3.5,-3.8,8.7,0.0,0,51342,0,117,0, 
28.5267,-0.4,-10.3,-22.5,-4.1,-4.9,2.7,-3.9,0,51348,0,118,0, 
28.5300,-1.0,-12.5,-19.3,-2.6,-3.7,-3.3,-5.0,0,51354,0,119,0, 
28.5333,0.9,-10.5,-10.0,-0.2,-0.5,-6.6,-2.9,0,51360,0,120,0, 
28.5367,3.9,-7.3,-1.4,1.6,3.1,-7.3,0.4,0,51366,0,121,0, 
28.5400,6.2,-5.5,1.7,2.0,5.6,-7.2,2.2,0,51372,0,122,0, 
28.5433,6.9,-5.7,-0.9,1.1,6.0,-8.1,1.8,0,51378,0,123,0, 
28.5467,6.2,-6.3,-5.6,0.0,4.6,-9.8,0.0,0,51384,0,124,0, 
28.5500,5.0,-5.6,-8.5,-0.7,1.9,-11.0,-1.1,0,51390,0,125,0, 
28.5533,4.1,-3.6,-8.4,-1.2,-1.2,-10.5,-0.9,0,51396,0,126,0, 
28.5567,3.8,-1.8,-6.6,-1.7,-4.1,-8.3,0.2,0,51402,0,127,0, 
28.5600,4.3,-1.6,-5.1,-2.1,-6.0,-6.2,0.7,0,51408,0,128,0, 
28.5633,5.2,-3.0,-4.0,-2.0,-6.7,-5.7,-0.2,0,51414,0,129,0, 
28.5667,6.0,-4.2,-1.9,-1.0,-6.5,-7.4,-1.7,0,51420,0,130,0, 
28.5700,6.0,-3.8,2.3,0.7,-6.0,-9.9,-2.6,0,51426,0,131,0, 
28.5733,4.9,-1.2,7.2,2.2,-6.0,-10.7,-1.9,0,51432,0,132,0, 
28.5767,2.8,2.3,9.8,2.4,-6.2,-7.8,0.4,0,51438,0,133,0, 
28.5800,0.5,4.9,8.2,1.3,-6.0,-1.3,3.3,0,51444,0,134,0, 
28.5833,-0.9,5.7,3.1,0.1,-4.3,6.3,5.7,0,51450,0,135,0, 
28.5867,-0.7,5.2,-1.6,-0.1,-1.1,11.1,7.0,0,51456,0,136,0, 
28.5900,0.5,4.6,-2.5,1.1,2.3,10.7,7.6,0,51462,0,137,0, 
28.5933,1.5,4.8,1.2,2.7,3.8,5.9,7.9,0,51468,0,138,0, 
28.5967,1.0,6.0,6.7,3.4,2.5,0.6,8.3,0,51474,0,139,0, 
28.6000,-1.1,7.4,9.8,2.0,-0.9,-0.9,8.5,0,51480,0,140,0, 
28.6033,-3.7,7.9,8.3,-0.8,-3.9,2.6,7.7,0,51486,0,141,0, 
28.6067,-5.2,6.9,3.3,-3.5,-4.2,8.4,5.4,0,51492,0,142,0, 
28.6100,-4.6,4.1,-1.9,-4.6,-1.7,11.5,1.5,0,51498,0,143,0, 
28.6133,-2.5,0.1,-4.4,-4.1,1.6,8.4,-3.1,0,51504,0,144,0, 
28.6167,-0.3,-4.0,-4.0,-3.0,3.1,0.5,-6.7,0,51510,0,145,0, 
28.6200,0.6,-7.1,-2.7,-2.5,1.5,-7.2,-7.9,0,51516,0,146,0, 
28.6233,0.2,-8.5,-3.2,-3.2,-2.1,-9.9,-6.6,0,51522,0,147,0, 
28.6267,-0.5,-8.2,-6.0,-4.3,-5.2,-6.1,-3.9,0,51528,0,148,0, 
28.6300,-0.3,-6.7,-9.1,-4.5,-5.7,0.8,-1.3,0,51534,0,149,0, 
28.6333,1.2,-4.6,-9.5,-3.0,-3.9,5.8,0.0,0,51540,0,150,0, 
28.6367,3.6,-1.7,-5.3,-0.2,-1.7,6.0,0.4,0,51546,0,151,0, 
28.6400,6.2,2.1,2.4,2.8,-1.1,2.8,1.4,0,51552,0,152,0, 
28.6433,8.4,6.9,10.3,4.7,-2.2,-0.2,4.1,0,51558,0,153,0, 
28.6467,10.4,11.9,14.9,5.1,-3.3,-0.2,8.3,0,51564,0,154,0, 
28.6500,12.0,15.7,15.1,4.3,-2.6,2.5,12.3,0,51570,0,155,0, 
28.6533,12.9,17.1,12.7,3.1,0.5,4.8,13.9,0,51576,0,156,0, 
28.6567,12.2,16.0,10.5,2.2,4.8,4.1,12.0,0,51582,0,157,0, 
28.6600,9.8,12.9,10.0,1.8,8.0,0.1,7.6,0,51588,0,158,0, 
28.6633,6.2,8.6,10.0,1.7,8.4,-4.6,2.9,0,51594,0,159,0, 
28.6667,3.1,4.0,7.6,1.6,6.0,-7.3,0.2,0,51600,0,160,0, 
28.6700,2.0,-0.2,1.4,1.4,2.3,-7.1,0.0,0,51606,0,161,0, 
28.6733,3.3,-3.2,-6.6,1.2,-0.9,-5.0,1.5,0,51612,0,162,0, 
28.6767,5.9,-4.0,-12.4,1.1,-2.1,-2.4,3.5,0,51618,0,163,0, 
28.6800,8.1,-2.3,-12.2,1.1,-1.1,0.9,5.0,0,51624,0,164,0, 
28.6833,8.6,1.1,-6.3,1.3,1.4,5.4,6.0,0,51630,0,165,0, 
28.6867,7.6,4.4,1.3,1.5,3.6,10.3,6.4,0,51636,0,166,0, 
28.6900,6.1,5.7,5.2,1.7,3.6,12.0,5.6,0,51642,0,167,0, 
28.6933,5.4,4.1,3.0,1.6,0.5,6.5,3.1,0,51648,0,168,0, 
28.6967,5.7,0.6,-3.4,1.2,-4.9,-6.3,-0.8,0,51654,0,169,0, 
28.7000,6.4,-2.7,-9.5,0.2,-10.0,-20.2,-4.3,0,51660,0,170,0, 
28.7033,6.5,-4.2,-11.6,-1.4,-11.7,-25.5,-4.8,0,51666,0,171,0, 
28.7067,5.2,-3.9,-9.6,-3.3,-8.5,-16.3,-1.5,0,51672,0,172,0, 
28.7100,2.8,-2.9,-6.3,-4.9,-2.1,3.5,4.3,0,51678,0,173,0, 
28.7133,0.4,-2.2,-4.7,-5.6,3.7,21.5,9.2,0,51684,0,174,0, 
28.7167,-0.8,-2.1,-5.2,-5.1,5.6,25.4,10.0,0,51690,0,175,0, 
28.7200,-0.3,-1.6,-5.7,-3.8,2.6,12.6,6.4,0,51696,0,176,0, 
28.7233,1.5,-0.2,-3.6,-2.3,-2.7,-7.7,0.7,0,51702,0,177,0, 
28.7267,3.4,2.0,1.6,-1.4,-6.7,-20.7,-3.7,0,51708,0,178,0, 
28.7300,4.7,3.4,7.2,-1.5,-7.3,-17.4,-5.1,0,51714,0,179,0, 
28.7333,4.7,2.7,9.3,-2.6,-5.0,-2.0,-4.3,0,51720,0,180,0, 
28.7367,3.8,-0.4,5.2,-4.1,-2.1,12.1,-3.5,0,51726,0,181,0, 
28.7400,2.6,-4.6,-3.7,-5.4,-0.5,13.1,-4.2,0,51732,0,182,0, 
28.7433,1.6,-7.7,-13.3,-6.1,0.1,-0.3,-5.7,0,51738,0,183,0, 
28.7467,0.6,-8.2,-18.3,-5.8,0.8,-17.8,-6.5,0,51744,0,184,0, 
28.7500,-0.7,-6.3,-15.8,-4.9,2.6,-26.1,-5.4,0,51750,0,185,0, 
28.7533,-2.3,-3.2,-7.1,-3.5,4.4,-19.8,-2.5,0,51756,0,186,0, 
28.7567,-3.9,-0.7,3.3,-2.2,4.3,-4.3,0.7,0,51762,0,187,0, 
28.7600,-4.7,0.5,9.9,-1.3,1.6,8.6,3.2,0,51768,0,188,0, 
28.7633,-4.1,0.6,9.9,-1.1,-2.6,11.0,4.9,0,51774,0,189,0, 
28.7667,-2.5,0.7,4.6,-1.3,-6.1,3.9,6.6,0,51780,0,190,0, 
28.7700,-1.1,1.5,-1.8,-1.5,-7.0,-4.2,8.8,0,51786,0,191,0, 
28.7733,-1.1,3.0,-5.3,-1.4,-5.4,-5.5,11.2,0,51792,0,192,0, 
28.7767,-2.8,4.6,-4.7,-0.7,-3.0,0.9,12.8,0,51798,0,193,0, 
28.7800,-5.4,5.3,-1.8,0.2,-1.3,9.1,12.7,0,51804,0,194,0, 
28.7833,-7.0,4.6,0.0,1.3,-0.6,11.8,10.9,0,51810,0,195,0, 
28.7867,-6.5,2.8,-1.0,2.2,-0.1,6.7,8.2,0,51816,0,196,0, 
28.7900,-3.9,0.7,-3.6,3.1,1.0,-2.2,5.6,0,51822,0,197,0, 
28.7933,-0.3,-0.6,-5.0,3.8,2.5,-7.8,4.4,0,51828,0,198,0, 
28.7967,2.6,-0.5,-3.3,4.1,3.6,-5.5,5.1,0,51834,0,199,0, 
28.8000,4.0,1.2,0.8,3.8,3.9,3.3,7.5,0,51840,0,200,0, 
28.8033,3.8,3.5,4.8,2.7,3.8,12.6,10.4,0,51846,0,201,0, 
28.8067,3.0,5.1,6.2,1.2,3.8,16.3,11.7,0,51852,0,202,0, 
28.8100,2.4,4.5,4.2,-0.4,3.9,11.7,9.7,0,51858,0,203,0, 
28.8133,2.0,1.1,0.0,-1.7,3.1,1.3,4.1,0,51864,0,204,0, 
28.8167,1.3,-4.6,-4.5,-2.6,0.9,-9.8,-3.3,0,51870,0,205,0, 
28.8200,-0.8,-10.9,-8.2,-3.0,-2.2,-16.9,-9.2,0,51876,0,206,0, 
28.8233,-4.3,-15.4,-10.8,-3.3,-4.1,-18.1,-11.4,0,51882,0,207,0, 
28.8267,-8.9,-16.2,-12.1,-3.4,-3.1,-14.8,-9.8,0,51888,0,208,0, 
28.8300,-13.5,-13.1,-11.8,-3.7,0.7,-9.7,-6.4,0,51894,0,209,0, 
28.8333,-16.7,-7.6,-9.6,-4.0,4.4,-5.6,-4.0,0,51900,0,210,0, 
28.8367,-17.8,-2.5,-6.5,-4.5,4.9,-3.9,-3.6,0,51906,0,211,0, 
28.8400,-16.7,-0.3,-4.4,-5.0,0.5,-5.1,-4.7,0,51912,0,212,0, 
28.8433,-14.2,-1.7,-5.1,-5.2,-6.4,-8.5,-6.0,0,51918,0,213,0, 
28.8467,-11.2,-5.4,-8.0,-4.7,-11.7,-13.3,-6.6,0,51924,0,214,0, 
28.8500,-8.7,-8.8,-10.2,-3.6,-11.8,-18.1,-6.5,0,51930,0,215,0, 
28.8533,-7.2,-9.4,-8.8,-2.0,-6.5,-20.5,-6.1,0,51936,0,216,0, 
28.8567,-6.6,-6.9,-2.9,-0.6,1.0,-17.9,-5.1,0,51942,0,217,0, 
28.8600,-6.3,-2.5,4.8,0.3,6.6,-9.0,-2.6,0,51948,0,218,0, 
28.8633,-6.0,1.3,10.1,0.7,8.1,4.8,1.8,0,51954,0,219,0, 
28.8667,-5.3,2.8,9.9,1.0,6.5,18.9,6.8,0,51960,0,220,0, 
28.8700,-4.4,1.7,5.4,1.5,4.5,27.2,10.2,0,51966,0,221,0, 
28.8733,-3.3,-0.5,0.6,2.4,4.1,25.2,10.0,0,51972,0,222,0, 
28.8767,-2.0,-2.4,-0.7,3.5,5.0,13.5,6.2,0,51978,0,223,0, 
28.8800,-0.5,-3.0,2.0,4.5,5.6,-2.4,1.2,0,51984,0,224,0, 
28.8833,1.2,-2.8,5.5,5.0,5.0,-14.9,-2.6,0,51990,0,225,0, 
28.8867,2.9,-2.6,5.8,5.2,3.6,-18.7,-3.5,0,51996,0,226,0, 
28.8900,4.4,-3.2,1.6,5.1,3.0,-13.9,-2.3,0,52002,0,227,0, 
28.8933,5.4,-4.3,-4.7,4.9,3.8,-5.5,-0.9,0,52008,0,228,0, 
28.8967,5.8,-4.7,-9.0,4.6,5.3,0.1,-0.6,0,52014,0,229,0, 
28.9000,5.5,-3.9,-8.4,4.2,5.8,-0.2,-1.6,0,52020,0,230,0, 
28.9033,4.2,-2.0,-4.0,3.4,4.6,-4.8,-2.7,0,52026,0,231,0, 
28.9067,1.9,-0.3,0.5,2.0,3.1,-9.5,-3.1,0,52032,0,232,0, 
28.9100,-1.1,-0.4,1.7,0.1,3.2,-10.6,-2.6,0,52038,0,233,0, 
28.9133,-4.0,-2.8,-0.9,-1.7,5.9,-7.8,-2.3,0,52044,0,234,0, 
28.9167,-6.0,-6.9,-4.7,-2.7,9.8,-3.9,-3.1,0,52050,0,235,0, 
28.9200,-6.3,-10.9,-6.3,-2.0,12.1,-1.7,-5.0,0,52056,0,236,0, 
28.9233,-4.8,-12.9,-4.0,0.2,10.6,-2.3,-6.9,0,52062,0,237,0, 
28.9267,-1.9,-11.9,0.7,3.1,5.8,-4.5,-7.5,0,52068,0,238,0, 
28.9300,1.4,-8.8,4.6,5.4,0.3,-5.8,-6.0,0,52074,0,239,0, 
28.9333,4.4,-5.4,5.5,6.0,-2.9,-4.6,-2.5,0,52080,0,240,0, 
28.9367,6.5,-3.5,3.4,4.7,-2.3,-1.2,1.9,0,52086,0,241,0, 
28.9400,7.3,-3.9,0.6,2.1,1.0,2.8,5.5,0,52092,0,242,0, 
28.9433,6.8,-5.6,-0.5,-0.4,4.6,5.5,7.1,0,52098,0,243,0, 
28.9467,5.6,-6.8,0.9,-1.9,6.1,5.2,6.3,0,52104,0,244,0, 
28.9500,4.1,-6.2,3.4,-2.3,4.9,1.7,3.6,0,52110,0,245,0, 
28.9533,3.2,-4.0,4.8,-1.9,2.2,-3.7,0.3,0,52116,0,246,0, 
28.9567,3.4,-1.2,3.9,-1.1,-0.2,-8.3,-2.0,0,52122,0,247,0, 
28.9600,4.7,0.9,1.5,-0.1,-0.8,-9.7,-2.2,0,52128,0,248,0, 
28.9633,6.4,1.9,-0.4,1.4,0.1,-7.2,-0.2,0,52134,0,249,0, 
28.9667,7.9,2.1,-0.3,3.6,1.3,-2.4,2.9,0,52140,0,250,0, 
28.9700,9.0,2.1,1.3,6.0,1.2,1.6,5.6,0,52146,0,251,0, 
28.9733,9.7,1.9,3.0,8.1,-0.4,3.2,6.5,0,52152,0,252,0, 
28.9767,10.3,1.1,3.6,9.2,-2.4,2.8,5.4,0,52158,0,253,0, 
28.9800,10.7,-0.5,3.3,9.1,-2.7,2.7,3.1,0,52164,0,254,0, 
28.9833,10.7,-2.4,3.5,8.4,0.0,4.5,1.1,0,52170,0,255,0, 
28.9867,10.1,-3.6,5.0,7.7,4.6,8.0,0.4,0,52176,0,0,0, 
28.9900,9.0,-3.7,6.8,7.4,8.2,11.1,1.4,0,52182,0,1,0, 
28.9933,7.7,-2.9,7.2,7.5,8.2,12.9,3.8,0,52188,0,2,0, 
28.9967,6.9,-2.1,5.5,7.7,4.3,14.0,6.6,0,52194,0,3,0, 
29.0000,6.9,-2.2,2.8,7.3,-0.6,15.6,8.5,0,52200,0,4,0, 
29.0033,7.3,-3.2,1.7,6.3,-2.8,17.6,8.4,0,52206,0,5,0, 
29.0067,7.4,-4.6,3.7,4.8,-0.2,17.8,5.8,0,52212,0,6,0, 
29.0100,6.8,-5.8,7.6,3.3,5.5,13.5,1.1,0,52218,0,7,0, 
29.0133,5.3,-6.8,9.8,2.5,9.9,4.9,-4.4,0,52224,0,8,0, 
29.0167,3.6,-7.9,7.5,2.9,9.2,-4.5,-8.7,0,52230,0,9,0, 
29.0200,2.2,-9.3,1.0,4.2,3.0,-10.1,-10.7,0,52236,0,10,0, 
29.0233,1.5,-10.5,-6.1,5.7,-4.9,-9.8,-10.3,0,52242,0,11,0, 
29.0267,1.3,-10.6,-9.4,6.5,-9.7,-5.5,-8.7,0,52248,0,12,0, 
29.0300,1.1,-8.9,-7.3,6.0,-8.5,-1.3,-7.4,0,52254,0,13,0, 
29.0333,0.3,-6.1,-1.5,4.6,-2.9,0.2,-6.9,0,52260,0,14,0, 
29.0367,-0.9,-3.3,3.7,3.4,2.8,0.1,-6.6,0,52266,0,15,0, 
29.0400,-1.8,-1.5,5.5,3.0,4.6,1.1,-5.6,0,52272,0,16,0, 
29.0433,-1.4,-1.1,4.0,3.3,1.5,4.9,-3.6,0,52278,0,17,0, 
29.0467,0.5,-1.4,1.7,3.5,-4.2,10.1,-1.1,0,52284,0,18,0, 
29.0500,3.8,-1.1,1.4,3.0,-8.8,13.3,0.7,0,52290,0,19,0, 
29.0533,7.4,0.1,3.7,1.8,-10.2,12.5,1.3,0,52296,0,20,0, 
29.0567,10.0,2.1,6.8,0.6,-8.5,8.8,0.9,0,52302,0,21,0, 
29.0600,10.9,3.8,8.2,0.0,-5.9,5.2,0.4,0,52308,0,22,0, 
29.0633,10.3,4.2,6.3,-0.1,-4.4,3.8,0.4,0,52314,0,23,0, 
29.0667,8.9,3.4,1.7,-0.4,-4.6,4.4,0.6,0,52320,0,24,0, 
29.0700,8.0,1.9,-2.9,-1.5,-5.9,5.0,0.4,0,52326,0,25,0, 
29.0733,8.5,1.4,-4.6,-3.1,-7.5,4.0,-0.6,0,52332,0,26,0, 
29.0767,10.3,2.5,-2.2,-4.0,-8.9,1.7,-2.1,0,52338,0,27,0, 
29.0800,12.5,5.1,2.8,-3.3,-10.0,-0.6,-3.1,0,52344,0,28,0, 
29.0833,13.5,7.8,7.0,-1.4,-10.0,-1.8,-3.1,0,52350,0,29,0, 
29.0867,12.5,9.4,7.4,0.4,-7.7,-1.7,-2.0,0,52356,0,30,0, 
29.0900,9.8,9.3,3.5,0.4,-2.6,-0.5,-0.3,0,52362,0,31,0, 
29.0933,6.9,8.8,-2.1,-1.6,4.3,2.2,2.0,0,52368,0,32,0, 
29.0967,5.5,9.5,-5.4,-4.2,9.9,7.1,4.7,0,52374,0,33,0, 
29.1000,6.5,12.3,-3.9,-5.5,10.8,13.6,7.9,0,52380,0,34,0, 
29.1033,9.6,16.2,1.3,-4.8,6.2,19.1,10.7,0,52386,0,35,0, 
29.1067,13.0,18.7,6.4,-2.8,-1.5,20.6,11.8,0,52392,0,36,0, 
29.1100,14.9,17.7,7.7,-1.1,-7.7,17.0,10.0,0,52398,0,37,0, 
29.1133,14.4,13.2,4.3,-1.0,-8.8,10.7,5.8,0,52404,0,38,0, 
29.1167,11.9,7.3,-1.6,-2.4,-4.8,6.2,1.2,0,52410,0,39,0, 
29.1200,9.0,2.9,-5.9,-3.8,0.9,6.7,-1.4,0,52416,0,40,0, 
29.1233,7.2,1.5,-6.4,-4.0,4.4,11.8,-0.8,0,52422,0,41,0, 
29.1267,7.3,2.4,-3.8,-2.8,3.7,17.6,2.1,0,52428,0,42,0, 
29.1300,9.1,4.2,-0.5,-0.9,0.2,20.1,5.3,0,52434,0,43,0, 
29.1333,12.0,5.7,1.6,0.5,-2.8,18.2,6.9,0,52440,0,44,0, 
29.1367,15.3,7.5,2.9,1.0,-3.1,13.8,6.3,0,52446,0,45,0, 
29.1400,18.5,10.8,4.9,1.2,-1.3,9.6,4.4,0,52452,0,46,0, 
29.1433,21.2,15.6,8.4,1.7,0.4,7.1,2.7,0,52458,0,47,0, 
29.1467,23.0,20.1,12.1,2.8,0.4,6.0,2.0,0,52464,0,48,0, 
29.1500,23.4,21.7,13.3,4.2,-1.3,5.7,2.2,0,52470,0,49,0, 
29.1533,22.0,18.9,10.3,5.4,-2.7,6.7,2.9,0,52476,0,50,0, 
29.1567,19.0,12.8,4.0,5.8,-2.2,10.0,3.6,0,52482,0,51,0, 
29.1600,15.2,6.7,-2.6,5.4,0.2,15.1,3.9,0,52488,0,52,0, 
29.1633,11.8,3.4,-6.3,4.6,3.0,19.4,3.2,0,52494,0,53,0, 
29.1667,10.1,3.7,-6.2,3.8,4.5,19.5,1.6,0,52500,0,54,0, 
29.1700,10.5,5.8,-3.8,3.4,4.4,14.1,0.2,0,52506,0,55,0, 
29.1733,12.4,7.5,-1.6,3.4,3.5,5.9,0.7,0,52512,0,56,0, 
29.1767,14.5,7.4,-0.8,3.8,2.9,0.0,4.4,0,52518,0,57,0, 
29.1800,15.4,6.2,-0.4,4.5,2.7,-0.2,11.4,0,52524,0,58,0, 
29.1833,14.7,5.6,1.4,5.4,2.1,4.9,19.3,0,52530,0,59,0, 
29.1867,13.1,7.0,5.4,6.4,0.2,10.8,24.8,0,52536,0,60,0, 
29.1900,11.3,10.3,10.6,7.2,-2.9,13.3,25.6,0,52542,0,61,0, 
29.1933,9.7,13.7,14.1,7.6,-6.2,11.4,22.3,0,52548,0,62,0, 
29.1967,7.9,15.4,13.6,7.4,-8.0,7.9,17.2,0,52554,0,63,0, 
29.2000,5.1,14.8,9.2,6.6,-7.6,6.5,13.0,0,52560,0,64,0, 
29.2033,1.3,12.7,3.5,5.8,-5.2,8.4,10.7,0,52566,0,65,0, 
29.2067,-2.7,10.8,-0.4,5.5,-1.8,11.4,9.0,0,52572,0,66,0, 
29.2100,-5.4,10.4,-0.2,5.9,0.8,11.7,6.4,0,52578,0,67,0, 
29.2133,-6.0,11.7,3.3,6.7,1.5,7.3,2.3,0,52584,0,68,0, 
29.2167,-4.9,13.4,7.5,7.2,-0.5,0.0,-1.6,0,52590,0,69,0, 
29.2200,-3.5,14.2,9.4,6.6,-4.2,-6.3,-3.2,0,52596,0,70,0, 
29.2233,-3.1,12.9,7.8,5.0,-7.7,-8.2,-1.9,0,52602,0,71,0, 
29.2267,-3.8,10.2,3.5,3.2,-9.1,-5.6,0.8,0,52608,0,72,0, 
29.2300,-4.6,7.4,-1.3,1.9,-7.4,-1.4,2.4,0,52614,0,73,0, 
29.2333,-4.5,5.8,-4.4,1.8,-3.7,1.0,1.3,0,52620,0,74,0, 
29.2367,-3.5,5.7,-5.0,2.5,-0.6,0.0,-2.0,0,52626,0,75,0, 
29.2400,-2.5,6.2,-3.8,3.2,-0.3,-2.9,-5.1,0,52632,0,76,0, 
29.2433,-2.7,5.9,-2.3,3.2,-3.0,-5.3,-6.2,0,52638,0,77,0, 
29.2467,-4.1,3.9,-2.2,2.5,-6.8,-5.6,-5.1,0,52644,0,78,0, 
29.2500,-5.7,0.5,-4.1,1.5,-9.0,-3.9,-3.7,0,52650,0,79,0, 
29.2533,-6.2,-2.9,-7.1,0.8,-7.9,-2.3,-3.8,0,52656,0,80,0, 
29.2567,-5.1,-5.1,-9.0,0.6,-4.3,-2.0,-5.9,0,52662,0,81,0, 
29.2600,-3.1,-5.2,-7.7,0.7,-0.6,-3.1,-8.4,0,52668,0,82,0, 
29.2633,-1.2,-3.5,-2.8,0.8,1.2,-4.4,-8.6,0,52674,0,83,0, 
29.2667,-0.1,-0.8,3.8,0.8,0.5,-4.4,-5.2,0,52680,0,84,0, 
29.2700,0.2,1.7,9.1,0.8,-1.3,-3.1,0.8,0,52686,0,85,0, 
29.2733,0.1,3.1,10.6,1.0,-2.5,-1.3,6.6,0,52692,0,86,0, 
29.2767,-0.4,2.9,7.7,1.1,-1.9,-0.3,9.4,0,52698,0,87,0, 
29.2800,-1.8,1.4,2.3,0.9,0.0,-0.2,8.5,0,52704,0,88,0, 
29.2833,-4.5,-0.7,-3.2,0.1,2.2,-0.3,5.1,0,52710,0,89,0, 
29.2867,-8.1,-2.7,-6.7,-1.2,3.6,0.4,1.9,0,52716,0,90,0, 
29.2900,-11.5,-3.6,-7.4,-2.4,3.4,1.3,0.5,0,52722,0,91,0, 
29.2933,-13.2,-3.0,-5.9,-3.2,1.5,0.8,0.7,0,52728,0,92,0, 
29.2967,-13.2,-1.3,-3.0,-3.5,-1.5,-2.2,1.5,0,52734,0,93,0, 
29.3000,-12.2,0.8,0.0,-3.8,-4.2,-6.7,1.9,0,52740,0,94,0, 
29.3033,-11.8,2.4,1.7,-4.5,-5.4,-9.5,2.2,0,52746,0,95,0, 
29.3067,-13.0,2.5,0.9,-5.4,-4.2,-7.6,3.0,0,52752,0,96,0, 
29.3100,-15.2,1.1,-2.8,-6.0,-1.2,-0.6,4.6,0,52758,0,97,0, 
29.3133,-17.1,-1.6,-7.9,-5.6,2.1,8.1,5.9,0,52764,0,98,0, 
29.3167,-17.5,-4.6,-11.7,-4.0,3.7,13.2,5.3,0,52770,0,99,0, 
29.3200,-15.7,-6.4,-11.6,-1.7,2.8,11.4,2.5,0,52776,0,100,0, 
29.3233,-12.2,-6.2,-7.5,0.6,0.1,3.8,-1.4,0,52782,0,101,0, 
29.3267,-8.1,-3.8,-1.9,2.0,-2.7,-5.1,-3.9,0,52788,0,102,0, 
29.3300,-4.2,-0.6,1.6,2.3,-3.8,-10.7,-3.7,0,52794,0,103,0, 
29.3333,-1.1,1.7,0.9,1.9,-2.9,-11.2,-1.3,0,52800,0,104,0, 
29.3367,0.9,1.9,-3.1,1.2,-0.8,-8.6,1.0,0,52806,0,105,0, 
29.3400,1.5,0.0,-7.2,0.5,1.2,-6.2,1.6,0,52812,0,106,0, 
29.3433,0.9,-2.1,-8.3,0.0,2.0,-5.5,0.8,0,52818,0,107,0, 
29.3467,-0.3,-2.7,-5.9,-0.3,1.6,-5.5,0.4,0,52824,0,108,0, 
29.3500,-1.4,-1.0,-1.4,0.1,0.6,-3.6,2.4,0,52830,0,109,0, 
29.3533,-2.0,2.1,2.8,1.2,-0.3,1.0,6.6,0,52836,0,110,0, 
29.3567,-2.3,4.2,5.2,3.2,-0.5,7.2,10.9,0,52842,0,111,0, 
29.3600,-2.8,3.7,5.8,5.1,0.3,12.1,12.7,0,52848,0,112,0, 
29.3633,-3.7,0.5,4.9,6.2,1.8,13.5,11.2,0,52854,0,113,0, 
29.3667,-4.4,-3.6,2.7,5.5,3.3,11.8,7.9,0,52860,0,114,0, 
29.3700,-3.9,-6.3,-0.6,3.4,4.2,8.9,5.0,0,52866,0,115,0, 
29.3733,-1.7,-6.1,-3.7,0.8,4.0,6.9,3.8,0,52872,0,116,0, 
29.3767,1.4,-3.2,-4.8,-1.0,3.1,6.4,3.7,0,52878,0,117,0, 
29.3800,3.9,0.6,-2.4,-1.1,2.1,6.4,3.1,0,52884,0,118,0, 
29.3833,4.7,3.3,2.7,0.1,1.8,5.1,1.2,0,52890,0,119,0, 
29.3867,4.0,3.7,7.4,1.6,2.1,1.9,-1.3,0,52896,0,120,0, 
29.3900,3.0,2.5,8.3,2.5,2.6,-2.3,-2.9,0,52902,0,121,0, 
29.3933,3.3,1.2,4.9,2.6,2.8,-5.7,-2.6,0,52908,0,122,0, 
29.3967,5.3,1.9,0.5,2.3,2.4,-6.4,-0.5,0,52914,0,123,0, 
29.4000,8.1,5.2,-0.3,2.5,1.9,-3.6,2.3,0,52920,0,124,0, 
29.4033,10.2,10.3,4.4,3.3,2.2,2.1,4.9,0,52926,0,125,0, 
29.4067,10.5,14.8,12.1,4.1,4.1,8.3,7.0,0,52932,0,126,0, 
29.4100,9.0,16.1,16.8,4.4,7.7,12.3,8.4,0,52938,0,127,0, 
29.4133,6.6,12.9,14.2,3.8,12.2,11.9,9.3,0,52944,0,128,0, 
29.4167,4.1,6.4,5.1,2.9,15.9,7.0,9.3,0,52950,0,129,0, 
29.4200,1.9,-0.4,-4.5,2.6,17.4,0.2,8.3,0,52956,0,130,0, 
29.4233,0.0,-4.0,-8.1,3.5,15.9,-4.1,6.7,0,52962,0,131,0, 
29.4267,-1.1,-2.9,-3.1,5.2,11.6,-2.7,5.8,0,52968,0,132,0, 
29.4300,-1.2,2.0,6.6,6.7,6.3,4.3,6.5,0,52974,0,133,0, 
29.4333,0.1,8.0,14.3,7.2,2.0,13.0,8.9,0,52980,0,134,0, 
29.4367,2.4,12.1,15.0,6.5,0.1,17.7,11.8,0,52986,0,135,0, 
29.4400,4.6,12.8,8.8,5.1,0.5,14.7,14.0,0,52992,0,136,0, 
29.4433,5.8,10.4,0.6,3.7,1.6,4.9,14.2,0,52998,0,137,0, 
29.4467,5.5,6.7,-4.0,2.9,1.9,-6.8,12.4,0,53004,0,138,0, 
29.4500,3.9,3.2,-2.8,2.8,0.9,-14.9,8.9,0,53010,0,139,0, 
29.4533,1.8,0.5,1.7,3.0,-0.4,-16.5,4.3,0,53016,0,140,0, 
29.4567,-0.1,-1.3,4.9,3.5,-0.2,-13.0,-0.9,0,53022,0,141,0, 
29.4600,-1.4,-2.7,3.9,4.0,2.3,-8.1,-5.6,0,53028,0,142,0, 
29.4633,-2.3,-3.7,-0.5,4.2,6.2,-5.1,-8.6,0,53034,0,143,0, 
29.4667,-2.5,-4.1,-4.9,3.7,9.1,-4.9,-9.3,0,53040,0,144,0, 
29.4700,-2.1,-4.1,-6.3,2.4,9.1,-6.4,-7.6,0,53046,0,145,0, 
29.4733,-1.3,-4.0,-4.6,0.5,6.1,-7.7,-5.1,0,53052,0,146,0, 
29.4767,-0.5,-4.3,-2.6,-1.4,2.0,-7.8,-3.3,0,53058,0,147,0, 
29.4800,0.0,-4.9,-3.0,-2.6,-0.6,-6.7,-2.8,0,53064,0,148,0, 
29.4833,0.3,-4.7,-5.6,-2.7,-0.2,-5.0,-2.9,0,53070,0,149,0, 
29.4867,0.5,-2.7,-7.3,-2.1,2.5,-4.0,-2.3,0,53076,0,150,0, 
29.4900,1.3,1.5,-4.4,-1.2,5.4,-4.3,-0.4,0,53082,0,151,0, 
29.4933,2.9,6.6,3.6,-0.4,6.0,-6.3,2.0,0,53088,0,152,0, 
29.4967,5.1,10.3,12.9,0.1,4.0,-9.2,3.1,0,53094,0,153,0, 
29.5000,7.2,10.7,18.1,0.8,0.5,-11.1,1.9,0,53100,0,154,0, 
29.5033,9.0,7.5,16.0,1.8,-2.1,-10.4,-1.1,0,53106,0,155,0, 
29.5067,10.0,2.5,8.4,3.0,-2.3,-6.8,-4.3,0,53112,0,156,0, 
29.5100,10.4,-1.9,0.2,3.8,-0.3,-1.8,-6.0,0,53118,0,157,0, 
29.5133,10.3,-3.5,-4.0,3.8,2.2,1.7,-5.4,0,53124,0,158,0, 
29.5167,9.7,-2.2,-2.8,2.9,3.6,2.3,-3.1,0,53130,0,159,0, 
29.5200,8.5,0.5,1.1,1.7,3.2,0.9,-0.3,0,53136,0,160,0, 
29.5233,6.9,2.5,4.4,1.2,2.1,0.5,2.2,0,53142,0,161,0, 
29.5267,4.8,2.5,5.4,1.7,1.5,3.0,3.8,0,53148,0,162,0, 
29.5300,2.8,0.5,4.6,3.0,2.4,7.5,4.2,0,53154,0,163,0, 
29.5333,1.4,-2.2,3.4,4.0,4.2,10.8,3.5,0,53160,0,164,0, 
29.5367,1.1,-3.9,2.7,3.7,5.4,9.9,2.2,0,53166,0,165,0, 
29.5400,2.3,-3.5,2.3,2.1,4.7,5.1,1.1,0,53172,0,166,0, 
29.5433,4.4,-1.4,2.4,0.2,2.4,-0.4,1.2,0,53178,0,167,0, 
29.5467,6.7,1.5,3.5,-0.7,0.0,-2.8,2.8,0,53184,0,168,0, 
29.5500,8.4,3.5,6.0,0.2,-1.0,-0.9,4.8,0,53190,0,169,0, 
29.5533,9.1,3.4,8.5,2.3,-0.4,2.8,5.7,0,53196,0,170,0, 
29.5567,8.8,1.2,8.9,4.5,0.9,4.6,4.2,0,53202,0,171,0, 
29.5600,8.0,-2.0,6.0,5.6,1.1,2.5,0.5,0,53208,0,172,0, 
29.5633,6.5,-4.6,1.6,5.3,-0.3,-2.3,-3.6,0,53214,0,173,0, 
29.5667,4.0,-5.6,-0.5,4.5,-2.5,-6.8,-6.4,0,53220,0,174,0, 
29.5700,0.6,-5.0,1.9,4.1,-4.0,-8.9,-7.2,0,53226,0,175,0, 
29.5733,-2.7,-4.4,6.7,4.3,-3.8,-8.8,-7.0,0,53232,0,176,0, 
29.5767,-4.4,-5.0,8.8,4.5,-2.6,-8.7,-7.3,0,53238,0,177,0, 
29.5800,-3.4,-7.5,4.4,3.8,-1.9,-10.0,-8.8,0,53244,0,178,0, 
29.5833,-0.4,-10.5,-5.1,2.3,-2.9,-12.4,-11.0,0,53250,0,179,0, 
29.5867,2.3,-12.5,-13.5,0.9,-4.8,-14.1,-12.4,0,53256,0,180,0, 
29.5900,2.4,-12.4,-14.9,0.6,-5.8,-13.7,-12.0,0,53262,0,181,0, 
29.5933,-0.8,-10.8,-8.3,1.8,-4.5,-11.0,-9.9,0,53268,0,182,0, 
29.5967,-5.1,-9.0,1.1,3.4,-1.5,-7.2,-7.2,0,53274,0,183,0, 
29.6000,-7.6,-8.5,6.7,3.8,1.0,-4.0,-5.2,0,53280,0,184,0, 
29.6033,-6.5,-9.1,5.2,2.3,1.1,-2.4,-4.2,0,53286,0,185,0, 
29.6067,-2.7,-10.1,-1.0,-0.9,-1.5,-2.6,-3.8,0,53292,0,186,0, 
29.6100,0.8,-10.5,-7.1,-4.1,-4.9,-4.3,-3.8,0,53298,0,187,0, 
29.6133,1.2,-10.6,-10.5,-5.9,-6.8,-7.0,-3.9,0,53304,0,188,0, 
29.6167,-1.8,-10.8,-11.7,-6.0,-6.1,-9.6,-4.5,0,53310,0,189,0, 
29.6200,-6.0,-11.8,-12.7,-4.9,-4.0,-10.9,-5.5,0,53316,0,190,0, 
29.6233,-8.8,-13.1,-13.5,-3.6,-2.6,-10.2,-6.2,0,53322,0,191,0, 
29.6267,-8.9,-14.2,-12.1,-2.7,-3.5,-7.8,-5.9,0,53328,0,192,0, 
29.6300,-7.7,-14.7,-7.3,-2.3,-6.3,-5.5,-4.9,0,53334,0,193,0, 
29.6333,-7.2,-15.3,-1.2,-2.1,-9.2,-5.3,-4.2,0,53340,0,194,0, 
29.6367,-9.0,-16.9,1.5,-2.0,-10.4,-8.2,-5.5,0,53346,0,195,0, 
29.6400,-12.3,-19.6,-2.6,-2.0,-9.5,-13.3,-9.7,0,53352,0,196,0, 
29.6433,-15.1,-22.5,-12.1,-2.6,-7.5,-18.8,-16.1,0,53358,0,197,0, 
29.6467,-15.5,-24.2,-21.4,-3.6,-5.8,-22.6,-22.5,0,53364,0,198,0, 
29.6500,-13.0,-23.4,-24.8,-4.6,-5.5,-23.8,-26.2,0,53370,0,199,0, 
29.6533,-8.4,-20.2,-20.6,-4.8,-6.9,-22.5,-25.5,0,53376,0,200,0, 
29.6567,-3.3,-15.5,-12.2,-3.7,-9.0,-19.3,-20.6,0,53382,0,201,0, 
29.6600,0.7,-10.2,-5.2,-1.6,-10.3,-14.7,-13.1,0,53388,0,202,0, 
29.6633,2.6,-5.2,-3.0,0.3,-9.4,-9.2,-5.5,0,53394,0,203,0, 
29.6667,2.1,-1.3,-5.1,0.7,-5.6,-3.8,0.3,0,53400,0,204,0, 
29.6700,-0.2,0.9,-8.3,-0.9,0.2,0.4,3.3,0,53406,0,205,0, 
29.6733,-3.1,0.9,-9.3,-3.4,6.0,2.3,3.5,0,53412,0,206,0, 
29.6767,-4.7,-0.9,-7.2,-5.2,8.9,1.6,1.8,0,53418,0,207,0, 
29.6800,-4.0,-3.8,-3.6,-4.9,7.4,-1.0,-0.6,0,53424,0,208,0, 
29.6833,-0.6,-6.5,-0.8,-2.7,1.7,-4.5,-2.5,0,53430,0,209,0, 
29.6867,4.0,-8.3,-1.0,0.1,-5.4,-8.2,-3.3,0,53436,0,210,0, 
29.6900,7.9,-9.0,-4.2,1.9,-11.0,-11.9,-3.3,0,53442,0,211,0, 
29.6933,9.5,-9.4,-8.4,2.1,-12.8,-15.5,-3.3,0,53448,0,212,0, 
29.6967,8.4,-9.8,-10.9,1.4,-11.2,-18.0,-4.2,0,53454,0,213,0, 
29.7000,5.7,-10.5,-10.1,1.2,-7.5,-18.2,-6.4,0,53460,0,214,0, 
29.7033,2.8,-11.4,-7.0,1.7,-3.8,-15.2,-9.3,0,53466,0,215,0, 
29.7067,0.9,-12.5,-4.7,2.1,-1.1,-9.8,-12.1,0,53472,0,216,0, 
29.7100,0.1,-13.7,-6.1,1.4,0.0,-4.9,-13.8,0,53478,0,217,0, 
29.7133,0.2,-14.1,-10.7,-0.5,-0.6,-3.7,-14.4,0,53484,0,218,0, 
29.7167,0.5,-12.3,-14.5,-2.0,-3.2,-7.7,-14.5,0,53490,0,219,0, 
29.7200,0.7,-7.5,-13.1,-1.7,-7.2,-14.6,-14.6,0,53496,0,220,0, 
29.7233,0.6,-0.1,-5.1,0.8,-10.8,-19.6,-14.4,0,53502,0,221,0, 
29.7267,-0.1,6.8,5.1,4.0,-11.8,-18.2,-13.2,0,53508,0,222,0, 
29.7300,-1.5,10.2,11.0,5.6,-8.7,-9.6,-10.5,0,53514,0,223,0, 
29.7333,-3.4,8.1,8.6,4.4,-2.7,2.0,-6.4,0,53520,0,224,0, 
29.7367,-5.2,2.1,0.4,1.3,2.6,9.7,-2.7,0,53526,0,225,0, 
29.7400,-5.9,-4.4,-6.8,-1.7,3.6,8.4,-1.1,0,53532,0,226,0, 
29.7433,-5.0,-8.6,-7.4,-3.2,-0.8,-1.6,-2.9,0,53538,0,227,0, 
29.7467,-3.1,-10.0,-1.9,-3.0,-7.6,-14.4,-6.9,0,53544,0,228,0, 
29.7500,-1.6,-10.8,3.7,-2.4,-11.8,-22.4,-10.8,0,53550,0,229,0, 
29.7533,-1.8,-13.0,2.7,-2.4,-9.9,-20.7,-11.9,0,53556,0,230,0, 
29.7567,-4.2,-16.9,-6.1,-2.9,-2.6,-10.5,-9.3,0,53562,0,231,0, 
29.7600,-7.8,-20.4,-17.3,-3.4,5.8,2.3,-4.2,0,53568,0,232,0, 
29.7633,-10.5,-20.8,-23.4,-3.5,10.4,11.2,0.7,0,53574,0,233,0, 
29.7667,-10.9,-17.4,-20.8,-3.5,9.4,12.9,3.3,0,53580,0,234,0, 
29.7700,-8.8,-12.1,-12.4,-4.1,4.9,9.0,3.2,0,53586,0,235,0, 
29.7733,-5.5,-7.4,-4.7,-5.2,0.8,3.9,2.0,0,53592,0,236,0, 
29.7767,-2.8,-4.4,-2.2,-5.9,-0.3,1.8,1.6,0,53598,0,237,0, 
29.7800,-1.5,-2.4,-3.9,-5.0,0.8,3.5,2.7,0,53604,0,238,0, 
29.7833,-1.4,0.7,-4.6,-2.0,1.8,6.8,4.6,0,53610,0,239,0, 
29.7867,-1.3,5.8,-0.4,2.0,1.1,8.0,5.8,0,53616,0,240,0, 
29.7900,0.1,11.6,7.7,5.4,-0.6,5.0,5.6,0,53622,0,241,0, 
29.7933,2.8,15.8,14.5,7.0,-1.0,-1.8,4.7,0,53628,0,242,0, 
29.7967,6.1,16.5,15.0,6.5,1.1,-9.0,4.4,0,53634,0,243,0, 
29.8000,9.0,14.4,9.5,5.2,4.5,-12.4,5.5,0,53640,0,244,0, 
29.8033,10.6,11.5,3.2,4.3,6.3,-9.5,7.5,0,53646,0,245,0, 
29.8067,10.5,10.0,2.0,4.3,4.3,-1.2,8.9,0,53652,0,246,0, 
29.8100,8.7,10.3,7.4,4.9,-0.4,7.8,8.8,0,53658,0,247,0, 
29.8133,5.4,11.0,15.0,5.2,-4.9,12.3,6.9,0,53664,0,248,0, 
29.8167,1.4,10.1,18.6,4.6,-6.1,9.0,4.1,0,53670,0,249,0, 
29.8200,-2.6,7.3,14.5,2.9,-3.2,0.0,1.6,0,53676,0,250,0, 
29.8233,-5.8,3.8,5.5,0.8,1.9,-9.1,0.4,0,53682,0,251,0, 
29.8267,-7.4,1.5,-2.7,-0.9,6.2,-12.2,0.8,0,53688,0,252,0, 
29.8300,-7.2,1.1,-5.6,-1.7,7.9,-7.7,2.5,0,53694,0,253,0, 
29.8333,-5.6,1.4,-3.5,-1.4,6.8,0.6,4.7,0,53700,0,254,0, 
29.8367,-3.3,0.3,-0.8,-0.8,3.9,5.8,6.5,0,53706,0,255,0, 
29.8400,-1.1,-3.2,-1.4,-0.4,0.3,3.9,6.7,0,53712,0,0,0, 
29.8433,0.2,-8.2,-5.0,-0.7,-2.8,-3.7,4.7,0,53718,0,1,0, 
29.8467,-0.1,-12.6,-8.3,-1.5,-4.5,-10.6,1.1,0,53724,0,2,0, 
29.8500,-1.9,-14.5,-7.9,-2.0,-3.9,-11.3,-2.1,0,53730,0,3,0, 
29.8533,-4.7,-13.6,-3.9,-2.1,-1.0,-5.1,-3.0,0,53736,0,4,0, 
29.8567,-7.1,-11.7,0.4,-1.7,2.8,2.6,-0.8,0,53742,0,5,0, 
29.8600,-8.0,-10.7,1.4,-1.6,5.3,5.8,3.4,0,53748,0,6,0, 
29.8633,-6.9,-11.5,-2.0,-2.2,5.2,2.3,6.8,0,53754,0,7,0, 
29.8667,-4.6,-13.5,-7.7,-3.4,2.7,-4.1,7.0,0,53760,0,8,0, 
29.8700,-2.6,-15.1,-12.6,-4.5,-0.4,-7.4,3.5,0,53766,0,9,0, 
29.8733,-2.1,-15.1,-14.7,-4.5,-2.5,-4.6,-1.8,0,53772,0,10,0, 
29.8767,-3.2,-13.0,-13.2,-3.0,-2.9,1.8,-5.4,0,53778,0,11,0, 
29.8800,-4.8,-8.9,-8.5,-0.5,-2.7,6.4,-5.2,0,53784,0,12,0, 
29.8833,-5.4,-3.5,-1.2,1.9,-2.9,5.5,-1.2,0,53790,0,13,0, 
29.8867,-4.2,1.8,6.6,3.1,-3.3,0.6,4.1,0,53796,0,14,0, 
29.8900,-1.2,5.9,11.7,2.8,-3.4,-4.2,7.9,0,53802,0,15,0, 
29.8933,3.0,8.0,11.0,1.5,-2.6,-5.9,8.8,0,53808,0,16,0, 
29.8967,7.5,8.5,4.6,0.1,-1.8,-4.9,7.2,0,53814,0,17,0, 
29.9000,11.5,9.2,-2.9,-0.4,-2.1,-4.0,5.3,0,53820,0,18,0, 
29.9033,14.3,11.6,-5.3,0.4,-4.0,-4.5,4.4,0,53826,0,19,0, 
29.9067,15.3,15.4,0.9,1.9,-5.9,-4.8,5.0,0,53832,0,20,0, 
29.9100,14.4,18.7,12.3,2.9,-5.8,-2.2,5.8,0,53838,0,21,0, 
29.9133,12.1,18.2,20.7,2.4,-2.8,3.1,5.7,0,53844,0,22,0, 
29.9167,9.5,12.7,19.1,0.3,1.5,7.7,4.1,0,53850,0,23,0, 
29.9200,7.9,3.7,7.7,-2.3,4.4,7.4,1.6,0,53856,0,24,0, 
29.9233,7.8,-4.6,-5.9,-3.9,3.7,2.2,-0.5,0,53862,0,25,0, 
29.9267,8.6,-8.2,-12.3,-3.7,0.1,-3.1,-1.5,0,53868,0,26,0, 
29.9300,9.0,-6.2,-7.7,-1.7,-3.7,-2.4,-0.7,0,53874,0,27,0, 
29.9333,8.0,-1.1,3.1,0.9,-5.0,5.9,1.4,0,53880,0,28,0, 
29.9367,6.2,2.9,11.0,2.5,-3.7,16.8,4.4,0,53886,0,29,0, 
29.9400,5.1,3.4,10.1,2.3,-1.7,22.2,7.6,0,53892,0,30,0, 
29.9433,6.4,0.9,1.6,0.6,-1.2,17.6,10.6,0,53898,0,31,0, 
29.9467,10.3,-1.4,-6.9,-1.5,-2.9,6.0,12.5,0,53904,0,32,0, 
29.9500,15.1,-0.8,-8.5,-2.8,-5.1,-5.0,13.1,0,53910,0,33,0, 
29.9533,18.6,3.1,-1.9,-2.8,-5.8,-8.7,12.2,0,53916,0,34,0, 
29.9567,18.9,7.9,7.7,-1.9,-3.9,-4.4,10.4,0,53922,0,35,0, 
29.9600,16.4,10.1,13.5,-1.0,-0.4,3.3,8.4,0,53928,0,36,0, 
29.9633,12.9,8.0,12.3,-0.8,2.8,9.1,7.1,0,53934,0,37,0, 
29.9667,10.7,2.6,6.1,-1.6,4.2,10.5,6.8,0,53940,0,38,0, 
29.9700,10.9,-2.9,-0.1,-2.8,3.9,8.3,7.1,0,53946,0,39,0, 
29.9733,12.9,-5.8,-2.4,-3.9,2.7,4.5,7.7,0,53952,0,40,0, 
29.9767,14.9,-5.2,-0.8,-4.1,1.6,0.2,8.1,0,53958,0,41,0, 
29.9800,15.7,-2.6,1.9,-3.3,1.0,-3.6,8.2,0,53964,0,42,0, 
29.9833,14.9,-0.5,2.8,-2.1,0.5,-5.3,8.0,0,53970,0,43,0, 
29.9867,13.4,-0.3,1.0,-1.0,0.1,-2.5,7.7,0,53976,0,44,0, 
29.9900,12.4,-1.7,-2.3,-0.4,0.0,5.2,7.3,0,53982,0,45,0, 
29.9933,12.6,-2.6,-4.7,-0.4,0.8,14.7,6.8,0,53988,0,46,0, 
29.9967,13.7,-1.3,-4.7,-0.6,2.5,20.2,6.7,0,53994,0,47,0, 
30.0000,15.5,2.6,-2.1,-0.4,4.5,17.8,7.3,0,54000,0,48,0, 
30.0033,17.8,7.6,2.1,0.4,5.5,8.7,9.0,0,54006,0,49,0, 
30.0067,20.5,11.5,6.3,1.6,4.3,-1.0,11.2,0,54012,0,50,0, 
30.0100,23.2,12.9,9.3,2.6,0.9,-5.5,13.0,0,54018,0,51,0, 
30.0133,25.0,11.8,10.0,3.2,-3.0,-3.7,13.1,0,54024,0,52,0, 
30.0167,24.6,9.6,8.4,3.1,-5.1,0.6,10.8,0,54030,0,53,0, 
30.0200,21.7,7.6,5.2,2.4,-3.8,2.0,6.9,0,54036,0,54,0, 
30.0233,17.4,6.2,1.8,1.4,0.6,-0.9,3.1,0,54042,0,55,0, 
30.0267,13.7,4.8,-0.2,0.3,5.9,-5.2,1.0,0,54048,0,56,0, 
30.0300,12.3,3.1,-0.1,-0.6,9.2,-5.9,1.3,0,54054,0,57,0, 
30.0333,13.3,1.2,1.6,-0.8,9.2,-1.3,3.2,0,54060,0,58,0, 
30.0367,15.5,0.1,3.5,-0.1,6.5,5.8,5.2,0,54066,0,59,0, 
30.0400,16.8,0.4,4.3,1.4,3.3,10.7,6.6,0,54072,0,60,0, 
30.0433,16.2,2.1,3.8,3.0,1.7,10.8,7.1,0,54078,0,61,0, 
30.0467,14.1,4.4,2.7,3.9,2.3,7.4,7.6,0,54084,0,62,0, 
30.0500,11.8,6.3,2.2,3.6,4.3,4.3,8.6,0,54090,0,63,0, 
30.0533,10.1,7.4,2.9,2.2,6.5,4.4,10.0,0,54096,0,64,0, 
30.0567,9.1,8.0,4.3,0.4,8.0,7.4,11.2,0,54102,0,65,0, 
30.0600,8.3,8.7,4.8,-1.2,8.6,10.6,11.9,0,54108,0,66,0, 
30.0633,7.3,9.6,3.7,-1.6,8.3,11.2,12.1,0,54114,0,67,0, 
30.0667,6.4,10.5,1.3,-0.7,6.7,8.1,12.2,0,54120,0,68,0, 
30.0700,6.2,10.6,-0.5,1.2,3.8,2.7,12.0,0,54126,0,69,0, 
30.0733,6.8,9.8,0.4,3.5,-0.1,-2.9,10.9,0,54132,0,70,0, 
30.0767,7.6,8.4,4.4,5.6,-3.4,-6.8,8.6,0,54138,0,71,0, 
30.0800,7.5,7.0,10.0,6.8,-4.6,-8.1,5.8,0,54144,0,72,0, 
30.0833,6.3,6.2,14.0,6.6,-3.4,-6.8,4.2,0,54150,0,73,0, 
30.0867,5.0,6.1,14.2,5.3,-1.0,-3.5,5.5,0,54156,0,74,0, 
30.0900,5.0,6.2,10.6,3.6,0.9,0.5,10.1,0,54162,0,75,0, 
30.0933,7.2,6.1,5.7,2.4,1.0,4.2,16.0,0,54168,0,76,0, 
30.0967,10.7,5.4,3.1,2.2,-0.2,6.3,20.1,0,54174,0,77,0, 
30.1000,13.9,4.3,4.1,2.9,-1.3,6.5,20.0,0,54180,0,78,0, 
30.1033,14.8,3.0,7.5,3.3,-1.3,4.5,15.4,0,54186,0,79,0, 
30.1067,13.1,1.9,9.7,2.7,-0.4,0.7,8.1,0,54192,0,80,0, 
30.1100,9.8,1.0,8.0,0.8,-0.4,-4.3,0.5,0,54198,0,81,0, 
30.1133,6.5,0.3,2.3,-1.8,-2.5,-9.2,-5.6,0,54204,0,82,0, 
30.1167,4.6,-0.5,-4.3,-3.7,-6.5,-12.6,-9.5,0,54210,0,83,0, 
30.1200,4.3,-1.4,-8.2,-3.8,-10.3,-13.3,-11.3,0,54216,0,84,0, 
30.1233,5.0,-2.4,-7.4,-2.1,-11.7,-11.7,-11.5,0,54222,0,85,0, 
30.1267,5.9,-3.0,-3.6,0.5,-10.0,-9.7,-10.7,0,54228,0,86,0, 
30.1300,6.8,-2.7,0.1,2.4,-6.9,-9.4,-9.4,0,54234,0,87,0, 
30.1333,7.9,-1.2,1.4,2.9,-4.9,-11.5,-8.1,0,54240,0,88,0, 
30.1367,9.1,1.1,0.4,1.9,-5.5,-13.8,-7.2,0,54246,0,89,0, 
30.1400,9.7,3.6,-0.5,0.5,-7.6,-12.7,-6.3,0,54252,0,90,0, 
30.1433,9.0,5.0,0.8,-0.3,-8.9,-6.3,-4.8,0,54258,0,91,0, 
30.1467,6.7,4.9,4.5,-0.1,-7.4,3.5,-2.5,0,54264,0,92,0, 
30.1500,3.3,3.2,8.3,0.5,-3.6,12.2,-0.1,0,54270,0,93,0, 
30.1533,0.2,0.7,9.8,0.6,0.2,15.3,1.4,0,54276,0,94,0, 
30.1567,-1.7,-1.6,8.2,-0.4,1.5,11.8,1.1,0,54282,0,95,0, 
30.1600,-2.5,-3.2,4.5,-2.3,-0.4,4.5,-0.9,0,54288,0,96,0, 
30.1633,-3.1,-4.6,0.7,-4.1,-4.0,-2.6,-3.5,0,54294,0,97,0, 
30.1667,-4.6,-6.8,-2.6,-4.7,-7.1,-7.1,-5.9,0,54300,0,98,0, 
30.1700,-6.6,-10.4,-5.8,-3.8,-8.5,-9.8,-7.7,0,54306,0,99,0, 
30.1733,-8.0,-15.0,-9.6,-2.0,-8.6,-12.7,-9.1,0,54312,0,100,0, 
30.1767,-7.5,-18.9,-13.2,-0.5,-8.6,-15.9,-10.0,0,54318,0,101,0, 
30.1800,-4.8,-20.4,-14.9,0.1,-8.8,-17.4,-10.0,0,54324,0,102,0, 
30.1833,-1.4,-18.5,-12.8,-0.1,-7.8,-14.3,-8.4,0,54330,0,103,0, 
30.1867,1.2,-14.0,-7.0,-0.4,-4.4,-6.5,-5.1,0,54336,0,104,0, 
30.1900,2.2,-8.5,0.1,0.0,1.3,2.4,-1.5,0,54342,0,105,0, 
30.1933,2.7,-3.7,5.6,0.9,6.8,7.1,1.0,0,54348,0,106,0, 
30.1967,4.2,-0.3,7.6,1.6,9.0,5.0,1.4,0,54354,0,107,0, 
30.2000,7.3,2.2,7.3,1.5,6.7,-1.8,0.5,0,54360,0,108,0, 
30.2033,10.8,4.9,6.8,0.9,1.3,-7.8,-0.6,0,54366,0,109,0, 
30.2067,12.2,8.0,7.9,0.5,-3.8,-8.2,-0.6,0,54372,0,110,0, 
30.2100,9.8,10.8,10.0,1.1,-5.7,-2.7,0.1,0,54378,0,111,0, 
30.2133,4.3,12.2,11.0,2.4,-4.1,4.5,0.7,0,54384,0,112,0, 
30.2167,-1.5,12.1,9.5,3.9,-1.2,8.1,0.3,0,54390,0,113,0, 
30.2200,-4.7,11.0,6.3,4.7,0.6,5.7,-0.9,0,54396,0,114,0, 
30.2233,-4.5,10.2,3.9,4.7,0.2,-1.2,-2.2,0,54402,0,115,0, 
30.2267,-2.3,10.3,4.7,4.7,-1.1,-8.7,-3.0,0,54408,0,116,0, 
30.2300,-0.6,10.7,8.4,4.9,-1.6,-13.6,-3.5,0,54414,0,117,0, 
30.2333,-0.8,10.4,12.2,5.3,-0.2,-14.6,-4.2,0,54420,0,118,0, 
30.2367,-2.1,8.6,12.8,5.3,2.2,-12.5,-5.2,0,54426,0,119,0, 
30.2400,-2.9,5.6,9.6,4.4,4.1,-8.5,-5.8,0,54432,0,120,0, 
30.2433,-1.6,2.7,4.5,3.0,4.5,-3.8,-5.1,0,54438,0,121,0, 
30.2467,1.6,1.0,1.0,2.1,3.7,0.2,-3.1,0,54444,0,122,0, 
30.2500,5.3,0.5,1.2,2.1,2.5,1.9,-1.1,0,54450,0,123,0, 
30.2533,8.1,0.5,4.5,2.9,1.6,0.1,-0.3,0,54456,0,124,0, 
30.2567,9.3,-0.1,8.4,3.1,0.8,-4.0,-1.2,0,54462,0,125,0, 
30.2600,9.4,-1.9,10.5,2.0,0.2,-7.5,-2.8,0,54468,0,126,0, 
30.2633,9.0,-4.9,9.9,-0.1,0.3,-7.1,-4.0,0,54474,0,127,0, 
30.2667,7.9,-8.5,6.9,-1.7,1.7,-2.4,-4.4,0,54480,0,128,0, 
30.2700,5.8,-12.2,2.2,-1.6,4.7,3.3,-4.9,0,54486,0,129,0, 
30.2733,2.5,-15.5,-3.5,0.1,7.9,4.9,-6.6,0,54492,0,130,0, 
30.2767,-1.0,-17.8,-8.9,2.3,9.2,0.1,-9.8,0,54498,0,131,0, 
30.2800,-3.7,-18.3,-12.2,3.6,7.2,-8.7,-13.1,0,54504,0,132,0, 
30.2833,-4.7,-16.7,-11.2,3.5,2.7,-15.8,-14.9,0,54510,0,133,0, 
30.2867,-4.1,-13.4,-5.5,3.2,-1.7,-16.7,-14.6,0,54516,0,134,0, 
30.2900,-2.8,-8.9,2.6,3.8,-3.6,-12.0,-13.2,0,54522,0,135,0, 
30.2933,-2.0,-4.2,9.6,5.7,-2.3,-6.7,-12.6,0,54528,0,136,0, 
30.2967,-1.6,0.1,12.6,7.7,0.5,-5.8,-13.3,0,54534,0,137,0, 
30.3000,-1.2,3.7,11.2,8.4,2.3,-9.9,-14.2,0,54540,0,138,0, 
30.3033,0.1,6.0,7.4,7.0,2.1,-15.0,-13.7,0,54546,0,139,0, 
30.3067,2.2,6.7,3.6,4.3,1.1,-15.7,-10.9,0,54552,0,140,0, 
30.3100,4.3,5.6,0.9,2.0,1.5,-10.3,-7.1,0,54558,0,141,0, 
30.3133,5.6,3.6,-1.0,1.3,4.2,-2.2,-4.3,0,54564,0,142,0, 
30.3167,5.8,2.0,-2.2,2.1,7.7,3.2,-3.8,0,54570,0,143,0, 
30.3200,5.0,1.8,-1.6,3.4,9.4,3.2,-4.6,0,54576,0,144,0, 
30.3233,4.1,2.8,2.1,4.3,7.6,-0.8,-4.9,0,54582,0,145,0, 
30.3267,3.4,3.8,8.0,4.3,3.4,-4.8,-3.6,0,54588,0,146,0, 
30.3300,3.1,3.1,12.6,3.9,-0.3,-6.1,-1.6,0,54594,0,147,0, 
30.3333,2.9,0.0,11.6,3.5,-0.9,-5.1,-1.1,0,54600,0,148,0, 
30.3367,2.6,-4.5,3.8,3.4,1.4,-4.5,-3.7,0,54606,0,149,0, 
30.3400,2.2,-8.4,-7.0,3.3,4.3,-5.9,-9.0,0,54612,0,150,0, 
30.3433,1.3,-10.4,-13.9,2.9,4.8,-8.6,-14.6,0,54618,0,151,0, 
30.3467,-0.3,-10.6,-12.4,2.4,2.5,-10.9,-18.7,0,54624,0,152,0, 
30.3500,-2.7,-10.1,-3.7,2.0,-0.6,-12.1,-20.3,0,54630,0,153,0, 
30.3533,-5.5,-10.2,5.4,1.6,-1.9,-12.9,-20.1,0,54636,0,154,0, 
30.3567,-7.5,-10.9,8.4,1.5,-0.1,-14.6,-18.9,0,54642,0,155,0, 
30.3600,-7.8,-11.1,3.5,1.7,3.3,-16.5,-16.7,0,54648,0,156,0, 
30.3633,-6.1,-9.5,-5.0,2.3,5.7,-16.1,-13.4,0,54654,0,157,0, 
30.3667,-3.5,-6.2,-11.0,3.2,5.7,-11.4,-9.2,0,54660,0,158,0, 
30.3700,-1.8,-2.8,-11.3,4.0,4.0,-3.1,-5.5,0,54666,0,159,0, 
30.3733,-2.3,-1.2,-7.6,4.1,2.9,5.0,-4.1,0,54672,0,160,0, 
30.3767,-4.6,-2.2,-4.2,3.1,3.6,7.8,-5.4,0,54678,0,161,0, 
30.3800,-7.4,-5.3,-3.8,1.2,5.5,2.8,-8.4,0,54684,0,162,0, 
30.3833,-8.8,-8.9,-6.1,-1.0,6.5,-7.9,-11.0,0,54690,0,163,0, 
30.3867,-8.3,-11.5,-8.7,-2.6,5.3,-19.0,-11.4,0,54696,0,164,0, 
30.3900,-6.6,-12.5,-9.9,-3.2,2.3,-24.6,-9.3,0,54702,0,165,0, 
30.3933,-4.7,-11.9,-9.6,-3.0,-0.8,-22.3,-5.7,0,54708,0,166,1, sound 
30.3967,-3.5,-10.0,-8.4,-2.3,-2.1,-14.1,-1.8,0,54714,0,167,0, 
30.4000,-2.6,-7.0,-6.3,-1.3,-1.5,-4.7,1.4,0,54720,0,168,0, 
30.4033,-1.7,-3.2,-2.7,0.0,-0.1,1.0,3.5,0,54726,0,169,0, 
30.4067,-0.5,0.7,2.1,1.2,0.9,1.6,4.3,0,54732,0,170,0, 
30.4100,0.4,3.5,5.6,1.8,1.6,-0.5,3.9,0,54738,0,171,0, 
30.4133,0.5,4.7,5.1,1.6,2.8,-1.5,2.9,0,54744,0,172,0, 
30.4167,-0.3,4.7,0.5,0.9,4.8,1.3,2.5,0,54750,0,173,0, 
30.4200,-1.2,4.8,-4.3,0.7,6.8,6.6,3.3,0,54756,0,174,0, 
30.4233,-1.2,6.1,-4.4,2.0,7.1,10.3,5.0,0,54762,0,175,0, 
30.4267,-0.2,8.5,2.0,4.6,4.8,8.8,6.1,0,54768,0,176,0, 
30.4300,1.0,11.0,11.6,7.1,0.7,1.9,5.0,0,54774,0,177,0, 
30.4333,1.4,12.0,17.8,7.6,-3.0,-6.1,1.8,0,54780,0,178,0, 
30.4367,0.9,11.2,16.4,5.6,-4.1,-10.3,-1.8,0,54786,0,179,0, 
30.4400,0.2,9.6,9.1,2.5,-2.4,-8.6,-3.2,0,54792,0,180,0, 
30.4433,0.4,8.4,1.9,0.4,0.8,-3.8,-1.8,0,54798,0,181,0, 
30.4467,1.7,8.0,0.0,0.7,3.2,-1.1,1.2,0,54804,0,182,0, 
30.4500,3.1,7.5,3.6,2.8,3.8,-3.5,3.1,0,54810,0,183,0, 
30.4533,3.3,5.8,7.9,4.3,2.9,-9.4,2.2,0,54816,0,184,0, 
30.4567,1.8,3.0,8.2,3.4,2.0,-13.6,-0.4,0,54822,0,185,0, 
30.4600,-0.4,0.9,4.0,0.2,1.9,-12.1,-1.9,0,54828,0,186,0, 
30.4633,-1.8,1.4,-0.6,-3.3,2.3,-5.3,-0.2,0,54834,0,187,0, 
30.4667,-1.5,5.2,-1.0,-4.8,2.3,2.3,4.5,0,54840,0,188,0, 
30.4700,0.2,10.4,3.7,-3.7,1.0,5.9,9.3,0,54846,0,189,0, 
30.4733,1.7,13.8,9.4,-1.4,-1.3,4.3,11.4,0,54852,0,190,0, 
30.4767,1.8,13.3,11.4,-0.2,-3.6,0.6,9.9,0,54858,0,191,0, 
30.4800,0.3,9.0,7.8,-1.0,-4.7,-1.1,6.3,0,54864,0,192,0, 
30.4833,-1.6,3.3,1.4,-3.3,-3.9,0.3,3.0,0,54870,0,193,0, 
30.4867,-2.8,-1.4,-3.5,-5.1,-1.8,2.3,1.3,0,54876,0,194,0, 
30.4900,-2.8,-3.6,-4.9,-5.3,0.6,1.2,0.6,0,54882,0,195,0, 
30.4933,-1.5,-3.7,-4.4,-4.2,2.1,-4.5,-0.3,0,54888,0,196,0, 
30.4967,0.7,-2.4,-4.6,-3.1,2.2,-12.4,-1.5,0,54894,0,197,0, 
30.5000,3.7,-0.1,-5.7,-2.7,1.4,-17.4,-1.4,0,54900,0,198,0, 
30.5033,7.2,3.7,-4.8,-2.8,0.6,-15.3,2.1,0,54906,0,199,0, 
30.5067,10.4,8.9,1.1,-2.4,0.9,-5.5,9.6,0,54912,0,200,0, 
30.5100,12.1,14.4,10.9,-0.8,2.8,8.5,19.1,0,54918,0,201,0, 
30.5133,11.6,17.8,19.2,1.3,5.5,21.1,27.2,0,54924,0,202,0, 
30.5167,9.0,17.4,19.6,2.4,7.8,27.6,31.0,0,54930,0,203,0, 
30.5200,5.6,13.2,10.2,1.1,8.7,25.7,29.5,0,54936,0,204,0, 
30.5233,2.8,7.1,-3.9,-2.1,7.7,17.0,24.5,0,54942,0,205,0, 
30.5267,1.4,1.9,-14.0,-5.3,5.3,5.6,18.6,0,54948,0,206,0, 
30.5300,0.9,-0.4,-14.0,-6.2,2.2,-3.4,13.8,0,54954,0,207,0, 
30.5333,0.1,0.4,-4.5,-3.9,-0.7,-7.0,10.9,0,54960,0,208,0, 
30.5367,-1.5,2.7,7.2,0.3,-3.1,-5.4,8.7,0,54966,0,209,0, 
30.5400,-4.0,4.3,13.1,3.8,-4.8,-2.4,5.8,0,54972,0,210,0, 
30.5433,-6.8,3.5,9.9,4.6,-5.9,-2.9,1.0,0,54978,0,211,0, 
30.5467,-9.6,-0.3,0.6,2.8,-6.6,-9.6,-5.8,0,54984,0,212,0, 
30.5500,-12.7,-6.0,-8.0,0.1,-7.2,-21.2,-13.4,0,54990,0,213,0, 
30.5533,-16.1,-11.5,-10.9,-1.3,-7.8,-33.0,-19.9,0,54996,0,214,0, 
30.5567,-19.1,-14.4,-7.6,-0.4,-8.4,-39.5,-23.4,0,55002,0,215,0, 
30.5600,-20.3,-13.3,-1.7,2.2,-8.4,-38.1,-23.0,0,55008,0,216,0, 
30.5633,-18.6,-8.9,2.6,4.7,-7.4,-30.4,-19.6,0,55014,0,217,0, 
30.5667,-13.8,-3.8,3.3,5.9,-5.7,-20.2,-15.4,0,55020,0,218,0, 
30.5700,-7.5,-0.8,1.5,5.6,-4.1,-11.5,-12.4,0,55026,0,219,0, 
30.5733,-1.6,-1.4,-0.7,4.4,-3.6,-6.0,-11.7,0,55032,0,220,0, 
30.5767,2.1,-4.5,-1.5,3.2,-4.4,-2.9,-12.5,0,55038,0,221,0, 
30.5800,3.3,-7.9,-0.9,2.1,-5.7,-0.8,-13.4,0,55044,0,222,0, 
30.5833,2.5,-9.5,-0.2,0.9,-6.1,0.8,-13.5,0,55050,0,223,0, 
30.5867,0.6,-9.0,-0.6,-0.6,-4.9,1.4,-13.3,0,55056,0,224,0, 
30.5900,-2.2,-8.4,-2.6,-2.2,-2.4,0.0,-14.2,0,55062,0,225,0, 
30.5933,-6.0,-9.2,-5.5,-3.4,-0.1,-3.6,-17.0,0,55068,0,226,0, 
30.5967,-10.4,-11.6,-7.5,-4.0,0.4,-8.4,-20.5,0,55074,0,227,0, 
30.6000,-14.7,-13.7,-7.1,-3.8,-1.3,-13.0,-22.8,0,55080,0,228,0, 
30.6033,-17.6,-13.1,-3.9,-3.2,-4.3,-15.8,-21.9,0,55086,0,229,0, 
30.6067,-18.7,-9.2,1.0,-2.1,-7.1,-16.4,-17.7,0,55092,0,230,0, 
30.6100,-18.3,-4.0,4.8,-0.9,-8.2,-15.1,-11.9,0,55098,0,231,0, 
30.6133,-17.4,-0.8,5.0,0.0,-7.3,-13.0,-6.8,0,55104,0,232,0, 
30.6167,-16.8,-1.8,0.6,0.0,-5.1,-11.2,-3.8,0,55110,0,233,0, 
30.6200,-16.6,-6.2,-6.2,-1.3,-2.9,-10.6,-2.9,0,55116,0,234,0, 
30.6233,-15.9,-11.3,-11.9,-3.7,-1.7,-10.6,-2.6,0,55122,0,235,0, 
30.6267,-14.1,-13.7,-13.4,-6.0,-1.9,-9.8,-1.7,0,55128,0,236,0, 
30.6300,-11.3,-12.4,-10.6,-7.1,-2.8,-6.8,0.2,0,55134,0,237,0, 
30.6333,-8.9,-8.8,-6.2,-6.4,-3.5,-1.6,2.3,0,55140,0,238,0, 
30.6367,-8.3,-5.7,-4.2,-4.6,-3.2,3.7,3.4,0,55146,0,239,0, 
30.6400,-10.1,-5.2,-6.6,-2.8,-1.9,6.5,2.5,0,55152,0,240,0, 
30.6433,-13.3,-7.5,-11.8,-1.9,-0.7,5.0,-0.6,0,55158,0,241,0, 
30.6467,-16.0,-10.7,-15.6,-2.0,-0.5,0.9,-4.9,0,55164,0,242,0, 
30.6500,-16.7,-12.4,-14.3,-2.4,-1.6,-2.3,-9.0,0,55170,0,243,0, 
30.6533,-15.2,-11.6,-7.3,-2.3,-3.1,-1.0,-11.3,0,55176,0,244,0, 
30.6567,-12.8,-8.7,2.2,-1.7,-3.8,4.6,-11.4,0,55182,0,245,0, 
30.6600,-11.1,-5.6,9.1,-1.3,-3.2,10.2,-10.6,0,55188,0,246,0, 
30.6633,-11.0,-3.7,10.4,-1.6,-2.2,10.1,-11.0,0,55194,0,247,0, 
30.6667,-12.2,-3.7,6.9,-2.6,-2.4,1.0,-14.2,0,55200,0,248,0, 
30.6700,-13.3,-4.8,2.6,-3.5,-4.7,-14.5,-19.9,0,55206,0,249,0, 
30.6733,-13.6,-6.0,1.1,-3.6,-8.3,-29.5,-25.9,0,55212,0,250,0, 
30.6767,-12.9,-6.9,3.1,-3.0,-10.6,-36.4,-29.3,0,55218,0,251,0, 
30.6800,-12.1,-7.7,5.5,-2.4,-9.5,-32.1,-28.3,0,55224,0,252,0, 
30.6833,-11.6,-8.6,4.9,-2.4,-5.0,-19.1,-23.4,0,55230,0,253,0, 
30.6867,-11.2,-9.1,0.4,-3.3,0.5,-4.4,-16.2,0,55236,0,254,0, 
30.6900,-9.9,-7.8,-4.8,-4.3,3.6,5.4,-8.8,0,55242,0,255,0, 
30.6933,-7.2,-3.6,-6.1,-4.1,2.6,7.9,-2.0,0,55248,0,0,0, 
30.6967,-3.4,3.2,-1.1,-2.3,-1.4,5.6,4.5,0,55254,0,1,0, 
30.7000,0.1,10.7,8.2,0.7,-5.0,3.4,11.2,0,55260,0,2,0, 
30.7033,2.2,16.3,16.5,3.3,-5.8,5.1,17.6,0,55266,0,3,0, 
30.7067,2.5,18.8,19.5,4.4,-3.7,11.3,23.1,0,55272,0,4,0, 
30.7100,2.1,19.0,16.8,3.5,-1.0,19.3,26.9,0,55278,0,5,0, 
30.7133,2.5,18.7,11.8,1.5,-0.2,25.1,28.8,0,55284,0,6,0, 
30.7167,4.5,19.4,8.7,-0.4,-1.7,26.2,29.6,0,55290,0,7,0, 
30.7200,7.5,20.9,9.3,-1.2,-4.1,22.7,29.7,0,55296,0,8,0, 
30.7233,10.0,21.6,12.0,-0.6,-5.6,17.1,28.9,0,55302,0,9,0, 
30.7267,10.8,20.5,13.8,0.7,-5.4,11.7,26.7,0,55308,0,10,0, 
30.7300,9.4,18.1,12.9,1.8,-4.5,7.8,22.8,0,55314,0,11,0, 
30.7333,6.8,15.6,9.9,1.8,-4.1,5.3,17.8,0,55320,0,12,0, 
30.7367,4.5,14.1,6.2,0.7,-4.0,3.4,12.7,0,55326,0,13,0, 
30.7400,3.3,13.0,2.5,-1.2,-3.4,2.2,8.7,0,55332,0,14,0, 
30.7433,3.1,10.9,-1.0,-3.2,-1.3,2.5,6.2,0,55338,0,15,0, 
30.7467,3.1,7.3,-3.8,-4.4,1.7,5.2,5.1,0,55344,0,16,0, 
30.7500,2.8,3.3,-4.0,-4.2,3.7,9.8,4.6,0,55350,0,17,0, 
30.7533,2.7,1.5,0.2,-2.9,3.2,15.0,4.3,0,55356,0,18,0, 
30.7567,3.8,3.4,8.9,-1.1,1.0,19.2,4.1,0,55362,0,19,0, 
30.7600,6.8,8.4,18.7,0.2,-0.5,21.7,4.5,0,55368,0,20,0, 
30.7633,11.4,14.0,24.8,0.4,0.8,22.5,5.6,0,55374,0,21,0, 
30.7667,16.0,17.4,23.8,-0.7,4.7,22.1,7.1,0,55380,0,22,0, 
30.7700,18.8,17.7,16.7,-2.6,8.3,20.5,8.7,0,55386,0,23,0, 
30.7733,19.1,15.9,8.0,-4.5,8.8,17.8,9.8,0,55392,0,24,0, 
30.7767,17.3,13.6,2.1,-5.9,5.6,14.7,10.3,0,55398,0,25,0, 
30.7800,14.9,11.7,0.6,-6.7,1.5,13.4,10.8,0,55404,0,26,0, 
30.7833,13.4,9.9,1.4,-6.8,0.1,15.8,11.9,0,55410,0,27,0, 
30.7867,12.8,8.0,1.8,-6.3,2.8,22.1,14.2,0,55416,0,28,0, 
30.7900,12.5,6.4,0.6,-5.2,7.4,29.4,17.3,0,55422,0,29,0, 
30.7933,11.6,6.4,-0.8,-3.4,10.0,33.5,20.0,0,55428,0,30,0, 
30.7967,9.9,8.8,0.0,-1.5,8.2,31.5,21.2,0,55434,0,31,0, 
30.8000,8.0,13.4,3.7,0.2,3.4,24.6,20.0,0,55440,0,32,0, 
30.8033,6.5,18.3,8.8,0.8,-0.2,17.3,17.0,0,55446,0,33,0, 
30.8067,5.6,21.4,12.6,0.4,0.6,14.1,13.2,0,55452,0,34,0, 
30.8100,5.0,21.4,13.0,-0.8,5.1,15.8,9.8,0,55458,0,35,0, 
30.8133,4.3,19.0,9.7,-2.3,9.0,18.9,7.3,0,55464,0,36,0, 
30.8167,4.0,15.8,4.1,-3.8,7.9,18.5,5.9,0,55470,0,37,0, 
30.8200,4.4,13.7,-1.5,-5.1,1.0,12.8,5.7,0,55476,0,38,0, 
30.8233,5.3,12.9,-5.3,-6.2,-7.9,4.4,6.8,0,55482,0,39,0, 
30.8267,5.6,12.8,-6.2,-6.8,-13.1,-1.1,8.9,0,55488,0,40,0, 
30.8300,4.1,11.7,-4.3,-7.1,-11.3,-0.2,11.2,0,55494,0,41,0, 
30.8333,0.9,8.9,-1.2,-7.2,-4.2,6.1,12.6,0,55500,0,42,0, 
30.8367,-2.1,5.1,0.8,-7.6,3.4,13.0,12.4,0,55506,0,43,0, 
30.8400,-2.7,2.2,0.0,-8.4,6.9,16.1,11.3,0,55512,0,44,0, 
30.8433,0.3,2.1,-3.4,-9.0,5.1,14.8,10.9,0,55518,0,45,0, 
30.8467,5.9,5.6,-7.0,-8.5,0.4,12.0,12.4,0,55524,0,46,0, 
30.8500,12.1,11.5,-7.9,-6.0,-4.2,11.1,15.4,0,55530,0,47,0, 
30.8533,16.7,17.7,-4.5,-2.0,-6.7,12.9,17.9,0,55536,0,48,0, 
30.8567,19.2,22.0,2.1,2.1,-7.3,15.0,18.1,0,55542,0,49,0, 
30.8600,20.3,23.8,8.9,4.3,-6.5,14.4,15.5,0,55548,0,50,0, 
30.8633,20.4,23.5,12.6,3.8,-4.7,10.5,11.3,0,55554,0,51,0, 
30.8667,19.5,22.0,12.1,1.1,-1.5,5.5,7.6,0,55560,0,52,0, 
30.8700,17.1,19.9,8.4,-1.8,2.2,2.6,5.4,0,55566,0,53,0, 
30.8733,13.4,17.2,4.1,-3.1,4.2,2.5,4.4,0,55572,0,54,0, 
30.8767,9.9,14.3,1.7,-2.3,2.6,4.1,3.4,0,55578,0,55,0, 
30.8800,8.4,11.9,2.6,-0.5,-2.0,5.3,2.3,0,55584,0,56,0, 
30.8833,9.3,10.9,6.7,0.7,-6.4,5.4,2.3,0,55590,0,57,0, 
30.8867,11.6,11.5,11.9,0.3,-6.8,5.7,4.6,0,55596,0,58,0, 
30.8900,13.3,12.8,15.8,-1.4,-2.4,7.6,9.1,0,55602,0,59,0, 
30.8933,13.5,13.2,15.8,-3.1,3.8,11.1,14.3,0,55608,0,60,0, 
30.8967,12.8,11.8,11.2,-3.5,6.7,14.5,18.1,0,55614,0,61,0, 
30.9000,13.0,9.2,3.7,-2.6,4.1,16.1,19.6,0,55620,0,62,0, 
30.9033,14.9,7.2,-3.3,-1.2,-1.4,15.7,19.7,0,55626,0,63,0, 
30.9067,18.1,7.4,-6.7,-0.6,-3.8,14.6,20.3,0,55632,0,64,0, 
30.9100,20.5,9.9,-5.2,-1.2,0.9,14.4,22.3,0,55638,0,65,0, 
30.9133,20.7,13.7,-0.2,-2.6,11.2,15.7,24.9,0,55644,0,66,0, 
30.9167,18.2,17.1,5.2,-3.6,20.9,17.9,26.4,0,55650,0,67,0, 
30.9200,14.5,19.3,8.5,-3.4,23.3,19.8,25.7,0,55656,0,68,0, 
30.9233,11.2,20.3,8.6,-2.3,17.2,20.6,23.3,0,55662,0,69,0, 
30.9267,9.2,20.7,6.8,-1.4,7.0,20.4,20.7,0,55668,0,70,0, 
30.9300,8.5,21.0,5.2,-1.8,-0.6,19.3,19.4,0,55674,0,71,0, 
30.9333,8.0,21.1,5.8,-3.4,-1.9,17.9,19.7,0,55680,0,72,0, 
30.9367,6.9,21.0,9.4,-5.1,1.5,17.0,20.7,0,55686,0,73,0, 
30.9400,4.9,20.6,15.2,-5.7,4.6,17.2,20.9,0,55692,0,74,0, 
30.9433,2.0,19.6,20.7,-4.8,3.7,18.4,19.5,0,55698,0,75,0, 
30.9467,-0.9,18.0,22.8,-3.2,-0.6,19.3,16.4,0,55704,0,76,0, 
30.9500,-3.2,15.6,19.3,-2.2,-4.6,17.8,12.9,0,55710,0,77,0, 
30.9533,-4.4,12.8,10.9,-2.7,-5.2,13.2,10.7,0,55716,0,78,0, 
30.9567,-4.4,10.4,1.1,-4.0,-2.2,7.2,11.1,0,55722,0,79,0, 
30.9600,-3.7,9.1,-5.6,-4.8,1.6,3.3,14.0,0,55728,0,80,0, 
30.9633,-3.2,9.0,-6.9,-4.3,3.2,3.7,17.4,0,55734,0,81,0, 
30.9667,-3.6,9.0,-3.9,-3.1,2.0,7.2,18.6,0,55740,0,82,0, 
30.9700,-4.8,7.8,-0.5,-2.3,0.0,9.5,15.4,0,55746,0,83,0, 
30.9733,-6.6,4.7,0.3,-3.0,-0.6,6.8,8.5,0,55752,0,84,0, 
30.9767,-8.6,0.6,-1.3,-4.9,0.6,-0.5,1.1,0,55758,0,85,0, 
30.9800,-10.4,-2.2,-2.9,-6.9,1.5,-8.1,-2.9,0,55764,0,86,0, 
30.9833,-11.8,-2.1,-1.9,-7.8,0.4,-10.5,-1.7,0,55770,0,87,0, 
30.9867,-12.1,0.9,1.4,-7.4,-2.7,-6.2,3.4,0,55776,0,88,0, 
30.9900,-10.8,4.9,4.4,-6.3,-5.4,1.6,8.4,0,55782,0,89,0, 
30.9933,-7.8,7.4,5.0,-5.2,-5.3,7.0,9.9,0,55788,0,90,0, 
30.9967,-3.9,6.8,3.4,-4.1,-2.1,7.1,7.5,0,55794,0,91,0, 
31.0000,-0.5,3.4,1.5,-2.9,1.3,3.0,3.2,0,55800,0,92,0, 
31.0033,1.2,-1.3,0.9,-1.8,1.8,-1.2,0.1,0,55806,0,93,0, 
31.0067,0.9,-5.8,0.5,-1.4,-1.7,-3.1,-1.0,0,55812,0,94,0, 
31.0100,-0.6,-9.3,-1.8,-2.1,-6.1,-3.3,-1.2,0,55818,0,95,0, 
31.0133,-2.0,-11.4,-6.5,-3.5,-7.1,-3.8,-2.3,0,55824,0,96,0, 
31.0167,-2.9,-11.6,-10.9,-4.1,-2.5,-5.0,-4.2,0,55830,0,97,0, 
31.0200,-2.9,-9.2,-11.1,-2.5,5.3,-4.6,-4.9,0,55836,0,98,0, 
31.0233,-2.3,-4.1,-5.6,1.2,10.8,0.0,-2.2,0,55842,0,99,0, 
31.0267,-0.8,2.4,2.5,5.2,9.8,8.0,3.8,0,55848,0,100,0, 
31.0300,2.1,8.2,7.6,7.2,3.0,15.2,10.5,0,55854,0,101,0, 
31.0333,6.1,11.1,6.3,6.2,-4.1,16.5,14.7,0,55860,0,102,0, 
31.0367,10.1,10.8,0.5,3.6,-5.6,10.5,14.9,0,55866,0,103,0, 
31.0400,12.7,8.7,-4.2,1.8,-0.2,0.8,12.8,0,55872,0,104,0, 
31.0433,13.2,6.8,-3.4,2.5,7.9,-6.2,11.3,0,55878,0,105,0, 
31.0467,11.8,6.2,2.6,5.0,11.7,-6.5,11.8,0,55884,0,106,0, 
31.0500,9.8,6.4,9.3,7.3,7.8,-0.9,13.2,0,55890,0,107,0, 
31.0533,7.9,5.7,12.3,7.5,-1.0,5.9,12.9,0,55896,0,108,0, 
31.0567,5.7,3.2,10.7,5.5,-7.9,9.4,8.9,0,55902,0,109,0, 
31.0600,2.5,-0.8,6.7,2.9,-7.6,8.2,2.0,0,55908,0,110,0, 
31.0633,-1.8,-5.4,2.9,1.4,-0.7,3.9,-5.0,0,55914,0,111,0, 
31.0667,-5.8,-9.5,-1.1,1.5,6.5,-0.9,-9.6,0,55920,0,112,0, 
31.0700,-7.8,-12.6,-6.5,2.2,7.6,-4.8,-11.3,0,55926,0,113,0, 
31.0733,-7.4,-14.4,-13.4,2.3,0.9,-7.8,-11.5,0,55932,0,114,0, 
31.0767,-5.7,-14.4,-18.2,1.7,-9.1,-10.5,-12.0,0,55938,0,115,0, 
31.0800,-5.1,-12.1,-17.0,1.1,-15.5,-12.9,-13.5,0,55944,0,116,0, 
31.0833,-6.8,-8.1,-9.1,1.5,-14.7,-14.6,-15.2,0,55950,0,117,0, 
31.0867,-10.1,-4.1,0.6,2.8,-8.5,-15.4,-16.0,0,55956,0,118,0, 
31.0900,-12.6,-2.3,5.3,3.9,-2.5,-15.3,-15.3,0,55962,0,119,0, 
31.0933,-12.5,-3.9,1.5,3.9,-1.0,-14.9,-14.1,0,55968,0,120,0, 
31.0967,-10.1,-7.7,-7.1,2.5,-3.8,-14.0,-13.1,0,55974,0,121,0, 
31.1000,-7.8,-11.4,-12.5,0.8,-6.9,-12.4,-12.9,0,55980,0,122,0, 
31.1033,-7.9,-12.7,-9.0,0.1,-6.3,-9.7,-12.8,0,55986,0,123,0, 
31.1067,-10.9,-11.7,1.6,0.8,-1.7,-6.4,-12.0,0,55992,0,124,0, 
31.1100,-15.0,-9.8,11.4,1.9,3.8,-3.3,-10.1,0,55998,0,125,0, 
31.1133,-17.6,-9.3,12.5,2.1,6.2,-1.0,-7.7,0,56004,0,126,0, 
31.1167,-17.1,-10.6,3.3,0.5,4.3,-0.1,-5.4,0,56010,0,127,0, 
31.1200,-14.3,-12.8,-10.5,-2.1,-0.2,-1.0,-3.8,0,56016,0,128,0, 
31.1233,-11.3,-14.1,-20.5,-3.9,-4.1,-3.7,-3.2,0,56022,0,129,0, 
31.1267,-9.8,-13.7,-21.7,-3.9,-5.9,-7.9,-3.4,0,56028,0,130,0, 
31.1300,-10.0,-12.1,-15.4,-2.2,-6.1,-11.8,-4.1,0,56034,0,131,0, 
31.1333,-11.0,-10.0,-6.9,-0.1,-6.1,-13.0,-5.0,0,56040,0,132,0, 
31.1367,-11.3,-7.9,-1.2,1.0,-6.3,-9.9,-5.8,0,56046,0,133,0, 
31.1400,-10.0,-5.7,0.5,0.8,-6.0,-3.9,-6.4,0,56052,0,134,0, 
31.1433,-7.2,-3.3,-0.1,0.3,-4.1,1.1,-6.7,0,56058,0,135,0, 
31.1467,-3.6,-1.3,-0.6,0.8,-1.4,0.6,-7.0,0,56064,0,136,0, 
31.1500,-0.6,-0.7,-0.3,2.7,0.6,-5.8,-7.6,0,56070,0,137,0, 
31.1533,0.5,-2.5,0.2,5.0,0.3,-13.5,-8.5,0,56076,0,138,0, 
31.1567,-0.8,-5.9,-0.2,6.4,-1.6,-15.7,-9.5,0,56082,0,139,0, 
31.1600,-3.8,-9.3,-1.2,6.0,-2.7,-8.3,-10.3,0,56088,0,140,0, 
31.1633,-6.6,-10.7,-2.3,4.3,-1.1,5.5,-10.6,0,56094,0,141,0, 
31.1667,-7.1,-9.3,-2.9,2.7,3.0,17.2,-10.6,0,56100,0,142,0, 
31.1700,-4.5,-6.1,-3.4,2.3,6.8,18.4,-10.4,0,56106,0,143,0, 
31.1733,-0.2,-3.2,-4.4,2.9,7.5,7.3,-10.3,0,56112,0,144,0, 
31.1767,3.0,-2.5,-5.8,3.3,4.3,-9.8,-10.2,0,56118,0,145,0, 
31.1800,2.9,-4.6,-7.3,2.8,-0.7,-22.7,-9.9,0,56124,0,146,0, 
31.1833,-0.5,-8.6,-8.3,1.7,-4.1,-24.4,-9.4,0,56130,0,147,0, 
31.1867,-5.0,-12.5,-8.7,0.8,-3.9,-15.5,-8.6,0,56136,0,148,0, 
31.1900,-8.2,-14.5,-8.7,1.1,-0.6,-2.4,-7.6,0,56142,0,149,0, 
31.1933,-8.8,-13.5,-8.2,2.4,3.1,6.9,-6.4,0,56148,0,150,0, 
31.1967,-7.7,-10.1,-6.5,3.6,5.0,8.7,-5.4,0,56154,0,151,0, 
31.2000,-6.5,-5.7,-3.0,3.7,4.3,4.1,-5.0,0,56160,0,152,0, 
31.2033,-6.5,-2.2,1.9,2.5,2.2,-2.8,-5.6,0,56166,0,153,0, 
31.2067,-7.1,-1.0,6.4,1.3,0.2,-7.9,-7.0,0,56172,0,154,0, 
31.2100,-7.5,-1.8,8.2,1.1,-0.4,-9.1,-8.4,0,56178,0,155,0, 
31.2133,-7.2,-3.7,5.9,1.9,0.3,-6.0,-8.4,0,56184,0,156,0, 
31.2167,-6.6,-5.2,0.6,2.5,1.9,-0.1,-6.6,0,56190,0,157,0, 
31.2200,-6.4,-5.4,-5.2,1.6,3.7,6.0,-3.9,0,56196,0,158,0, 
31.2233,-6.5,-4.4,-8.7,-1.1,5.0,8.9,-2.3,0,56202,0,159,0, 
31.2267,-6.2,-3.3,-9.0,-4.0,5.0,6.2,-3.4,0,56208,0,160,0, 
31.2300,-4.6,-3.1,-7.0,-5.2,3.7,-2.0,-7.4,0,56214,0,161,0, 
31.2333,-2.0,-4.5,-4.7,-3.5,1.6,-12.0,-12.2,0,56220,0,162,0, 
31.2367,0.2,-7.0,-3.2,0.1,-0.1,-18.4,-15.5,0,56226,0,163,0, 
31.2400,0.6,-9.9,-2.5,3.5,-0.2,-17.8,-15.9,0,56232,0,164,0, 
31.2433,-1.1,-12.2,-1.7,4.8,1.2,-11.5,-14.0,0,56238,0,165,0, 
31.2467,-3.9,-13.1,-0.4,3.5,2.6,-4.6,-12.0,0,56244,0,166,0, 
31.2500,-5.9,-12.7,0.5,1.1,2.7,-2.1,-12.0,0,56250,0,167,0, 
31.2533,-6.3,-11.4,-0.1,-0.8,1.0,-4.6,-14.0,0,56256,0,168,0, 
31.2567,-5.4,-9.8,-1.9,-1.2,-1.3,-8.4,-16.2,0,56262,0,169,0, 
31.2600,-3.9,-8.3,-3.5,-0.6,-2.6,-8.4,-16.5,0,56268,0,170,0, 
31.2633,-2.7,-7.0,-2.8,0.0,-2.0,-3.2,-14.2,0,56274,0,171,0, 
31.2667,-1.8,-6.3,0.4,0.0,-0.1,3.5,-11.0,0,56280,0,172,0, 
31.2700,-1.0,-6.5,3.5,-0.6,1.3,5.9,-9.7,0,56286,0,173,0, 
31.2733,-0.1,-7.8,2.9,-1.2,1.2,0.7,-11.8,0,56292,0,174,0, 
31.2767,0.4,-9.9,-2.8,-1.3,-0.1,-9.3,-16.3,0,56298,0,175,0, 
31.2800,0.4,-11.7,-10.7,-0.9,-1.5,-17.6,-20.4,0,56304,0,176,0, 
31.2833,-0.3,-11.8,-15.4,-0.3,-2.1,-18.7,-21.0,0,56310,0,177,0, 
31.2867,-0.9,-9.8,-13.1,0.3,-1.9,-12.1,-17.3,0,56316,0,178,0, 
31.2900,-0.9,-6.2,-4.4,0.9,-1.5,-2.4,-10.9,0,56322,0,179,0, 
31.2933,0.3,-2.7,5.0,1.5,-1.1,4.2,-4.9,0,56328,0,180,0, 
31.2967,2.5,-0.6,9.2,1.8,-0.1,4.8,-1.8,0,56334,0,181,0, 
31.3000,4.9,-0.2,6.1,1.7,1.8,0.6,-1.6,0,56340,0,182,0, 
31.3033,6.8,-0.8,-1.3,0.7,4.1,-4.6,-2.7,0,56346,0,183,0, 
31.3067,7.3,-1.4,-7.8,-0.9,4.9,-7.3,-3.1,0,56352,0,184,0, 
31.3100,6.0,-1.7,-10.1,-2.8,3.0,-6.4,-2.0,0,56358,0,185,0, 
31.3133,3.1,-2.1,-8.7,-4.8,-1.4,-3.1,-0.2,0,56364,0,186,0, 
31.3167,-0.7,-3.0,-6.3,-6.4,-5.7,0.9,0.5,0,56370,0,187,0, 
31.3200,-4.1,-4.2,-4.8,-7.3,-7.2,3.3,-0.8,0,56376,0,188,0, 
31.3233,-6.0,-5.0,-3.8,-7.2,-5.0,2.5,-4.0,0,56382,0,189,0, 
31.3267,-5.9,-5.2,-2.0,-6.1,-0.7,-2.8,-7.7,0,56388,0,190,0, 
31.3300,-4.6,-5.2,0.7,-4.4,2.9,-11.7,-10.5,0,56394,0,191,0, 
31.3333,-2.9,-5.7,2.3,-3.2,3.7,-20.5,-11.4,0,56400,0,192,0, 
31.3367,-1.8,-7.3,0.5,-3.3,2.0,-24.4,-10.3,0,56406,0,193,0, 
31.3400,-0.9,-8.9,-4.5,-4.9,-0.4,-20.3,-7.7,0,56412,0,194,0, 
31.3433,0.7,-8.8,-9.4,-7.0,-1.7,-9.8,-4.7,0,56418,0,195,0, 
31.3467,3.5,-6.0,-10.7,-8.0,-1.6,0.8,-2.4,0,56424,0,196,0, 
31.3500,7.2,-1.0,-7.0,-7.0,-1.5,5.4,-1.0,0,56430,0,197,0, 
31.3533,10.5,4.4,-0.6,-4.4,-2.5,2.4,-0.4,0,56436,0,198,0, 
31.3567,11.9,8.0,4.5,-1.6,-4.4,-4.1,0.1,0,56442,0,199,0, 
31.3600,11.3,9.0,5.9,0.2,-6.3,-7.5,1.1,0,56448,0,200,0, 
31.3633,9.4,8.3,4.0,0.6,-6.9,-4.9,2.4,0,56454,0,201,0, 
31.3667,7.9,7.2,1.8,0.3,-6.2,1.0,3.3,0,56460,0,202,0, 
31.3700,7.5,7.1,1.6,0.3,-5.2,3.9,3.3,0,56466,0,203,0, 
31.3733,8.0,8.1,3.9,1.0,-4.7,0.4,2.4,0,56472,0,204,0, 
31.3767,8.4,9.5,7.4,2.0,-4.9,-7.3,1.3,0,56478,0,205,0, 
31.3800,8.2,10.8,10.8,2.8,-4.9,-12.8,0.7,0,56484,0,206,0, 
31.3833,7.4,11.7,13.4,3.2,-4.3,-11.9,1.1,0,56490,0,207,0, 
31.3867,6.9,12.1,15.5,3.6,-3.2,-5.5,2.0,0,56496,0,208,0, 
31.3900,7.7,12.0,17.3,4.4,-2.3,0.7,2.5,0,56502,0,209,0, 
31.3933,9.6,10.9,18.2,5.5,-2.2,2.2,2.0,0,56508,0,210,0, 
31.3967,11.4,8.7,17.1,6.4,-2.5,-0.9,0.4,0,56514,0,211,0, 
31.4000,11.9,5.7,13.3,6.2,-2.2,-3.9,-1.6,0,56520,0,212,0, 
31.4033,10.6,2.4,7.4,4.9,-0.6,-2.8,-3.8,0,56526,0,213,0, 
31.4067,8.1,-0.7,0.8,3.2,1.8,2.2,-5.7,0,56532,0,214,0, 
31.4100,5.6,-2.9,-4.7,1.7,3.5,6.2,-7.2,0,56538,0,215,0, 
31.4133,4.2,-4.1,-7.7,1.2,2.9,4.6,-7.8,0,56544,0,216,0, 
31.4167,3.6,-4.1,-7.6,1.6,-0.3,-2.9,-7.5,0,56550,0,217,0, 
31.4200,3.0,-3.4,-4.8,2.5,-4.8,-11.8,-6.4,0,56556,0,218,0, 
31.4233,1.5,-2.8,-0.6,3.4,-8.4,-16.8,-5.7,0,56562,0,219,0, 
31.4267,-1.2,-3.4,2.9,3.8,-9.8,-16.2,-6.4,0,56568,0,220,0, 
31.4300,-3.9,-5.3,3.8,3.4,-8.9,-12.5,-8.4,0,56574,0,221,0, 
31.4333,-5.3,-7.6,2.0,1.9,-6.8,-9.7,-10.5,0,56580,0,222,0, 
31.4367,-4.8,-8.4,-1.0,-0.2,-4.7,-9.7,-11.0,0,56586,0,223,0, 
31.4400,-3.1,-6.3,-2.6,-2.1,-3.0,-10.9,-9.1,0,56592,0,224,0, 
31.4433,-1.5,-1.7,-1.1,-2.9,-1.5,-11.5,-6.1,0,56598,0,225,0, 
31.4467,-1.2,3.1,3.2,-1.8,-0.2,-10.9,-4.4,0,56604,0,226,0, 
31.4500,-2.3,5.2,7.8,0.9,0.2,-11.1,-5.5,0,56610,0,227,0, 
31.4533,-3.9,3.3,9.8,3.8,-1.2,-13.5,-8.8,0,56616,0,228,0, 
31.4567,-4.8,-1.2,7.7,5.4,-4.3,-17.0,-11.8,0,56622,0,229,0, 
31.4600,-4.8,-5.2,2.4,4.6,-7.7,-18.5,-12.1,0,56628,0,230,0, 
31.4633,-4.3,-6.3,-3.6,1.8,-9.2,-15.7,-9.5,0,56634,0,231,0, 
31.4667,-4.3,-4.3,-8.1,-1.5,-8.2,-10.0,-6.1,0,56640,0,232,0, 
31.4700,-4.5,-1.5,-10.1,-3.2,-5.6,-5.3,-4.4,0,56646,0,233,0, 
31.4733,-4.2,-0.1,-9.9,-2.5,-3.8,-5.3,-5.1,0,56652,0,234,0, 
31.4767,-2.8,-0.7,-8.1,0.2,-4.1,-9.8,-6.3,0,56658,0,235,0, 
31.4800,-0.5,-1.7,-5.2,3.3,-5.4,-14.9,-5.3,0,56664,0,236,0, 
31.4833,1.4,-0.9,-1.5,4.9,-5.2,-16.2,-0.9,0,56670,0,237,0, 
31.4867,1.4,2.3,2.8,4.0,-1.9,-12.1,5.5,0,56676,0,238,0, 
31.4900,-0.2,6.3,6.3,1.1,3.4,-4.7,10.7,0,56682,0,239,0, 
31.4933,-2.2,8.5,7.4,-2.0,7.4,1.9,12.4,0,56688,0,240,0, 
31.4967,-2.4,7.5,5.6,-3.5,7.0,4.9,10.8,0,56694,0,241,0, 
31.5000,0.0,3.8,1.6,-2.4,2.2,4.0,7.6,0,56700,0,242,0, 
31.5033,3.9,-0.2,-2.4,0.6,-3.7,0.9,5.1,0,56706,0,243,0, 
31.5067,7.3,-2.3,-4.1,3.9,-6.7,-2.6,3.9,0,56712,0,244,0, 
31.5100,8.3,-2.2,-2.7,5.9,-5.1,-5.0,3.5,0,56718,0,245,0, 
31.5133,6.8,-0.9,0.8,6.3,-1.1,-4.9,3.5,0,56724,0,246,0, 
31.5167,4.1,0.1,4.5,5.6,1.3,-1.6,3.9,0,56730,0,247,0, 
31.5200,2.1,0.0,6.8,5.1,-0.1,4.2,4.8,0,56736,0,248,0, 
31.5233,1.9,-0.8,6.8,5.2,-4.4,9.8,6.2,0,56742,0,249,0, 
31.5267,3.5,-1.3,4.7,5.7,-7.8,11.6,7.2,0,56748,0,250,0, 
31.5300,5.6,-1.0,1.0,5.5,-7.2,7.6,7.1,0,56754,0,251,0, 
31.5333,6.9,0.1,-3.3,4.2,-2.4,0.1,6.3,0,56760,0,252,0, 
31.5367,6.7,1.5,-6.7,2.1,3.4,-6.0,5.9,0,56766,0,253,0, 
31.5400,5.3,2.7,-7.4,0.0,6.4,-6.2,6.8,0,56772,0,254,0, 
31.5433,3.6,3.3,-4.6,-1.4,5.0,-0.5,8.2,0,56778,0,255,0, 
31.5467,2.7,2.9,0.3,-2.0,0.8,6.2,8.1,0,56784,0,0,0, 
31.5500,3.0,1.5,4.6,-2.5,-2.6,8.3,5.1,0,56790,0,1,0, 
31.5533,3.9,-0.5,5.6,-3.2,-2.6,4.3,-0.3,0,56796,0,2,0, 
31.5567,4.1,-2.2,3.2,-3.9,0.8,-2.1,-5.1,0,56802,0,3,0, 
31.5600,2.5,-2.2,0.0,-3.9,4.9,-4.6,-6.6,0,56808,0,4,0, 
31.5633,-0.6,0.1,-0.8,-2.6,6.3,-0.3,-4.0,0,56814,0,5,0, 
31.5667,-4.1,3.7,1.8,-0.3,3.4,7.6,0.7,0,56820,0,6,0, 
31.5700,-6.1,6.7,5.8,1.5,-2.3,12.7,4.0,0,56826,0,7,0, 
31.5733,-6.0,7.3,7.5,1.6,-7.8,10.6,4.0,0,56832,0,8,0, 
31.5767,-4.6,5.5,5.5,-0.1,-10.0,2.6,1.5,0,56838,0,9,0, 
31.5800,-3.3,3.3,1.7,-2.3,-8.2,-5.6,-0.8,0,56844,0,10,0, 
31.5833,-2.9,3.0,-0.4,-3.3,-4.1,-8.8,-0.4,0,56850,0,11,0, 
31.5867,-3.1,5.6,1.1,-2.5,-0.6,-6.1,3.2,0,56856,0,12,0, 
31.5900,-2.4,9.9,4.6,-0.6,0.7,-1.0,7.9,0,56862,0,13,0, 
31.5933,-0.2,12.8,6.1,0.7,0.4,2.6,11.2,0,56868,0,14,0, 
31.5967,2.6,11.9,3.2,0.2,0.2,3.7,11.5,0,56874,0,15,0, 
31.6000,4.4,6.9,-2.6,-1.8,1.6,4.2,9.2,0,56880,0,16,0, 
31.6033,3.7,0.2,-6.9,-3.9,4.1,6.3,5.8,0,56886,0,17,0, 
31.6067,0.9,-5.0,-5.7,-4.5,5.8,9.4,2.7,0,56892,0,18,0, 
31.6100,-2.1,-6.7,0.9,-3.4,5.1,11.0,0.8,0,56898,0,19,0, 
31.6133,-3.6,-5.2,8.7,-1.7,2.4,9.3,0.1,0,56904,0,20,0, 
31.6167,-2.8,-2.5,12.3,-1.0,0.0,5.5,0.1,0,56910,0,21,0, 
31.6200,-0.6,-0.7,9.1,-2.0,0.6,3.1,0.8,0,56916,0,22,0, 
31.6233,2.0,-0.3,1.0,-4.1,4.7,5.1,2.4,0,56922,0,23,0, 
31.6267,4.3,-0.4,-7.1,-5.9,10.3,10.9,5.1,0,56928,0,24,0, 
31.6300,6.3,0.5,-10.7,-6.2,14.2,16.7,8.3,0,56934,0,25,0, 
31.6333,8.6,2.4,-8.5,-5.1,14.1,18.4,10.5,0,56940,0,26,0, 
31.6367,10.7,3.9,-3.1,-3.6,10.1,14.4,10.3,0,56946,0,27,0, 
31.6400,12.1,3.0,0.8,-2.6,4.4,6.6,7.0,0,56952,0,28,0, 
31.6433,12.0,-1.1,0.1,-2.5,-0.4,-0.9,2.0,0,56958,0,29,0, 
31.6467,10.3,-7.1,-4.9,-2.7,-3.0,-4.8,-2.3,0,56964,0,30,0, 
31.6500,7.4,-12.0,-10.5,-2.4,-3.5,-4.5,-4.0,0,56970,0,31,0, 
31.6533,4.5,-13.6,-12.2,-1.4,-3.0,-1.7,-3.4,0,56976,0,32,0, 
31.6567,2.2,-12.0,-8.5,-0.2,-2.6,0.7,-2.6,0,56982,0,33,0, 
31.6600,1.1,-9.2,-1.6,0.4,-2.8,0.1,-4.3,0,56988,0,34,0, 
31.6633,1.3,-7.5,4.1,-0.3,-3.5,-3.8,-8.9,0,56994,0,35,0, 
31.6667,2.2,-7.8,5.3,-1.7,-4.7,-9.9,-14.5,0,57000,0,36,0, 
31.6700,3.2,-8.5,1.9,-3.0,-6.0,-15.6,-17.9,0,57006,0,37,0, 
31.6733,3.6,-7.6,-2.8,-3.2,-6.9,-18.7,-17.4,0,57012,0,38,0, 
31.6767,3.0,-4.5,-5.6,-2.2,-6.8,-18.4,-14.1,0,57018,0,39,0, 
31.6800,1.6,-0.6,-5.1,-0.6,-5.6,-14.9,-10.5,0,57024,0,40,0, 
31.6833,-0.1,1.9,-2.6,0.7,-3.8,-10.0,-8.8,0,57030,0,41,0, 
31.6867,-1.5,1.8,0.0,1.3,-2.5,-5.4,-8.8,0,57036,0,42,0, 
31.6900,-2.3,0.0,1.5,1.3,-2.3,-2.5,-8.7,0,57042,0,43,0, 
31.6933,-3.0,-1.7,1.9,1.4,-2.8,-1.4,-6.9,0,57048,0,44,0, 
31.6967,-4.1,-2.4,1.4,1.8,-2.6,-1.4,-3.5,0,57054,0,45,0, 
31.7000,-5.8,-2.8,-0.4,2.2,-0.7,-1.2,-0.1,0,57060,0,46,0, 
31.7033,-7.6,-4.2,-3.5,2.2,2.5,0.3,1.9,0,57066,0,47,0, 
31.7067,-8.8,-7.2,-6.8,1.6,4.8,2.8,2.4,0,57072,0,48,0, 
31.7100,-8.7,-10.5,-8.0,0.7,4.4,5.0,2.3,0,57078,0,49,0, 
31.7133,-7.3,-12.4,-5.7,0.1,0.9,4.7,2.1,0,57084,0,50,0, 
31.7167,-5.3,-12.2,-0.9,-0.3,-4.0,0.9,1.5,0,57090,0,51,0, 
31.7200,-3.5,-10.7,2.7,-0.5,-7.2,-5.1,0.1,0,57096,0,52,0, 
31.7233,-2.6,-9.5,2.4,-0.9,-7.0,-10.1,-1.9,0,57102,0,53,0, 
31.7267,-2.6,-8.9,-1.6,-1.3,-4.0,-11.1,-3.1,0,57108,0,54,0, 
31.7300,-3.2,-7.9,-5.6,-1.3,-0.6,-7.7,-2.5,0,57114,0,55,0, 
31.7333,-3.6,-5.3,-5.5,-0.4,1.0,-3.1,-0.5,0,57120,0,56,0, 
31.7367,-3.5,-1.1,-0.4,0.9,0.0,-1.6,0.8,0,57126,0,57,0, 
31.7400,-2.7,2.8,6.4,2.2,-2.5,-5.3,-1.0,0,57132,0,58,0, 
31.7433,-2.0,3.8,10.3,2.7,-4.8,-12.6,-6.2,0,57138,0,59,0, 
31.7467,-2.0,0.9,8.9,2.6,-6.1,-18.8,-12.8,0,57144,0,60,0, 
31.7500,-3.2,-4.9,3.5,2.1,-6.5,-19.5,-17.4,0,57150,0,61,0, 
31.7533,-5.5,-10.7,-2.7,1.7,-6.0,-14.3,-18.3,0,57156,0,62,0, 
31.7567,-8.2,-14.1,-6.9,0.9,-4.4,-6.6,-15.6,0,57162,0,63,0, 
31.7600,-10.3,-14.6,-8.8,-0.9,-1.3,-1.0,-11.5,0,57168,0,64,0, 
31.7633,-11.2,-13.2,-9.5,-3.5,2.7,-0.4,-8.2,0,57174,0,65,0, 
31.7667,-10.4,-11.6,-9.5,-6.2,5.6,-4.1,-6.7,0,57180,0,66,0, 
31.7700,-8.3,-10.4,-8.4,-7.6,5.4,-8.9,-6.2,0,57186,0,67,0, 
31.7733,-5.2,-9.3,-5.3,-6.7,1.8,-12.0,-5.2,0,57192,0,68,0, 
31.7767,-1.9,-7.4,-1.1,-4.2,-3.4,-11.6,-2.4,0,57198,0,69,0, 
31.7800,1.0,-4.3,2.7,-1.4,-6.6,-7.9,2.4,0,57204,0,70,0, 
31.7833,3.0,-0.2,4.6,-0.1,-5.2,-1.6,8.6,0,57210,0,71,0, 
31.7867,3.7,4.1,4.8,-0.6,0.3,6.0,15.0,0,57216,0,72,0, 
31.7900,3.3,7.6,4.4,-2.0,7.0,13.3,20.1,0,57222,0,73,0, 
31.7933,2.3,9.7,4.5,-2.9,10.9,18.0,22.7,0,57228,0,74,0, 
31.7967,0.9,10.0,4.6,-2.4,10.1,17.9,22.2,0,57234,0,75,0, 
31.8000,-0.5,8.6,3.8,-0.5,5.5,12.5,18.6,0,57240,0,76,0, 
31.8033,-2.0,5.9,1.9,2.0,0.3,3.4,12.8,0,57246,0,77,0, 
31.8067,-3.6,2.4,-0.2,3.9,-2.5,-6.1,5.7,0,57252,0,78,0, 
31.8100,-5.0,-1.6,-1.3,4.7,-1.9,-13.3,-1.6,0,57258,0,79,0, 
31.8133,-5.8,-5.5,-1.4,4.3,0.5,-16.5,-7.9,0,57264,0,80,0, 
31.8167,-5.7,-8.4,-1.2,3.3,1.8,-16.0,-11.7,0,57270,0,81,0, 
31.8200,-4.5,-9.4,-1.4,2.6,0.3,-12.8,-11.9,0,57276,0,82,0, 
31.8233,-2.7,-7.4,-0.8,3.0,-3.6,-8.2,-8.1,0,57282,0,83,0, 
31.8267,-0.8,-2.2,2.8,5.2,-7.4,-2.9,-1.3,0,57288,0,84,0, 
31.8300,0.8,5.2,10.2,8.5,-8.1,1.8,6.2,0,57294,0,85,0, 
31.8333,2.2,12.8,19.2,11.6,-4.7,5.0,12.3,0,57300,0,86,0, 
31.8367,3.6,18.3,25.4,12.6,1.7,6.6,15.6,0,57306,0,87,0, 
31.8400,4.5,20.3,24.9,10.6,8.4,7.6,16.6,0,57312,0,88,0, 
31.8433,4.4,19.1,17.5,6.3,13.3,10.0,16.7,0,57318,0,89,0, 
31.8467,2.6,15.7,6.9,1.7,15.7,15.3,17.0,0,57324,0,90,0, 
31.8500,-0.5,11.6,-1.8,-1.3,16.3,22.1,17.6,0,57330,0,91,0, 
31.8533,-3.7,7.8,-5.7,-1.9,15.6,27.0,17.7,0,57336,0,92,0, 
31.8567,-5.4,4.6,-5.2,-1.2,13.0,26.1,16.1,0,57342,0,93,0, 
31.8600,-4.7,2.1,-3.2,-0.6,8.0,18.2,12.5,0,57348,0,94,0, 
31.8633,-2.0,0.5,-1.8,-1.2,1.2,6.0,7.9,0,57354,0,95,0, 
31.8667,1.0,-0.3,-0.9,-2.5,-5.1,-5.3,3.6,0,57360,0,96,0, 
31.8700,2.5,-0.3,0.7,-3.2,-8.0,-10.7,1.0,0,57366,0,97,0, 
31.8733,2.1,0.3,3.9,-2.7,-6.5,-8.8,0.8,0,57372,0,98,0, 
31.8767,0.6,1.4,7.8,-1.1,-1.9,-1.9,2.7,0,57378,0,99,0, 
31.8800,-0.4,2.8,10.4,0.3,2.3,5.7,5.6,0,57384,0,100,0, 
31.8833,0.1,4.6,10.3,0.2,3.5,10.9,8.5,0,57390,0,101,0, 
31.8867,1.8,7.0,8.4,-1.1,1.9,13.2,10.7,0,57396,0,102,0, 
31.8900,3.3,9.8,6.7,-2.4,-0.2,14.6,12.3,0,57402,0,103,0, 
31.8933,3.7,12.9,6.9,-2.5,-0.2,17.0,14.0,0,57408,0,104,0, 
31.8967,2.8,15.3,8.8,-1.0,2.0,20.6,16.5,0,57414,0,105,0, 
31.9000,1.6,16.2,10.2,1.0,4.7,23.5,19.2,0,57420,0,106,0, 
31.9033,1.1,15.0,8.9,1.9,5.9,23.3,20.9,0,57426,0,107,0, 
31.9067,1.4,12.1,5.2,0.7,5.2,18.9,20.2,0,57432,0,108,0, 
31.9100,1.3,8.9,1.7,-1.6,4.2,12.1,17.1,0,57438,0,109,0, 
31.9133,-0.1,7.0,1.8,-3.2,4.2,5.9,12.6,0,57444,0,110,0, 
31.9167,-2.7,7.3,6.5,-2.7,5.1,3.1,8.7,0,57450,0,111,0, 
31.9200,-5.2,8.9,13.6,0.0,5.0,3.7,6.6,0,57456,0,112,0, 
31.9233,-6.3,9.7,18.6,3.4,2.2,5.6,5.8,0,57462,0,113,0, 
31.9267,-5.5,8.1,18.6,5.5,-2.7,5.8,4.7,0,57468,0,114,0, 
31.9300,-4.0,4.0,13.7,5.3,-7.4,3.0,1.6,0,57474,0,115,0, 
31.9333,-3.3,-1.0,7.2,3.2,-9.2,-1.7,-3.5,0,57480,0,116,0, 
31.9367,-4.3,-4.5,2.3,0.4,-7.9,-5.6,-9.2,0,57486,0,117,0, 
31.9400,-6.2,-5.5,0.2,-1.9,-5.4,-6.8,-13.5,0,57492,0,118,0, 
31.9433,-7.5,-4.6,-0.7,-3.2,-4.5,-5.5,-14.9,0,57498,0,119,0, 
31.9467,-7.3,-3.5,-2.1,-3.7,-5.8,-3.9,-13.5,0,57504,0,120,0, 
31.9500,-5.9,-2.9,-4.1,-3.4,-7.8,-3.6,-10.4,0,57510,0,121,0, 
31.9533,-4.7,-2.1,-4.5,-2.5,-8.1,-4.7,-7.0,0,57516,0,122,0, 
31.9567,-4.4,0.2,-1.2,-1.1,-5.9,-5.7,-4.5,0,57522,0,123,0, 
31.9600,-4.6,4.1,5.2,0.3,-2.9,-5.4,-3.1,0,57528,0,124,0, 
31.9633,-3.9,8.1,11.5,1.0,-1.9,-4.1,-2.7,0,57534,0,125,0, 
31.9667,-1.6,9.6,13.4,0.6,-4.4,-3.5,-3.0,0,57540,0,126,0, 
31.9700,1.1,7.3,9.5,-0.6,-8.4,-4.8,-3.5,0,57546,0,127,0, 
31.9733,1.9,2.1,2.4,-1.6,-10.4,-7.5,-3.6,0,57552,0,128,0, 
31.9767,-0.8,-2.9,-3.5,-1.6,-7.9,-9.0,-3.0,0,57558,0,129,0, 
31.9800,-6.3,-5.0,-5.3,-0.7,-2.0,-7.2,-1.5,0,57564,0,130,0, 
31.9833,-11.6,-3.7,-3.9,0.2,3.4,-2.5,0.6,0,57570,0,131,0, 
31.9867,-13.9,-0.9,-2.7,-0.2,4.8,2.2,2.7,0,57576,0,132,0, 
31.9900,-12.2,0.7,-4.6,-2.0,1.8,4.0,4.4,0,57582,0,133,0, 
31.9933,-8.7,0.0,-9.0,-4.3,-2.5,2.5,5.9,0,57588,0,134,0, 
31.9967,-6.5,-1.9,-12.5,-5.5,-4.2,0.5,7.6,0,57594,0,135,0, 
32.0000,-7.2,-2.6,-11.7,-4.6,-1.9,1.1,9.8,0,57600,0,136,0, 
32.0033,-9.6,-0.7,-6.2,-2.1,2.0,5.1,12.4,0,57606,0,137,0, 
32.0067,-11.1,2.7,1.0,0.5,3.9,9.2,14.8,0,57612,0,138,0, 
32.0100,-9.6,5.4,6.1,1.9,2.0,9.9,16.4,0,57618,0,139,0, 
32.0133,-5.7,5.5,7.2,1.6,-1.9,6.1,16.8,0,57624,0,140,0, 
32.0167,-1.8,3.1,5.3,0.3,-3.9,1.3,16.3,0,57630,0,141,0, 
32.0200,0.2,0.0,2.6,-1.1,-1.5,0.6,15.2,0,57636,0,142,0, 
32.0233,0.3,-1.7,0.8,-2.1,4.4,5.8,13.8,0,57642,0,143,0, 
32.0267,0.1,-1.5,-0.3,-2.5,10.1,13.4,11.8,0,57648,0,144,0, 
32.0300,1.1,-0.5,-2.0,-2.5,12.5,17.3,8.6,0,57654,0,145,0, 
32.0333,2.8,-0.3,-4.6,-2.2,11.4,13.2,4.2,0,57660,0,146,0, 
32.0367,2.9,-1.7,-7.0,-1.9,9.0,3.2,-0.6,0,57666,0,147,0, 
32.0400,-0.1,-3.9,-8.1,-1.9,7.8,-6.9,-4.5,0,57672,0,148,0, 
32.0433,-5.4,-5.5,-7.8,-2.4,8.3,-11.3,-6.6,0,57678,0,149,0, 
32.0467,-9.9,-5.3,-6.7,-3.4,8.6,-9.6,-6.8,0,57684,0,150,0, 
32.0500,-10.4,-3.4,-5.6,-4.3,6.7,-5.8,-6.1,0,57690,0,151,0, 
32.0533,-6.7,-1.0,-3.8,-4.1,2.7,-4.4,-5.5,0,57696,0,152,0, 
32.0567,-1.5,0.9,0.0,-2.4,-0.8,-5.9,-5.4,0,57702,0,153,0, 
32.0600,1.3,1.8,5.6,-0.2,-1.1,-6.8,-4.9,0,57708,0,154,0, 
32.0633,-0.2,2.0,10.5,0.6,2.7,-3.3,-3.0,0,57714,0,155,0, 
32.0667,-4.3,2.0,11.0,-1.2,7.9,4.7,0.8,0,57720,0,156,0, 
32.0700,-7.2,2.4,5.5,-5.1,10.7,12.9,5.8,0,57726,0,157,0, 
32.0733,-6.2,3.4,-3.4,-9.0,9.1,16.1,10.3,0,57732,0,158,0, 
32.0767,-1.9,5.1,-10.3,-10.5,4.3,12.5,13.0,0,57738,0,159,0, 
32.0800,2.6,7.3,-10.6,-8.8,-0.2,5.2,13.5,0,57744,0,160,0, 
32.0833,4.3,9.1,-4.6,-5.1,-1.0,-0.6,12.5,0,57750,0,161,0, 
32.0867,2.5,9.8,2.5,-1.8,2.3,-1.6,11.7,0,57756,0,162,0, 
32.0900,-0.7,8.9,5.1,-0.4,7.1,1.3,12.0,0,57762,0,163,0, 
32.0933,-2.0,7.1,2.0,-0.7,9.8,5.1,13.8,0,57768,0,164,0, 
32.0967,-0.2,6.1,-2.9,-1.1,9.0,7.7,16.7,0,57774,0,165,0, 
32.1000,4.0,7.2,-3.2,-0.5,5.9,9.6,19.7,0,57780,0,166,0, 
32.1033,8.2,10.7,3.7,1.3,3.6,12.3,21.9,0,57786,0,167,0, 
32.1067,10.3,15.0,14.7,3.2,4.1,16.2,22.7,0,57792,0,168,0, 
32.1100,10.4,17.9,22.9,4.1,6.6,19.1,21.9,0,57798,0,169,0, 
32.1133,9.4,18.1,23.1,3.8,8.7,18.0,20.0,0,57804,0,170,0, 
32.1167,8.8,16.2,15.8,2.8,8.0,12.4,18.0,0,57810,0,171,0, 
32.1200,9.1,14.1,6.5,1.9,4.3,5.6,16.8,0,57816,0,172,0, 
32.1233,9.8,13.3,1.1,1.4,-0.2,2.2,17.0,0,57822,0,173,0, 
32.1267,10.2,13.7,2.0,1.3,-2.9,4.8,17.9,0,57828,0,174,0, 
32.1300,9.9,13.8,6.7,1.5,-2.3,11.4,18.4,0,57834,0,175,0, 
32.1333,9.0,12.1,10.4,2.3,0.4,17.1,17.3,0,57840,0,176,0, 
32.1367,7.5,8.6,9.8,3.4,3.2,17.3,14.5,0,57846,0,177,0, 
32.1400,5.5,4.7,5.4,4.3,3.9,11.5,10.9,0,57852,0,178,0, 
32.1433,3.0,2.1,0.0,4.5,2.1,3.1,7.7,0,57858,0,179,0, 
32.1467,0.7,1.4,-3.1,3.6,-1.6,-3.3,5.6,0,57864,0,180,0, 
32.1500,-0.8,1.7,-2.8,2.2,-5.8,-5.4,4.6,0,57870,0,181,0, 
32.1533,-1.4,1.4,0.1,1.0,-8.8,-3.9,4.0,0,57876,0,182,0, 
32.1567,-1.2,-0.1,3.2,0.8,-9.4,-1.5,3.1,0,57882,0,183,0, 
32.1600,-1.1,-2.4,4.5,1.3,-7.1,-0.3,1.8,0,57888,0,184,0, 
32.1633,-1.5,-4.4,3.2,1.6,-2.6,-1.1,0.0,0,57894,0,185,0, 
32.1667,-1.9,-5.6,-0.5,1.2,1.8,-3.5,-2.2,0,57900,0,186,0, 
32.1700,-1.8,-6.0,-5.1,0.2,3.7,-6.9,-5.1,0,57906,0,187,0, 
32.1733,-0.6,-6.5,-8.9,-0.5,1.6,-10.2,-8.3,0,57912,0,188,0, 
32.1767,1.3,-7.2,-10.2,-0.4,-3.0,-12.0,-10.7,0,57918,0,189,0, 
32.1800,3.3,-8.0,-8.5,0.1,-7.4,-11.0,-11.2,0,57924,0,190,0, 
32.1833,4.7,-8.8,-4.5,0.4,-8.7,-7.0,-9.3,0,57930,0,191,0, 
32.1867,5.8,-9.7,-0.3,0.1,-6.8,-2.1,-6.0,0,57936,0,192,0, 
32.1900,7.2,-11.4,2.0,-0.9,-3.5,0.6,-3.0,0,57942,0,193,0, 
32.1933,8.8,-14.2,0.7,-1.7,-1.5,-1.0,-1.8,0,57948,0,194,0, 
32.1967,9.7,-17.7,-4.1,-2.1,-1.6,-6.0,-2.2,0,57954,0,195,0, 
32.2000,8.9,-20.6,-10.3,-2.4,-2.6,-10.5,-2.8,0,57960,0,196,0, 
32.2033,6.1,-21.4,-14.8,-2.8,-2.5,-10.8,-2.1,0,57966,0,197,0, 
32.2067,2.4,-19.5,-15.4,-3.4,-0.6,-6.9,0.1,0,57972,0,198,0, 
32.2100,-0.4,-15.3,-11.5,-3.8,2.0,-2.4,2.5,0,57978,0,199,0, 
32.2133,-1.6,-10.3,-4.9,-3.4,3.4,-1.8,3.4,0,57984,0,200,0, 
32.2167,-1.6,-6.2,1.2,-2.4,3.0,-6.3,2.0,0,57990,0,201,0, 
32.2200,-2.0,-3.7,4.7,-1.9,1.7,-12.5,-0.9,0,57996,0,202,0, 
32.2233,-3.7,-2.8,5.0,-2.5,0.7,-15.3,-3.3,0,58002,0,203,0, 
32.2267,-5.8,-2.7,3.5,-4.0,0.1,-12.1,-3.9,0,58008,0,204,0, 
32.2300,-6.8,-2.7,1.8,-5.4,-1.3,-5.5,-3.0,0,58014,0,205,0, 
32.2333,-5.6,-2.2,0.8,-5.4,-4.0,-0.9,-2.0,0,58020,0,206,0, 
32.2367,-2.8,-1.1,0.0,-4.1,-7.5,-1.6,-2.3,0,58026,0,207,0, 
32.2400,-0.6,-0.2,-1.1,-2.5,-9.3,-6.1,-4.0,0,58032,0,208,0, 
32.2433,-1.0,-0.5,-2.6,-2.0,-7.7,-9.8,-6.0,0,58038,0,209,0, 
32.2467,-3.8,-2.5,-3.5,-3.0,-2.9,-9.2,-7.0,0,58044,0,210,0, 
32.2500,-6.8,-5.9,-3.0,-4.4,2.4,-5.6,-6.7,0,58050,0,211,0, 
32.2533,-7.6,-9.4,-1.2,-4.6,4.7,-3.3,-5.8,0,58056,0,212,0, 
32.2567,-4.9,-11.6,0.1,-3.1,2.7,-5.2,-5.0,0,58062,0,213,0, 
32.2600,0.0,-11.5,-0.6,-0.8,-2.1,-10.0,-4.9,0,58068,0,214,0, 
32.2633,4.9,-9.5,-3.8,0.5,-6.3,-12.6,-5.0,0,58074,0,215,0, 
32.2667,7.6,-7.1,-7.7,-0.2,-7.5,-9.2,-4.3,0,58080,0,216,0, 
32.2700,7.6,-5.6,-10.0,-2.3,-5.8,-1.2,-2.7,0,58086,0,217,0, 
32.2733,5.8,-5.3,-8.8,-3.6,-3.5,5.9,-0.8,0,58092,0,218,0, 
32.2767,3.6,-5.3,-4.0,-2.8,-3.2,6.6,0.3,0,58098,0,219,0, 
32.2800,2.1,-4.8,2.4,0.1,-5.9,0.2,-0.6,0,58104,0,220,0, 
32.2833,1.6,-3.5,7.5,3.3,-10.3,-9.3,-3.3,0,58110,0,221,0, 
32.2867,1.8,-2.4,9.1,4.3,-13.7,-16.0,-6.9,0,58116,0,222,0, 
32.2900,2.3,-2.7,6.3,2.2,-14.2,-17.4,-9.9,0,58122,0,223,0, 
32.2933,2.5,-4.7,0.3,-2.1,-11.9,-15.1,-11.5,0,58128,0,224,0, 
32.2967,2.2,-7.7,-6.5,-6.2,-8.6,-12.7,-11.5,0,58134,0,225,0, 
32.3000,1.1,-10.5,-11.4,-8.3,-6.6,-12.6,-10.9,0,58140,0,226,0, 
32.3033,-0.4,-12.3,-12.8,-8.0,-6.7,-14.3,-10.6,0,58146,0,227,0, 
32.3067,-1.7,-13.2,-11.4,-6.3,-7.9,-15.9,-11.1,0,58152,0,228,0, 
32.3100,-2.5,-13.9,-9.1,-5.0,-8.5,-16.4,-12.2,0,58158,0,229,0, 
32.3133,-2.5,-14.4,-7.8,-4.8,-7.8,-16.1,-12.7,0,58164,0,230,0, 
32.3167,-2.0,-14.0,-8.3,-5.1,-6.4,-15.9,-12.1,0,58170,0,231,0, 
32.3200,-1.5,-12.0,-9.4,-5.0,-5.8,-15.2,-10.3,0,58176,0,232,0, 
32.3233,-1.3,-8.6,-9.5,-3.7,-6.7,-12.1,-8.1,0,58182,0,233,0, 
32.3267,-1.6,-5.2,-7.9,-1.6,-8.4,-5.3,-6.2,0,58188,0,234,0, 
32.3300,-2.2,-3.5,-5.3,0.1,-8.9,3.8,-5.0,0,58194,0,235,0, 
32.3333,-2.9,-4.2,-3.5,0.4,-7.0,11.3,-4.3,0,58200,0,236,0, 
32.3367,-3.4,-6.2,-3.8,-0.7,-3.4,12.8,-3.9,0,58206,0,237,0, 
32.3400,-3.3,-7.5,-5.7,-2.1,-0.5,6.8,-3.7,0,58212,0,238,0, 
32.3433,-2.3,-6.7,-7.5,-2.7,-0.8,-3.8,-4.4,0,58218,0,239,0, 
32.3467,-0.6,-3.9,-7.0,-1.9,-4.8,-13.6,-6.5,0,58224,0,240,0, 
32.3500,1.1,-0.8,-3.5,-0.3,-10.5,-18.3,-9.5,0,58230,0,241,0, 
32.3533,2.0,1.1,1.2,0.9,-15.0,-17.3,-12.5,0,58236,0,242,0, 
32.3567,1.5,1.0,4.2,1.2,-16.4,-13.9,-14.1,0,58242,0,243,0, 
32.3600,0.2,-0.4,3.2,0.7,-14.9,-11.7,-13.6,0,58248,0,244,0, 
32.3633,-1.1,-2.0,-1.8,-0.1,-12.6,-12.0,-11.0,0,58254,0,245,0, 
32.3667,-1.6,-2.7,-7.7,-0.7,-10.7,-12.1,-7.6,0,58260,0,246,0, 
32.3700,-1.3,-2.3,-10.6,-1.5,-9.8,-9.1,-4.5,0,58266,0,247,0, 
32.3733,-0.9,-1.3,-8.3,-2.7,-9.1,-2.3,-3.1,0,58272,0,248,0, 
32.3767,-0.9,-0.2,-1.8,-4.3,-8.2,4.8,-3.9,0,58278,0,249,0, 
32.3800,-1.1,0.5,4.7,-5.8,-7.4,7.1,-6.8,0,58284,0,250,0, 
32.3833,-0.8,0.3,6.8,-6.2,-7.3,2.4,-11.1,0,58290,0,251,0, 
32.3867,0.6,-0.7,2.8,-5.6,-8.0,-5.9,-14.9,0,58296,0,252,0, 
32.3900,2.8,-2.1,-4.8,-4.6,-8.9,-11.2,-16.1,0,58302,0,253,0, 
32.3933,5.1,-3.1,-11.0,-3.9,-9.3,-8.1,-13.6,0,58308,0,254,0, 
32.3967,6.8,-3.0,-12.2,-4.1,-9.2,2.6,-7.9,0,58314,0,255,0, 
32.4000,7.8,-1.6,-8.5,-4.4,-9.4,14.0,-1.8,0,58320,0,0,0, 
32.4033,8.6,0.3,-2.9,-4.0,-10.3,18.0,1.5,0,58326,0,1,0, 
32.4067,9.2,1.7,0.5,-3.0,-10.8,11.5,0.4,0,58332,0,2,0, 
32.4100,9.5,2.3,0.4,-1.9,-9.5,-1.0,-4.1,0,58338,0,3,0, 
32.4133,8.9,2.6,-1.4,-1.9,-5.8,-10.6,-8.3,0,58344,0,4,0, 
32.4167,7.4,3.5,-2.0,-3.2,-0.9,-10.7,-8.9,0,58350,0,5,0, 
32.4200,5.9,5.4,0.0,-5.1,2.2,-1.7,-4.6,0,58356,0,6,0, 
32.4233,5.7,7.8,3.0,-6.3,1.8,9.5,2.3,0,58362,0,7,0, 
32.4267,7.4,9.5,4.1,-6.1,-1.3,15.0,8.1,0,58368,0,8,0, 
32.4300,10.2,9.8,2.1,-4.8,-4.0,12.0,10.3,0,58374,0,9,0, 
32.4333,12.4,9.5,-1.6,-3.4,-3.5,4.6,9.6,0,58380,0,10,0, 
32.4367,12.6,10.2,-3.5,-2.5,0.2,0.4,8.7,0,58386,0,11,0, 
32.4400,10.7,12.7,-1.0,-1.8,4.0,4.2,10.4,0,58392,0,12,0, 
32.4433,8.1,16.7,5.2,-0.8,4.3,14.4,15.0,0,58398,0,13,0, 
32.4467,6.1,20.2,11.2,0.7,0.1,24.2,19.8,0,58404,0,14,0, 
32.4500,5.8,21.3,13.0,2.2,-6.2,26.7,21.5,0,58410,0,15,0, 
32.4533,6.5,19.5,9.1,3.0,-11.0,20.7,19.1,0,58416,0,16,0, 
32.4567,7.3,16.0,2.2,2.7,-11.7,11.0,14.4,0,58422,0,17,0, 
32.4600,7.4,12.7,-3.5,1.8,-9.0,4.6,11.1,0,58428,0,18,0, 
32.4633,7.0,11.2,-4.9,0.9,-5.6,5.1,11.5,0,58434,0,19,0, 
32.4667,6.5,11.2,-2.4,0.3,-3.8,10.4,14.8,0,58440,0,20,0, 
32.4700,6.3,11.5,0.6,-0.5,-3.8,14.9,17.7,0,58446,0,21,0, 
32.4733,6.0,10.6,0.9,-2.2,-4.4,14.0,17.3,0,58452,0,22,0, 
32.4767,5.3,8.3,-2.5,-4.6,-4.3,8.3,13.4,0,58458,0,23,0, 
32.4800,3.7,5.7,-7.2,-6.9,-3.6,2.1,8.2,0,58464,0,24,0, 
32.4833,1.3,4.3,-9.9,-7.9,-3.0,-0.1,4.8,0,58470,0,25,0, 
32.4867,-1.4,4.9,-8.6,-7.1,-2.9,2.4,4.3,0,58476,0,26,0, 
32.4900,-4.1,6.8,-4.5,-5.2,-2.8,6.6,5.4,0,58482,0,27,0, 
32.4933,-6.8,8.2,-1.1,-3.3,-1.6,8.8,5.8,0,58488,0,28,0, 
32.4967,-9.4,7.3,-0.9,-2.3,0.7,7.0,3.8,0,58494,0,29,0, 
32.5000,-11.8,4.1,-4.1,-2.2,2.6,2.5,0.1,0,58500,0,30,0, 
32.5033,-13.3,0.0,-8.1,-2.4,2.0,-2.5,-3.5,0,58506,0,31,0, 
32.5067,-13.5,-2.6,-9.8,-2.2,-1.6,-6.3,-5.2,0,58512,0,32,0, 
32.5100,-12.5,-2.2,-7.7,-1.6,-6.6,-8.4,-5.0,0,58518,0,33,0, 
32.5133,-11.0,0.9,-3.0,-1.2,-10.0,-8.1,-3.4,0,58524,0,34,0, 
32.5167,-10.2,4.5,1.4,-2.0,-9.7,-4.2,-1.3,0,58530,0,35,0, 
32.5200,-10.6,5.9,2.8,-4.1,-6.2,4.0,0.9,0,58536,0,36,0, 
32.5233,-11.9,3.9,0.3,-6.9,-1.9,14.1,3.2,0,58542,0,37,0, 
32.5267,-13.0,-0.7,-5.3,-8.9,0.5,21.3,5.0,0,58548,0,38,0, 
32.5300,-13.3,-6.0,-11.7,-9.4,0.4,21.1,5.3,0,58554,0,39,0, 
32.5333,-12.8,-9.5,-16.4,-8.6,-1.1,13.1,3.4,0,58560,0,40,0, 
32.5367,-12.3,-10.4,-17.3,-7.4,-1.6,2.0,-0.1,0,58566,0,41,0, 
32.5400,-13.0,-8.8,-13.6,-6.8,-0.1,-5.5,-3.9,0,58572,0,42,0, 
32.5433,-14.7,-6.1,-6.8,-7.0,2.4,-6.1,-6.4,0,58578,0,43,0, 
32.5467,-16.5,-3.8,-0.3,-7.3,4.0,-2.1,-6.8,0,58584,0,44,0, 
32.5500,-17.0,-2.8,2.4,-7.0,3.0,0.9,-5.6,0,58590,0,45,0, 
32.5533,-15.4,-3.0,-0.5,-5.8,-0.4,-0.6,-4.2,0,58596,0,46,0, 
32.5567,-12.4,-3.8,-7.1,-4.2,-4.1,-5.1,-3.1,0,58602,0,47,0, 
32.5600,-9.7,-4.3,-12.9,-2.8,-5.9,-7.0,-2.4,0,58608,0,48,0, 
32.5633,-8.5,-3.8,-13.8,-2.1,-4.6,-2.9,-1.6,0,58614,0,49,0, 
32.5667,-9.0,-2.5,-9.1,-1.6,-0.9,5.5,-0.6,0,58620,0,50,0, 
32.5700,-10.4,-1.2,-2.5,-1.0,3.3,12.2,0.2,0,58626,0,51,0, 
32.5733,-11.3,-0.6,1.5,-0.3,6.1,12.4,0.8,0,58632,0,52,0, 
32.5767,-11.4,-0.8,0.7,-0.1,6.4,7.0,1.3,0,58638,0,53,0, 
32.5800,-10.9,-0.9,-2.9,-1.0,4.7,1.6,2.3,0,58644,0,54,0, 
32.5833,-10.2,-0.4,-5.0,-2.7,2.4,2.2,4.0,0,58650,0,55,0, 
32.5867,-9.6,0.9,-3.0,-4.2,1.1,9.1,5.4,0,58656,0,56,0, 
32.5900,-8.9,1.6,1.8,-4.5,1.5,17.0,5.3,0,58662,0,57,0, 
32.5933,-7.9,0.5,5.4,-3.4,3.1,19.0,2.8,0,58668,0,58,0, 
32.5967,-7.0,-2.5,4.2,-1.5,4.4,11.9,-1.8,0,58674,0,59,0, 
32.6000,-6.9,-6.2,-1.6,-0.3,3.8,-0.7,-6.9,0,58680,0,60,0, 
32.6033,-8.3,-8.7,-9.0,-0.7,0.9,-12.1,-10.6,0,58686,0,61,0, 
32.6067,-11.0,-8.7,-14.4,-2.3,-3.4,-16.9,-12.5,0,58692,0,62,0, 
32.6100,-14.1,-7.1,-16.2,-4.2,-7.1,-14.9,-13.3,0,58698,0,63,0, 
32.6133,-16.1,-5.5,-15.1,-5.0,-8.7,-10.3,-14.4,0,58704,0,64,0, 
32.6167,-16.4,-5.2,-12.3,-4.4,-8.1,-8.1,-16.4,0,58710,0,65,0, 
32.6200,-15.2,-6.3,-8.3,-2.5,-6.7,-10.1,-18.7,0,58716,0,66,0, 
32.6233,-13.2,-7.3,-3.3,-0.4,-5.8,-14.3,-20.2,0,58722,0,67,0, 
32.6267,-11.1,-7.3,1.4,1.0,-5.9,-16.8,-19.9,0,58728,0,68,0, 
32.6300,-9.2,-6.4,3.1,0.9,-6.0,-14.9,-17.7,0,58734,0,69,0, 
32.6333,-7.1,-5.9,0.0,-1.0,-5.0,-8.7,-14.3,0,58740,0,70,0, 
32.6367,-5.0,-6.5,-7.0,-4.0,-2.6,-0.8,-10.7,0,58746,0,71,0, 
32.6400,-3.2,-7.7,-13.7,-6.9,0.0,5.7,-7.5,0,58752,0,72,0, 
32.6433,-2.3,-7.8,-15.7,-8.4,1.6,8.7,-4.6,0,58758,0,73,0, 
32.6467,-2.6,-6.0,-11.6,-7.7,1.5,8.3,-2.0,0,58764,0,74,0, 
32.6500,-3.6,-2.5,-4.0,-5.3,0.6,6.0,0.1,0,58770,0,75,0, 
32.6533,-4.3,1.1,2.0,-2.3,0.1,3.9,1.7,0,58776,0,76,0, 
32.6567,-3.8,3.3,4.0,-0.1,0.5,3.7,2.7,0,58782,0,77,0, 
32.6600,-2.3,3.7,3.2,1.1,1.1,5.5,3.2,0,58788,0,78,0, 
32.6633,-0.6,3.5,3.5,1.8,0.9,8.3,3.6,0,58794,0,79,0, 
32.6667,0.2,4.0,7.5,2.9,-0.9,10.4,3.8,0,58800,0,80,0, 
32.6700,-0.2,5.6,13.5,4.5,-3.6,11.0,3.8,0,58806,0,81,0, 
32.6733,-1.3,7.6,17.2,5.7,-5.8,10.0,3.6,0,58812,0,82,0, 
32.6767,-1.9,9.0,14.9,5.5,-6.5,8.4,3.3,0,58818,0,83,0, 
32.6800,-1.1,9.2,7.3,3.6,-5.4,6.7,3.2,0,58824,0,84,0, 
32.6833,0.9,8.7,-0.6,0.8,-3.4,5.2,3.7,0,58830,0,85,0, 
32.6867,3.2,8.7,-3.2,-1.2,-1.3,3.4,4.8,0,58836,0,86,0, 
32.6900,4.6,10.3,1.8,-1.0,0.2,1.8,6.2,0,58842,0,87,0, 
32.6933,4.3,13.0,11.4,1.1,0.9,1.4,7.4,0,58848,0,88,0, 
32.6967,2.7,15.7,19.4,3.7,0.8,3.5,8.2,0,58854,0,89,0, 
32.7000,0.7,16.4,20.7,5.1,0.5,7.9,8.5,0,58860,0,90,0, 
32.7033,-0.4,14.4,14.3,4.5,0.6,12.3,8.4,0,58866,0,91,0, 
32.7067,0.0,10.2,4.2,2.9,1.3,13.1,7.7,0,58872,0,92,0, 
32.7100,1.8,6.0,-3.6,1.6,2.2,8.8,6.7,0,58878,0,93,0, 
32.7133,4.3,3.8,-5.4,1.7,2.4,1.3,5.7,0,58884,0,94,0, 
32.7167,6.3,4.7,-1.1,2.9,1.3,-4.4,5.2,0,58890,0,95,0, 
32.7200,6.8,7.8,5.6,4.0,-0.5,-4.0,5.9,0,58896,0,96,0, 
32.7233,5.6,11.0,11.0,4.0,-1.4,2.8,7.4,0,58902,0,97,0, 
32.7267,3.4,12.4,13.5,2.8,-0.1,11.5,8.8,0,58908,0,98,0, 
32.7300,1.3,11.6,14.1,1.6,3.0,16.2,8.9,0,58914,0,99,0, 
32.7333,0.8,9.6,14.3,1.5,5.5,14.1,7.2,0,58920,0,100,0, 
32.7367,2.1,8.0,14.0,2.9,5.0,7.0,4.3,0,58926,0,101,0, 
32.7400,4.9,7.2,11.5,4.6,1.0,0.1,1.7,0,58932,0,102,0, 
32.7433,7.6,6.6,5.7,5.2,-4.2,-2.9,0.5,0,58938,0,103,0, 
32.7467,8.6,4.9,-2.0,4.1,-6.5,-1.8,0.3,0,58944,0,104,0, 
32.7500,7.4,1.7,-7.4,1.8,-3.6,0.3,0.1,0,58950,0,105,0, 
32.7533,4.6,-1.7,-6.8,-0.2,2.9,0.9,-1.3,0,58956,0,106,0, 
32.7567,2.3,-3.4,-0.2,-0.6,8.5,-0.1,-3.4,0,58962,0,107,0, 
32.7600,2.1,-2.2,8.1,0.3,8.9,-0.6,-4.9,0,58968,0,108,0, 
32.7633,4.6,1.6,12.7,1.6,3.8,1.0,-4.1,0,58974,0,109,0, 
32.7667,8.7,6.1,10.9,2.0,-3.1,4.2,-1.0,0,58980,0,110,0, 
32.7700,11.9,9.6,5.0,1.0,-6.9,6.4,2.8,0,58986,0,111,0, 
32.7733,12.5,11.0,-0.2,-0.6,-5.1,5.9,4.7,0,58992,0,112,0, 
32.7767,10.3,10.4,-1.4,-1.7,0.4,3.0,3.6,0,58998,0,113,0, 
32.7800,6.7,8.7,0.8,-1.4,4.9,-0.1,-0.1,0,59004,0,114,0, 
32.7833,3.6,6.6,3.1,0.3,4.8,-1.5,-3.9,0,59010,0,115,0, 
32.7867,2.4,4.3,2.8,2.7,0.5,-1.0,-6.0,0,59016,0,116,0, 
32.7900,2.7,2.1,0.5,4.6,-4.1,0.0,-5.7,0,59022,0,117,0, 
32.7933,2.9,0.4,-1.0,5.3,-5.2,0.0,-4.1,0,59028,0,118,0, 
32.7967,2.1,0.1,0.0,4.5,-1.6,-1.0,-2.8,0,59034,0,119,0, 
32.8000,0.1,1.3,2.4,2.4,4.2,-2.1,-2.3,0,59040,0,120,0, 
32.8033,-1.9,3.9,3.5,-0.1,8.0,-2.2,-2.1,0,59046,0,121,0, 
32.8067,-2.9,6.6,2.1,-1.8,7.7,-1.3,-1.2,0,59052,0,122,0, 
32.8100,-2.5,8.7,-0.2,-2.0,3.9,0.9,1.0,0,59058,0,123,0, 
32.8133,-1.4,9.6,-0.2,-0.8,-0.2,4.1,3.7,0,59064,0,124,0, 
32.8167,-0.1,9.6,3.4,1.0,-1.8,8.4,5.7,0,59070,0,125,0, 
32.8200,0.8,9.2,8.2,2.2,-0.5,12.5,6.2,0,59076,0,126,0, 
32.8233,2.0,8.6,10.1,2.1,2.1,13.8,5.3,0,59082,0,127,0, 
32.8267,3.5,7.8,6.9,0.9,4.1,10.2,3.6,0,59088,0,128,0, 
32.8300,5.5,6.7,0.8,-0.3,4.8,2.0,2.1,0,59094,0,129,0, 
32.8333,7.0,5.5,-3.8,-0.6,5.0,-6.9,1.4,0,59100,0,130,0, 
32.8367,7.3,5.0,-3.8,0.2,6.2,-10.8,2.2,0,59106,0,131,0, 
32.8400,6.2,5.5,0.3,1.2,8.5,-6.5,4.4,0,59112,0,132,0, 
32.8433,4.3,7.2,5.1,1.6,10.5,4.2,7.7,0,59118,0,133,0, 
32.8467,2.5,9.5,7.7,1.0,10.5,15.0,10.6,0,59124,0,134,0, 
32.8500,1.7,11.5,7.9,0.0,7.4,19.4,11.4,0,59130,0,135,0, 
32.8533,1.9,12.4,7.6,-0.8,2.0,14.9,8.9,0,59136,0,136,0, 
32.8567,2.3,11.5,7.8,-1.0,-3.3,4.7,3.4,0,59142,0,137,0, 
32.8600,2.4,8.7,7.1,-1.0,-6.2,-4.8,-3.0,0,59148,0,138,0, 
32.8633,1.7,4.8,3.3,-1.3,-5.6,-8.6,-7.7,0,59154,0,139,0, 
32.8667,0.4,1.0,-3.6,-1.7,-2.3,-6.5,-9.1,0,59160,0,140,0, 
32.8700,-0.9,-0.8,-9.6,-1.6,1.7,-1.7,-7.4,0,59166,0,141,0, 
32.8733,-1.3,0.5,-9.5,-0.3,3.9,1.5,-4.4,0,59172,0,142,0, 
32.8767,-0.3,4.5,-1.4,2.2,3.5,1.2,-1.6,0,59178,0,143,0, 
32.8800,1.8,9.2,11.1,4.9,1.0,-1.3,0.3,0,59184,0,144,0, 
32.8833,4.4,12.3,20.8,6.5,-1.6,-3.2,1.9,0,59190,0,145,0, 
32.8867,6.9,12.7,21.8,6.6,-2.6,-2.4,4.2,0,59196,0,146,0, 
32.8900,9.0,11.1,13.9,5.9,-1.6,0.6,7.6,0,59202,0,147,0, 
32.8933,10.5,9.7,2.7,5.4,0.1,4.0,11.3,0,59208,0,148,0, 
32.8967,11.5,9.9,-4.9,5.6,0.7,5.6,14.2,0,59214,0,149,0, 
32.9000,11.5,11.5,-5.8,6.1,-0.4,4.6,15.2,0,59220,0,150,0, 
32.9033,10.0,12.5,-2.1,6.2,-2.1,1.7,13.8,0,59226,0,151,0, 
32.9067,6.9,11.5,1.8,5.2,-2.5,-1.5,10.6,0,59232,0,152,0, 
32.9100,2.9,8.6,2.7,3.6,-0.4,-3.4,6.6,0,59238,0,153,0, 
32.9133,-0.8,5.5,1.3,2.1,3.2,-3.2,2.8,0,59244,0,154,0, 
32.9167,-3.0,4.0,0.2,1.5,5.9,-0.9,0.1,0,59250,0,155,0, 
32.9200,-3.7,3.9,0.8,1.7,5.6,2.5,-1.3,0,59256,0,156,0, 
32.9233,-3.6,3.6,2.0,1.9,2.3,5.1,-1.7,0,59262,0,157,0, 
32.9267,-3.7,1.3,1.1,1.5,-1.8,5.2,-2.0,0,59268,0,158,0, 
32.9300,-4.3,-2.9,-3.0,0.1,-4.3,2.5,-2.7,0,59274,0,159,0, 
32.9333,-4.7,-6.8,-8.3,-1.7,-4.0,-1.2,-3.6,0,59280,0,160,0, 
32.9367,-4.3,-7.6,-10.9,-3.2,-1.9,-2.9,-4.1,0,59286,0,161,0, 
32.9400,-3.1,-4.5,-8.6,-3.8,0.2,-0.5,-3.4,0,59292,0,162,0, 
32.9433,-1.5,0.4,-3.0,-3.8,1.2,4.8,-1.6,0,59298,0,163,0, 
32.9467,-0.4,4.0,1.6,-3.3,0.8,8.8,0.1,0,59304,0,164,0, 
32.9500,0.0,4.2,1.2,-3.0,-0.8,7.3,0.4,0,59310,0,165,0, 
32.9533,0.3,1.5,-4.4,-3.0,-3.0,-0.8,-1.3,0,59316,0,166,0, 
32.9567,0.6,-1.8,-11.5,-3.1,-5.7,-11.3,-4.0,0,59322,0,167,0, 
32.9600,0.7,-3.2,-15.2,-3.0,-7.8,-17.1,-5.9,0,59328,0,168,0, 
32.9633,0.0,-2.2,-13.2,-2.4,-8.4,-13.7,-5.4,0,59334,0,169,0, 
32.9667,-1.3,0.2,-7.1,-1.1,-6.9,-2.4,-2.4,0,59340,0,170,0, 
32.9700,-1.9,2.6,-1.0,0.3,-4.3,9.6,1.9,0,59346,0,171,0, 
32.9733,-0.1,4.0,1.6,1.6,-2.6,14.2,5.5,0,59352,0,172,0, 
32.9767,4.5,4.9,0.6,2.6,-3.0,8.6,7.0,0,59358,0,173,0, 
32.9800,10.2,5.6,-1.7,3.6,-4.7,-3.2,6.2,0,59364,0,174,0, 
32.9833,14.0,6.3,-2.4,4.7,-5.1,-13.3,4.3,0,59370,0,175,0, 
32.9867,13.6,6.4,-0.6,5.9,-2.3,-15.7,2.3,0,59376,0,176,0, 
32.9900,9.8,5.6,2.4,6.6,2.7,-10.6,1.0,0,59382,0,177,0, 
32.9933,5.7,4.2,4.8,6.2,6.1,-3.4,0.4,0,59388,0,178,0, 
32.9967,4.6,3.3,5.4,4.5,4.4,0.0,0.3,0,59394,0,179,0, 
33.0000,7.2,3.4,5.0,2.3,-2.2,-1.8,0.4,0,59400,0,180,0, 
33.0033,11.3,4.3,4.4,0.7,-9.3,-5.3,1.0,0,59406,0,181,0, 
33.0067,13.1,4.9,4.0,0.3,-11.5,-5.7,2.1,0,59412,0,182,0, 
33.0100,10.7,4.4,2.7,0.9,-7.1,-1.3,3.8,0,59418,0,183,0, 
33.0133,5.5,2.8,-0.6,1.5,0.5,5.4,5.7,0,59424,0,184,0, 
33.0167,1.3,0.9,-5.7,1.2,5.2,9.8,7.1,0,59430,0,185,0, 
33.0200,0.9,0.2,-10.8,0.0,3.2,9.5,7.5,0,59436,0,186,0, 
33.0233,4.3,1.3,-12.8,-1.2,-3.8,6.0,7.2,0,59442,0,187,0, 
33.0267,8.5,3.9,-10.0,-1.2,-10.4,2.9,6.9,0,59448,0,188,0, 
33.0300,10.2,7.1,-3.0,0.2,-11.9,2.1,7.0,0,59454,0,189,0, 
33.0333,8.2,9.6,5.0,2.2,-8.4,2.1,7.3,0,59460,0,190,0, 
33.0367,4.3,10.4,10.1,3.5,-4.2,-0.8,6.4,0,59466,0,191,0, 
33.0400,1.4,9.2,9.9,3.2,-3.7,-8.0,3.1,0,59472,0,192,0, 
33.0433,1.3,6.3,4.8,1.9,-7.2,-17.2,-2.6,0,59478,0,193,0, 
33.0467,3.3,2.7,-2.2,0.4,-11.0,-23.0,-8.8,0,59484,0,194,0, 
33.0500,4.9,-0.3,-7.4,-0.2,-11.0,-21.7,-12.8,0,59490,0,195,0, 
33.0533,4.3,-1.3,-8.3,0.3,-6.5,-13.7,-12.9,0,59496,0,196,0, 
33.0567,1.5,0.0,-5.7,1.0,-1.3,-3.9,-9.7,0,59502,0,197,0, 
33.0600,-1.8,2.7,-2.2,1.2,0.1,2.3,-5.4,0,59508,0,198,0, 
33.0633,-3.6,4.6,-1.3,0.4,-3.6,2.8,-3.1,0,59514,0,199,0, 
33.0667,-3.3,3.8,-4.1,-1.1,-8.6,-0.3,-3.7,0,59520,0,200,0, 
33.0700,-1.6,0.4,-8.8,-2.9,-9.7,-2.8,-6.3,0,59526,0,201,0, 
33.0733,-0.3,-3.7,-11.5,-4.0,-4.6,-2.2,-8.9,0,59532,0,202,0, 
33.0767,-0.3,-5.8,-9.3,-4.1,3.3,0.2,-10.0,0,59538,0,203,0, 
33.0800,-1.3,-4.5,-2.6,-3.2,7.8,0.8,-10.2,0,59544,0,204,0, 
33.0833,-2.6,-1.2,4.5,-1.8,4.6,-3.4,-10.7,0,59550,0,205,0, 
33.0867,-3.6,1.1,7.0,-0.5,-4.7,-12.2,-12.6,0,59556,0,206,0, 
33.0900,-4.2,-0.3,2.7,-0.1,-14.1,-22.2,-15.9,0,59562,0,207,0, 
33.0933,-5.1,-5.5,-6.5,-0.9,-17.7,-29.0,-19.3,0,59568,0,208,0, 
33.0967,-6.6,-12.1,-15.9,-2.6,-14.6,-30.1,-21.6,0,59574,0,209,0, 
33.1000,-8.4,-16.5,-21.1,-4.4,-8.4,-26.7,-22.1,0,59580,0,210,0, 
33.1033,-9.6,-17.1,-21.0,-5.2,-4.5,-22.0,-21.2,0,59586,0,211,0, 
33.1067,-9.5,-14.6,-17.7,-4.4,-5.0,-19.1,-19.4,0,59592,0,212,0, 
33.1100,-8.4,-11.6,-13.9,-2.3,-7.9,-18.7,-17.1,0,59598,0,213,0, 
33.1133,-6.8,-9.9,-10.8,0.0,-9.4,-18.4,-14.4,0,59604,0,214,0, 
33.1167,-5.8,-9.7,-8.2,1.4,-7.8,-15.3,-11.4,0,59610,0,215,0, 
33.1200,-5.2,-9.3,-5.3,1.2,-4.3,-8.5,-8.4,0,59616,0,216,0, 
33.1233,-4.4,-7.5,-2.9,-0.5,-1.9,-0.4,-5.7,0,59622,0,217,0, 
33.1267,-2.5,-4.0,-2.0,-2.7,-2.0,5.0,-3.3,0,59628,0,218,0, 
33.1300,0.6,0.0,-3.2,-4.1,-3.3,5.4,-0.7,0,59634,0,219,0, 
33.1333,4.0,2.8,-5.4,-3.7,-3.1,2.3,2.3,0,59640,0,220,0, 
33.1367,5.9,3.5,-6.6,-1.4,-0.7,-0.1,5.7,0,59646,0,221,0, 
33.1400,5.4,2.3,-5.8,1.8,2.1,1.5,8.3,0,59652,0,222,0, 
33.1433,2.9,-0.1,-4.2,4.4,2.3,6.3,9.0,0,59658,0,223,0, 
33.1467,0.1,-2.6,-3.7,5.0,-1.4,9.9,6.8,0,59664,0,224,0, 
33.1500,-0.9,-4.5,-4.8,3.8,-7.0,7.7,2.3,0,59670,0,225,0, 
33.1533,0.6,-5.1,-5.6,1.9,-10.8,-0.8,-2.9,0,59676,0,226,0, 
33.1567,3.9,-3.9,-3.9,1.0,-10.1,-11.0,-6.5,0,59682,0,227,0, 
33.1600,7.3,-1.4,0.7,2.1,-5.5,-16.7,-7.1,0,59688,0,228,0, 
33.1633,9.1,1.5,5.3,4.4,-0.4,-14.8,-4.9,0,59694,0,229,0, 
33.1667,9.0,3.4,6.3,6.5,1.9,-7.3,-1.5,0,59700,0,230,0, 
33.1700,7.7,3.5,2.0,6.5,0.4,0.7,0.9,0,59706,0,231,0, 
33.1733,6.4,1.9,-5.2,4.4,-3.0,5.5,1.4,0,59712,0,232,0, 
33.1767,5.9,-0.5,-11.0,1.3,-5.2,7.4,0.7,0,59718,0,233,0, 
33.1800,6.5,-2.5,-12.8,-1.1,-4.4,8.6,0.1,0,59724,0,234,0, 
33.1833,7.3,-3.8,-11.1,-2.0,-1.4,10.6,0.7,0,59730,0,235,0, 
33.1867,7.7,-4.4,-8.8,-1.7,1.3,11.3,1.6,0,59736,0,236,0, 
33.1900,6.7,-5.1,-8.4,-1.5,1.4,7.6,0.7,0,59742,0,237,0, 
33.1933,4.4,-6.4,-9.5,-2.0,-1.3,-1.2,-3.3,0,59748,0,238,0, 
33.1967,1.3,-8.6,-10.7,-3.3,-4.7,-11.6,-10.2,0,59754,0,239,0, 
33.2000,-1.7,-11.9,-10.8,-4.5,-6.1,-17.7,-17.7,0,59760,0,240,0, 
33.2033,-3.6,-15.8,-10.8,-5.2,-4.2,-16.1,-23.1,0,59766,0,241,0, 
33.2067,-4.3,-19.4,-12.3,-5.4,-0.1,-8.6,-25.0,0,59772,0,242,0, 
33.2100,-4.5,-21.4,-15.2,-5.6,3.4,-0.9,-24.1,0,59778,0,243,0, 
33.2133,-5.4,-21.0,-17.1,-6.1,3.9,1.1,-22.3,0,59784,0,244,0, 
33.2167,-7.5,-18.0,-15.5,-7.0,0.9,-3.9,-20.6,0,59790,0,245,0, 
33.2200,-9.8,-13.8,-10.3,-7.6,-3.4,-12.0,-18.1,0,59796,0,246,0, 
33.2233,-10.9,-9.8,-4.6,-8.0,-6.2,-16.7,-13.5,0,59802,0,247,0, 
33.2267,-9.9,-7.1,-2.8,-8.1,-5.6,-13.6,-5.9,0,59808,0,248,0, 
33.2300,-7.3,-5.6,-6.9,-8.4,-2.3,-3.1,3.3,0,59814,0,249,0, 
33.2333,-5.1,-4.2,-14.6,-8.9,1.6,9.9,11.0,0,59820,0,250,0, 
33.2367,-4.8,-2.3,-21.3,-9.2,3.8,19.0,14.5,0,59826,0,251,0, 
33.2400,-6.4,0.0,-23.3,-8.8,3.9,19.8,13.2,0,59832,0,252,0, 
33.2433,-8.3,1.5,-20.3,-7.8,2.9,12.3,8.7,0,59838,0,253,0, 
33.2467,-8.4,1.2,-15.2,-6.7,2.1,1.0,3.7,0,59844,0,254,0, 
33.2500,-6.2,-0.8,-11.3,-6.0,1.8,-8.0,0.4,0,59850,0,255,0, 
33.2533,-2.7,-3.4,-10.0,-5.8,1.5,-10.6,-1.0,0,59856,0,0,0, 
33.2567,0.0,-5.1,-10.7,-5.6,0.4,-7.2,-1.6,0,59862,0,1,0, 
33.2600,0.8,-5.2,-11.5,-4.6,-1.4,-2.0,-2.6,0,59868,0,2,0, 
33.2633,0.2,-4.0,-10.9,-2.5,-3.3,0.5,-4.1,0,59874,0,3,0, 
33.2667,-0.6,-2.3,-8.6,0.2,-4.6,-1.3,-5.4,0,59880,0,4,0, 
33.2700,-0.7,-0.9,-5.1,2.5,-5.5,-5.1,-5.6,0,59886,0,5,0, 
33.2733,-0.3,0.3,-1.3,3.4,-6.3,-7.3,-4.6,0,59892,0,6,0, 
33.2767,-0.2,1.4,1.6,2.4,-7.2,-6.2,-3.2,0,59898,0,7,0, 
33.2800,-0.9,2.6,2.2,0.1,-7.7,-3.6,-2.4,0,59904,0,8,0, 
33.2833,-1.8,3.1,-0.1,-2.3,-7.1,-2.9,-2.4,0,59910,0,9,0, 
33.2867,-2.1,2.4,-4.7,-3.5,-5.6,-5.6,-2.7,0,59916,0,10,0, 
33.2900,-1.6,0.3,-9.4,-2.5,-4.0,-9.9,-2.4,0,59922,0,11,0, 
33.2933,-1.2,-2.5,-12.0,0.2,-3.4,-12.2,-1.3,0,59928,0,12,0, 
33.2967,-1.9,-4.5,-11.2,3.2,-3.8,-11.0,-0.3,0,59934,0,13,0, 
33.3000,-4.2,-4.9,-7.9,4.9,-4.5,-8.2,-0.6,0,59940,0,14,0, 
33.3033,-7.3,-3.5,-4.2,4.2,-4.8,-7.0,-3.0,0,59946,0,15,0, 
33.3067,-9.4,-1.8,-2.2,1.6,-4.6,-8.8,-7.1,0,59952,0,16,0, 
33.3100,-9.5,-1.3,-2.9,-1.3,-5.0,-11.4,-11.1,0,59958,0,17,0, 
33.3133,-7.7,-3.2,-5.6,-2.7,-6.1,-11.6,-13.6,0,59964,0,18,0, 
33.3167,-5.0,-6.9,-8.9,-2.2,-7.1,-8.4,-14.0,0,59970,0,19,0, 
33.3200,-2.7,-10.7,-11.3,-0.6,-6.3,-4.6,-12.7,0,59976,0,20,0, 
33.3233,-1.4,-12.5,-11.8,0.5,-2.9,-4.1,-10.7,0,59982,0,21,0, 
33.3267,-0.9,-11.2,-10.0,-0.2,1.7,-7.9,-8.3,0,59988,0,22,0, 
33.3300,-0.9,-7.4,-6.6,-2.3,4.6,-11.9,-5.3,0,59994,0,23,0, 
33.3333,-1.3,-3.0,-2.8,-4.7,3.6,-10.7,-1.4,0,60000,0,24,0, 
33.3367,-2.3,0.1,0.0,-6.1,-0.9,-2.7,2.9,0,60006,0,25,0, 
33.3400,-4.0,0.9,0.6,-6.0,-5.7,7.2,5.8,0,60012,0,26,0, 
33.3433,-6.0,0.2,-1.1,-4.7,-7.8,11.2,5.6,0,60018,0,27,0, 
33.3467,-7.4,-0.6,-3.7,-3.5,-6.0,5.0,2.2,0,60024,0,28,0, 
33.3500,-7.7,-0.3,-5.4,-3.1,-2.3,-7.9,-2.4,0,60030,0,29,0, 
33.3533,-7.5,1.4,-5.0,-3.6,0.5,-18.6,-5.2,0,60036,0,30,0, 
33.3567,-7.6,3.6,-2.9,-4.6,1.1,-19.5,-4.1,0,60042,0,31,0, 
33.3600,-8.8,5.1,-0.3,-5.3,0.0,-10.6,0.1,0,60048,0,32,0, 
33.3633,-10.7,5.2,1.4,-5.2,-1.2,0.7,4.4,0,60054,0,33,0, 
33.3667,-12.1,4.0,1.6,-4.1,-1.5,5.8,5.6,0,60060,0,34,0, 
33.3700,-11.9,2.2,0.6,-2.6,-1.6,1.7,2.9,0,60066,0,35,0, 
33.3733,-9.9,0.5,-1.4,-1.2,-2.5,-7.0,-2.3,0,60072,0,36,0, 
33.3767,-7.2,-0.9,-4.2,-0.7,-4.1,-12.7,-6.9,0,60078,0,37,0, 
33.3800,-5.2,-2.2,-7.4,-1.0,-5.4,-11.0,-8.7,0,60084,0,38,0, 
33.3833,-4.3,-3.2,-10.0,-1.7,-4.8,-3.7,-7.4,0,60090,0,39,0, 
33.3867,-4.0,-3.7,-10.1,-2.3,-2.5,3.5,-4.4,0,60096,0,40,0, 
33.3900,-3.4,-3.0,-6.3,-2.4,0.2,6.0,-1.7,0,60102,0,41,0, 
33.3933,-2.3,-0.8,0.6,-2.1,1.7,3.8,-0.3,0,60108,0,42,0, 
33.3967,-1.3,1.9,7.0,-1.9,1.4,0.0,-0.2,0,60114,0,43,0, 
33.4000,-1.3,3.6,8.4,-2.2,0.5,-2.4,-1.0,0,60120,0,44,0, 
33.4033,-2.5,3.2,2.7,-2.8,0.0,-3.4,-2.4,0,60126,0,45,0, 
33.4067,-4.0,0.5,-7.5,-3.3,0.1,-4.6,-4.3,0,60132,0,46,0, 
33.4100,-4.7,-2.8,-16.4,-3.5,0.0,-6.9,-6.1,0,60138,0,47,0, 
33.4133,-4.4,-5.0,-18.2,-3.3,-1.3,-8.8,-7.3,0,60144,0,48,0, 
33.4167,-3.6,-4.9,-12.1,-3.2,-3.3,-8.2,-7.3,0,60150,0,49,0, 
33.4200,-3.3,-3.2,-2.4,-3.3,-4.7,-4.6,-5.8,0,60156,0,50,0, 
33.4233,-3.6,-1.2,4.6,-3.3,-4.4,0.1,-3.3,0,60162,0,51,0, 
33.4267,-3.7,0.3,5.4,-2.8,-2.4,3.2,-0.6,0,60168,0,52,0, 
33.4300,-2.6,1.8,1.8,-1.7,0.0,4.0,1.8,0,60174,0,53,0, 
33.4333,-0.5,4.7,-1.2,-0.2,1.6,4.9,3.8,0,60180,0,54,0, 
33.4367,1.7,9.4,0.2,1.0,2.7,8.4,5.5,0,60186,0,55,0, 
33.4400,2.8,14.5,5.1,1.4,4.3,14.7,7.1,0,60192,0,56,0, 
33.4433,2.4,17.8,9.6,1.2,6.8,20.6,8.6,0,60198,0,57,0, 
33.4467,1.6,17.6,10.2,0.7,9.3,21.6,9.4,0,60204,0,58,0, 
33.4500,1.6,14.6,7.7,0.7,9.8,16.0,9.1,0,60210,0,59,0, 
33.4533,3.0,11.2,5.8,1.2,6.9,6.7,7.5,0,60216,0,60,0, 
33.4567,4.9,10.1,7.9,1.7,1.5,-1.3,5.1,0,60222,0,61,0, 
33.4600,6.2,12.2,13.2,1.8,-3.6,-3.8,2.8,0,60228,0,62,0, 
33.4633,6.3,15.7,17.7,1.6,-5.7,-0.9,1.6,0,60234,0,63,0, 
33.4667,5.8,18.3,17.4,1.3,-4.4,4.1,2.1,0,60240,0,64,0, 
33.4700,5.6,18.3,12.2,1.6,-1.5,7.0,4.0,0,60246,0,65,0, 
33.4733,5.9,16.1,5.9,2.5,0.2,6.5,5.7,0,60252,0,66,0, 
33.4767,6.3,13.5,2.7,3.9,-0.9,3.8,5.8,0,60258,0,67,0, 
33.4800,5.8,11.5,3.8,4.8,-3.7,1.4,4.0,0,60264,0,68,0, 
33.4833,4.3,10.4,6.5,4.9,-5.9,0.6,1.6,0,60270,0,69,1, sound 
33.4867,2.9,9.3,7.1,3.7,-5.4,1.3,0.6,0,60276,0,70,0, 
33.4900,3.1,8.1,4.8,1.5,-2.3,2.3,2.2,0,60282,0,71,0, 
33.4933,5.4,7.6,1.8,-1.0,1.8,2.9,5.8,0,60288,0,72,0, 
33.4967,8.6,8.8,1.7,-3.1,4.7,4.0,9.4,0,60294,0,73,0, 
33.5000,10.7,11.8,5.0,-4.4,5.7,6.7,11.1,0,60300,0,74,0, 
33.5033,10.4,15.0,9.4,-4.7,5.1,11.2,10.9,0,60306,0,75,0, 
33.5067,8.2,16.4,11.7,-4.5,4.1,16.4,10.3,0,60312,0,76,0, 
33.5100,6.0,15.1,10.9,-4.3,3.1,19.5,10.9,0,60318,0,77,0, 
33.5133,5.9,12.1,9.0,-4.2,2.0,18.6,12.9,0,60324,0,78,0, 
33.5167,8.5,9.7,9.1,-4.2,0.6,13.6,14.5,0,60330,0,79,0, 
33.5200,12.3,9.5,11.7,-3.8,-1.0,6.8,14.2,0,60336,0,80,0, 
33.5233,15.0,11.3,14.5,-2.9,-2.0,1.9,11.9,0,60342,0,81,0, 
33.5267,15.1,13.4,14.3,-1.7,-2.1,1.1,9.3,0,60348,0,82,0, 
33.5300,12.7,14.2,10.5,-0.4,-1.5,3.9,8.9,0,60354,0,83,0, 
33.5333,9.5,13.8,5.6,0.8,-1.5,7.8,11.1,0,60360,0,84,0, 
33.5367,7.4,13.3,3.3,1.9,-2.6,9.9,14.4,0,60366,0,85,0, 
33.5400,7.7,14.2,5.5,2.9,-4.2,9.6,16.3,0,60372,0,86,0, 
33.5433,9.9,16.6,10.1,3.4,-4.8,8.4,15.2,0,60378,0,87,0, 
33.5467,13.2,19.1,13.5,3.0,-3.4,8.0,12.1,0,60384,0,88,0, 
33.5500,16.2,20.2,13.2,1.7,-0.8,8.6,8.9,0,60390,0,89,0, 
33.5533,18.0,19.3,10.2,0.2,1.3,9.1,7.9,0,60396,0,90,0, 
33.5567,18.2,17.2,7.6,-0.7,1.9,8.3,9.4,0,60402,0,91,0, 
33.5600,16.9,16.0,8.0,-0.6,1.7,7.4,12.6,0,60408,0,92,0, 
33.5633,14.9,16.7,11.3,-0.3,2.8,8.4,16.0,0,60414,0,93,0, 
33.5667,13.0,18.7,14.5,-0.6,6.6,12.3,18.5,0,60420,0,94,0, 
33.5700,12.2,20.3,14.6,-2.0,12.1,16.8,19.2,0,60426,0,95,0, 
33.5733,12.8,19.5,10.4,-3.9,16.0,17.8,18.4,0,60432,0,96,0, 
33.5767,14.0,15.9,3.5,-5.0,15.3,13.3,16.5,0,60438,0,97,0, 
33.5800,14.4,10.6,-2.4,-4.4,9.8,6.2,14.2,0,60444,0,98,0, 
33.5833,12.6,5.7,-4.7,-2.7,2.8,2.3,12.4,0,60450,0,99,0, 
33.5867,8.6,2.5,-2.7,-1.0,-1.5,5.9,11.4,0,60456,0,100,0, 
33.5900,3.8,1.3,2.0,-0.5,-0.7,15.2,10.6,0,60462,0,101,0, 
33.5933,0.2,1.4,6.8,-1.0,3.6,23.0,9.4,0,60468,0,102,0, 
33.5967,-0.7,1.9,9.5,-1.2,7.8,22.6,7.7,0,60474,0,103,0, 
33.6000,0.6,2.4,9.4,-0.3,9.1,13.3,6.5,0,60480,0,104,0, 
33.6033,2.8,2.8,7.2,1.5,7.3,1.3,6.5,0,60486,0,105,0, 
33.6067,4.5,3.1,4.0,2.7,4.6,-5.8,7.8,0,60492,0,106,0, 
33.6100,4.9,2.7,0.5,2.2,3.4,-4.7,8.8,0,60498,0,107,0, 
33.6133,4.6,1.1,-3.1,0.0,4.8,1.1,7.3,0,60504,0,108,0, 
33.6167,4.2,-1.4,-6.4,-2.4,7.6,4.9,2.6,0,60510,0,109,0, 
33.6200,4.1,-3.6,-8.4,-3.2,10.0,2.9,-3.5,0,60516,0,110,0, 
33.6233,4.1,-3.9,-7.9,-1.7,10.5,-3.0,-7.9,0,60522,0,111,0, 
33.6267,3.9,-1.7,-4.6,1.0,9.1,-7.6,-8.5,0,60528,0,112,0, 
33.6300,3.3,1.6,-0.2,3.4,6.9,-7.0,-5.5,0,60534,0,113,0, 
33.6333,2.0,3.6,2.7,4.1,5.2,-1.4,-2.0,0,60540,0,114,0, 
33.6367,0.2,2.7,2.4,3.2,4.8,5.7,-0.6,0,60546,0,115,0, 
33.6400,-1.9,-0.2,-0.2,1.5,5.2,10.6,-2.1,0,60552,0,116,0, 
33.6433,-3.9,-2.7,-1.6,0.0,5.4,11.9,-4.5,0,60558,0,117,0, 
33.6467,-5.0,-2.1,1.1,-0.8,4.3,10.0,-5.1,0,60564,0,118,0, 
33.6500,-5.1,1.5,7.7,-1.1,2.1,6.3,-3.0,0,60570,0,119,0, 
33.6533,-4.6,5.4,14.0,-1.1,0.4,2.2,0.5,0,60576,0,120,0, 
33.6567,-4.5,6.3,15.2,-1.2,1.3,-0.1,3.0,0,60582,0,121,0, 
33.6600,-5.1,2.6,9.1,-1.4,5.6,1.2,3.0,0,60588,0,122,0, 
33.6633,-5.8,-4.2,-1.3,-1.7,11.2,6.4,1.0,0,60594,0,123,0, 
33.6667,-4.8,-10.4,-10.4,-1.8,14.3,12.7,-1.2,0,60600,0,124,0, 
33.6700,-1.3,-13.3,-14.0,-1.4,12.1,15.5,-2.4,0,60606,0,125,0, 
33.6733,4.2,-12.6,-11.7,-0.5,5.4,11.6,-2.5,0,60612,0,126,0, 
33.6767,9.0,-9.8,-6.5,0.8,-1.0,2.8,-2.4,0,60618,0,127,0, 
33.6800,10.9,-7.0,-1.4,1.6,-2.1,-4.7,-2.6,0,60624,0,128,0, 
33.6833,9.0,-4.6,2.6,1.4,3.3,-4.7,-2.9,0,60630,0,129,0, 
33.6867,5.6,-2.4,6.4,0.1,10.9,3.4,-2.4,0,60636,0,130,0, 
33.6900,3.9,0.2,10.2,-1.4,14.1,13.9,-0.9,0,60642,0,131,0, 
33.6933,5.8,2.5,12.6,-1.9,9.1,19.1,0.8,0,60648,0,132,0, 
33.6967,10.5,3.5,11.5,-0.8,-1.4,15.1,1.6,0,60654,0,133,0, 
33.7000,14.5,2.7,7.7,1.3,-10.2,4.9,0.6,0,60660,0,134,0, 
33.7033,14.8,0.9,4.4,3.3,-11.4,-4.8,-1.8,0,60666,0,135,0, 
33.7067,10.9,0.0,5.6,4.5,-4.8,-8.6,-4.4,0,60672,0,136,0, 
33.7100,5.0,0.8,11.8,4.8,3.7,-6.7,-6.3,0,60678,0,137,0, 
33.7133,0.0,2.3,18.5,4.8,7.7,-3.3,-7.2,0,60684,0,138,0, 
33.7167,-2.1,2.5,19.5,4.9,5.0,-2.3,-7.9,0,60690,0,139,0, 
33.7200,-2.2,-0.4,11.6,4.6,-1.0,-4.3,-9.7,0,60696,0,140,0, 
33.7233,-1.9,-5.9,-2.3,3.2,-4.7,-7.1,-13.2,0,60702,0,141,0, 
33.7267,-2.8,-11.6,-15.4,0.6,-3.7,-9.0,-17.9,0,60708,0,142,0, 
33.7300,-4.7,-15.1,-21.6,-2.3,-0.5,-10.6,-22.5,0,60714,0,143,0, 
33.7333,-6.2,-15.0,-19.6,-4.2,0.5,-13.7,-25.4,0,60720,0,144,0, 
33.7367,-6.7,-12.5,-12.6,-4.4,-2.1,-18.4,-25.3,0,60726,0,145,0, 
33.7400,-6.4,-9.3,-5.2,-3.3,-5.5,-21.8,-22.6,0,60732,0,146,0, 
33.7433,-6.3,-7.1,0.2,-2.2,-5.3,-20.2,-18.6,0,60738,0,147,0, 
33.7467,-6.6,-5.8,3.3,-1.9,-0.1,-12.9,-15.3,0,60744,0,148,0, 
33.7500,-6.6,-4.8,4.6,-2.1,6.5,-3.6,-14.1,0,60750,0,149,0, 
33.7533,-4.7,-3.7,3.7,-2.0,9.0,1.9,-14.8,0,60756,0,150,0, 
33.7567,0.0,-2.9,0.0,-1.0,4.6,0.6,-16.2,0,60762,0,151,0, 
33.7600,6.4,-3.0,-5.4,0.7,-3.7,-5.4,-16.7,0,60768,0,152,0, 
33.7633,12.1,-4.4,-9.1,2.2,-10.2,-10.2,-15.4,0,60774,0,153,0, 
33.7667,14.8,-6.1,-7.7,2.8,-10.5,-9.6,-12.7,0,60780,0,154,0, 
33.7700,13.7,-7.0,-1.2,2.8,-5.4,-4.4,-10.0,0,60786,0,155,0, 
33.7733,10.1,-6.5,6.5,2.9,0.3,0.4,-8.3,0,60792,0,156,0, 
33.7767,6.0,-5.2,10.0,3.4,2.2,-0.1,-7.8,0,60798,0,157,0, 
33.7800,2.9,-4.4,6.6,3.6,-0.5,-5.9,-7.7,0,60804,0,158,0, 
33.7833,0.6,-5.2,-1.7,2.8,-4.8,-12.3,-7.1,0,60810,0,159,0, 
33.7867,-2.0,-7.6,-9.7,0.7,-7.1,-13.9,-5.6,0,60816,0,160,0, 
33.7900,-6.1,-10.8,-13.5,-2.1,-6.5,-9.2,-4.1,0,60822,0,161,0, 
33.7933,-11.5,-13.9,-13.1,-4.5,-4.7,-2.4,-3.9,0,60828,0,162,0, 
33.7967,-16.5,-16.5,-11.6,-5.7,-4.0,0.3,-6.2,0,60834,0,163,0, 
33.8000,-19.2,-18.5,-11.8,-5.9,-5.2,-4.1,-10.8,0,60840,0,164,0, 
33.8033,-18.8,-19.8,-13.4,-5.9,-6.7,-12.9,-16.4,0,60846,0,165,0, 
33.8067,-15.8,-19.9,-14.2,-6.1,-6.9,-20.2,-20.9,0,60852,0,166,0, 
33.8100,-12.4,-18.7,-12.7,-6.6,-5.3,-21.3,-22.8,0,60858,0,167,0, 
33.8133,-10.2,-17.1,-10.5,-6.9,-2.9,-16.2,-22.4,0,60864,0,168,0, 
33.8167,-9.8,-16.7,-11.0,-6.9,-1.1,-9.6,-20.9,0,60870,0,169,0, 
33.8200,-10.5,-18.6,-15.6,-6.6,-0.4,-6.2,-20.1,0,60876,0,170,0, 
33.8233,-11.2,-22.4,-21.7,-6.0,-0.6,-7.9,-20.8,0,60882,0,171,0, 
33.8267,-11.4,-25.7,-24.0,-5.2,-1.2,-12.5,-22.5,0,60888,0,172,0, 
33.8300,-11.4,-26.1,-18.9,-4.0,-2.3,-16.3,-23.8,0,60894,0,173,0, 
33.8333,-12.0,-22.9,-8.0,-2.4,-4.2,-17.0,-23.4,0,60900,0,174,0, 
33.8367,-13.2,-18.1,2.3,-0.9,-6.6,-14.9,-20.9,0,60906,0,175,0, 
33.8400,-14.2,-15.1,5.1,0.0,-8.8,-11.7,-17.1,0,60912,0,176,0, 
33.8433,-13.6,-15.7,-1.6,-0.1,-9.7,-9.1,-13.2,0,60918,0,177,0, 
33.8467,-11.1,-18.8,-13.3,-0.8,-9.0,-7.7,-10.1,0,60924,0,178,0, 
33.8500,-7.6,-21.2,-22.3,-1.7,-6.9,-7.2,-8.2,0,60930,0,179,0, 
33.8533,-5.2,-20.1,-23.1,-2.1,-3.9,-7.1,-7.5,0,60936,0,180,0, 
33.8567,-5.3,-15.5,-15.9,-2.3,-1.0,-7.5,-7.8,0,60942,0,181,0, 
33.8600,-7.7,-9.9,-6.2,-2.4,0.8,-8.3,-8.5,0,60948,0,182,0, 
33.8633,-10.9,-6.5,-0.5,-2.8,0.3,-9.1,-8.8,0,60954,0,183,0, 
33.8667,-12.8,-6.6,-2.1,-3.2,-3.0,-9.4,-8.2,0,60960,0,184,0, 
33.8700,-12.5,-8.8,-9.2,-3.6,-8.4,-9.1,-6.5,0,60966,0,185,0, 
33.8733,-10.8,-10.7,-16.8,-3.8,-13.6,-8.6,-4.6,0,60972,0,186,0, 
33.8767,-9.3,-10.7,-20.2,-3.8,-15.7,-7.9,-3.5,0,60978,0,187,0, 
33.8800,-9.3,-9.2,-17.2,-3.5,-13.8,-6.4,-3.9,0,60984,0,188,0, 
33.8833,-10.5,-7.6,-9.5,-2.7,-9.4,-3.3,-5.7,0,60990,0,189,0, 
33.8867,-11.6,-7.4,-0.6,-1.4,-5.7,0.7,-8.0,0,60996,0,190,0, 
33.8900,-11.2,-8.6,5.3,0.1,-5.1,4.1,-10.0,0,61002,0,191,0, 
33.8933,-9.0,-10.4,5.8,0.9,-7.3,4.3,-11.3,0,61008,0,192,0, 
33.8967,-6.1,-11.9,1.1,0.5,-9.7,0.8,-12.2,0,61014,0,193,0, 
33.9000,-4.0,-12.2,-6.2,-1.3,-9.3,-4.9,-12.6,0,61020,0,194,0, 
33.9033,-3.5,-11.0,-12.3,-3.7,-5.6,-9.2,-12.3,0,61026,0,195,0, 
33.9067,-3.9,-8.1,-14.1,-5.6,-1.2,-9.4,-10.4,0,61032,0,196,0, 
33.9100,-3.9,-4.3,-11.0,-6.2,0.5,-5.6,-7.1,0,61038,0,197,0, 
33.9133,-2.3,-0.9,-4.9,-5.7,-2.0,-0.6,-3.3,0,61044,0,198,0, 
33.9167,0.8,0.4,0.8,-4.7,-7.0,2.3,-0.4,0,61050,0,199,0, 
33.9200,3.9,-1.1,3.3,-4.0,-10.8,1.9,0.7,0,61056,0,200,0, 
33.9233,5.4,-4.2,2.5,-3.6,-10.4,-0.4,0.7,0,61062,0,201,0, 
33.9267,4.6,-6.4,0.0,-3.5,-6.2,-1.7,1.1,0,61068,0,202,0, 
33.9300,2.3,-5.8,-2.0,-3.2,-1.1,-0.3,3.2,0,61074,0,203,0, 
33.9333,0.4,-2.2,-2.5,-2.8,1.2,3.2,6.8,0,61080,0,204,0, 
33.9367,0.0,2.6,-1.8,-2.2,-0.9,6.5,10.2,0,61086,0,205,0, 
33.9400,0.9,6.3,-0.7,-1.5,-5.7,7.9,11.5,0,61092,0,206,0, 
33.9433,1.4,8.0,0.7,-0.7,-9.8,7.3,10.2,0,61098,0,207,0, 
33.9467,-0.1,8.8,3.6,0.1,-10.4,5.9,7.4,0,61104,0,208,0, 
33.9500,-3.5,10.5,8.7,1.0,-7.3,5.2,5.0,0,61110,0,209,0, 
33.9533,-7.2,13.5,14.3,1.5,-2.6,5.0,4.4,0,61116,0,210,0, 
33.9567,-8.4,16.2,16.9,1.6,0.7,4.1,5.3,0,61122,0,211,0, 
33.9600,-5.8,16.2,13.5,1.1,1.2,1.2,6.0,0,61128,0,212,0, 
33.9633,-0.2,12.7,4.4,0.3,-0.1,-3.1,5.2,0,61134,0,213,0, 
33.9667,5.5,7.5,-5.8,-0.5,-0.8,-6.4,3.1,0,61140,0,214,0, 
33.9700,8.4,3.9,-11.1,-1.0,1.0,-6.0,1.1,0,61146,0,215,0, 
33.9733,7.4,3.8,-8.0,-1.0,5.2,-1.2,0.9,0,61152,0,216,0, 
33.9767,4.1,6.5,1.0,-0.8,9.5,5.7,2.8,0,61158,0,217,0, 
33.9800,1.0,8.9,9.6,-0.5,11.4,10.6,5.4,0,61164,0,218,0, 
33.9833,0.1,8.7,12.1,-0.4,9.4,10.9,7.0,0,61170,0,219,0, 
33.9867,1.2,5.6,7.7,-0.4,4.4,7.5,6.9,0,61176,0,220,0, 
33.9900,2.9,2.1,0.7,-0.6,-0.8,4.4,6.6,0,61182,0,221,0, 
33.9933,3.5,0.9,-3.1,-0.9,-4.0,5.1,7.8,0,61188,0,222,0, 
33.9967,2.9,2.9,-1.8,-1.6,-4.0,10.0,11.6,0,61194,0,223,0, 
34.0000,1.7,6.4,2.0,-2.7,-1.9,14.9,16.3,0,61200,0,224,0, 
34.0033,1.0,8.9,3.9,-4.1,0.5,14.9,19.2,0,61206,0,225,0, 
34.0067,0.9,9.2,1.8,-5.5,1.8,8.4,18.3,0,61212,0,226,0, 
34.0100,0.7,7.9,-2.1,-6.1,1.8,-1.4,14.2,0,61218,0,227,0, 
34.0133,-0.4,6.6,-4.1,-5.6,1.3,-8.1,9.5,0,61224,0,228,0, 
34.0167,-2.4,6.2,-2.4,-4.1,0.9,-7.8,6.9,0,61230,0,229,0, 
34.0200,-4.6,6.4,1.0,-2.3,0.5,-2.0,7.0,0,61236,0,230,0, 
34.0233,-6.0,5.6,2.7,-1.0,-0.3,3.7,8.0,0,61242,0,231,0, 
34.0267,-6.8,3.2,1.0,-0.7,-1.4,4.2,6.9,0,61248,0,232,0, 
34.0300,-8.0,-0.3,-2.5,-1.4,-1.7,-0.9,2.4,0,61254,0,233,0, 
34.0333,-10.5,-3.2,-4.6,-2.4,0.2,-7.1,-4.1,0,61260,0,234,0, 
34.0367,-14.0,-3.8,-3.3,-3.1,5.1,-8.4,-9.6,0,61266,0,235,0, 
34.0400,-16.7,-1.8,0.2,-3.4,11.6,-2.5,-11.2,0,61272,0,236,0, 
34.0433,-16.7,2.1,3.2,-3.2,16.8,7.9,-8.4,0,61278,0,237,0, 
34.0467,-13.1,6.4,3.9,-2.7,17.9,16.7,-2.6,0,61284,0,238,0, 
34.0500,-7.4,9.5,2.7,-2.1,13.9,19.4,3.7,0,61290,0,239,0, 
34.0533,-2.2,10.5,1.2,-1.5,6.6,15.1,8.9,0,61296,0,240,0, 
34.0567,0.4,9.3,0.1,-1.1,-0.5,6.9,12.1,0,61302,0,241,0, 
34.0600,-0.2,7.0,-0.8,-1.0,-4.5,-1.1,13.6,0,61308,0,242,0, 
34.0633,-2.5,4.7,-1.8,-1.3,-4.5,-6.0,13.8,0,61314,0,243,0, 
34.0667,-4.5,3.6,-1.9,-1.5,-1.9,-6.8,13.2,0,61320,0,244,0, 
34.0700,-4.9,3.9,0.4,-1.3,1.1,-4.5,12.4,0,61326,0,245,0, 
34.0733,-3.9,4.7,5.3,-0.2,2.9,-0.7,11.9,0,61332,0,246,0, 
34.0767,-2.2,4.9,10.4,1.3,3.3,3.2,11.9,0,61338,0,247,0, 
34.0800,-0.5,3.7,11.7,2.5,3.0,5.7,12.4,0,61344,0,248,0, 
34.0833,1.4,1.6,7.6,2.9,3.0,6.5,12.6,0,61350,0,249,0, 
34.0867,3.7,0.1,0.5,2.5,4.0,6.3,12.2,0,61356,0,250,0, 
34.0900,6.2,0.7,-4.2,2.5,6.2,6.9,11.2,0,61362,0,251,0, 
34.0933,8.3,3.5,-2.4,3.6,9.3,9.7,10.4,0,61368,0,252,0, 
34.0967,8.8,7.6,4.9,6.0,12.3,14.2,10.5,0,61374,0,253,0, 
34.1000,7.7,11.2,12.1,8.9,13.6,18.2,11.6,0,61380,0,254,0, 
34.1033,5.9,13.4,13.9,11.0,12.1,18.6,13.3,0,61386,0,255,0, 
34.1067,4.4,13.9,8.9,11.2,7.2,13.8,14.7,0,61392,0,0,0, 
34.1100,3.8,13.4,1.4,9.9,0.3,5.0,14.8,0,61398,0,1,0, 
34.1133,3.7,12.1,-2.8,7.8,-5.8,-4.4,13.5,0,61404,0,2,0, 
34.1167,2.7,10.3,-0.7,5.9,-8.6,-10.4,11.1,0,61410,0,3,0, 
34.1200,0.0,8.0,5.2,4.7,-7.1,-10.9,9.0,0,61416,0,4,0, 
34.1233,-3.5,5.9,10.1,4.0,-2.9,-6.5,8.6,0,61422,0,5,0, 
34.1267,-5.9,5.2,10.6,3.3,0.9,-0.5,10.4,0,61428,0,6,0, 
34.1300,-5.2,6.5,7.4,2.8,1.6,3.7,13.6,0,61434,0,7,0, 
34.1333,-1.2,8.7,4.0,2.5,-1.2,3.9,15.7,0,61440,0,8,0, 
34.1367,3.8,9.9,3.1,2.7,-5.6,0.7,14.0,0,61446,0,9,0, 
34.1400,7.0,8.1,4.8,3.4,-8.6,-3.3,7.4,0,61452,0,10,0, 
34.1433,6.3,3.4,6.7,4.2,-8.3,-5.0,-2.1,0,61458,0,11,0, 
34.1467,2.3,-2.1,6.5,4.7,-5.1,-3.1,-10.2,0,61464,0,12,0, 
34.1500,-2.2,-5.8,4.3,4.9,-1.1,1.2,-12.8,0,61470,0,13,0, 
34.1533,-4.5,-6.1,1.7,4.9,1.3,4.8,-8.9,0,61476,0,14,0, 
34.1567,-3.9,-4.1,-0.1,4.7,1.4,5.2,-1.4,0,61482,0,15,0, 
34.1600,-2.1,-2.3,-1.5,4.0,0.4,1.8,4.9,0,61488,0,16,0, 
34.1633,-1.9,-2.7,-3.6,2.5,0.0,-3.3,6.4,0,61494,0,17,0, 
34.1667,-4.7,-5.2,-6.6,0.1,1.1,-6.8,3.4,0,61500,0,18,0, 
34.1700,-9.1,-7.5,-8.9,-2.5,2.7,-6.3,-0.6,0,61506,0,19,0, 
34.1733,-12.3,-7.6,-7.8,-4.4,3.5,-2.1,-2.0,0,61512,0,20,0, 
34.1767,-11.7,-5.0,-2.6,-4.8,2.6,3.2,0.0,0,61518,0,21,0, 
34.1800,-7.5,-2.0,4.0,-3.7,1.1,5.8,3.2,0,61524,0,22,0, 
34.1833,-1.9,-1.6,7.1,-2.0,0.5,3.7,4.0,0,61530,0,23,0, 
34.1867,1.9,-5.5,3.5,-0.7,1.4,-2.5,0.9,0,61536,0,24,0, 
34.1900,2.1,-12.4,-5.5,-0.3,3.0,-9.3,-4.4,0,61542,0,25,0, 
34.1933,-0.3,-18.7,-14.8,-0.4,3.9,-12.9,-8.2,0,61548,0,26,0, 
34.1967,-3.0,-20.8,-18.3,-0.3,3.1,-11.0,-8.0,0,61554,0,27,0, 
34.2000,-3.4,-17.3,-13.8,0.4,1.5,-4.7,-3.4,0,61560,0,28,0, 
34.2033,-0.9,-9.9,-4.7,1.6,0.7,2.3,3.2,0,61566,0,29,0, 
34.2067,3.8,-1.8,3.1,2.6,1.9,6.8,9.3,0,61572,0,30,0, 
34.2100,8.6,4.3,5.0,3.4,4.3,7.8,13.9,0,61578,0,31,0, 
34.2133,11.8,7.7,1.9,4.0,6.2,7.1,17.4,0,61584,0,32,0, 
34.2167,12.4,9.5,-0.7,5.1,5.9,7.1,20.4,0,61590,0,33,0, 
34.2200,10.7,11.1,2.1,6.9,3.3,8.2,22.7,0,61596,0,34,0, 
34.2233,7.8,12.6,10.7,8.9,0.2,8.2,22.7,0,61602,0,35,0, 
34.2267,4.7,13.3,20.0,10.1,-1.8,5.0,19.7,0,61608,0,36,0, 
34.2300,2.3,12.3,23.2,9.6,-1.5,-0.5,14.6,0,61614,0,37,0, 
34.2333,0.3,9.9,17.7,7.4,0.8,-4.0,9.5,0,61620,0,38,0, 
34.2367,-1.9,7.4,7.2,4.4,4.1,-1.3,6.6,0,61626,0,39,0, 
34.2400,-5.2,5.8,-1.3,2.0,7.4,7.5,5.8,0,61632,0,40,0, 
34.2433,-9.4,4.9,-3.0,0.9,9.6,16.2,5.1,0,61638,0,41,0, 
34.2467,-13.6,3.1,0.3,0.8,9.9,16.5,1.9,0,61644,0,42,0, 
34.2500,-16.2,-1.1,2.2,1.0,7.4,4.5,-4.5,0,61650,0,43,0, 
34.2533,-15.8,-7.4,-2.6,0.5,2.3,-14.9,-12.1,0,61656,0,44,0, 
34.2567,-12.8,-13.3,-13.5,-0.5,-3.8,-30.8,-17.0,0,61662,0,45,0, 
34.2600,-8.5,-15.6,-23.2,-1.4,-8.5,-33.7,-16.7,0,61668,0,46,0, 
34.2633,-4.5,-12.7,-23.6,-1.3,-10.1,-22.8,-11.4,0,61674,0,47,0, 
34.2667,-2.0,-5.9,-12.3,0.0,-8.5,-6.4,-4.7,0,61680,0,48,0, 
34.2700,-0.8,1.0,5.0,1.9,-5.7,4.5,-0.6,0,61686,0,49,0, 
34.2733,-0.5,4.3,18.2,3.5,-3.9,4.2,-1.9,0,61692,0,50,0, 
34.2767,-0.5,2.4,19.6,3.9,-3.8,-4.3,-7.9,0,61698,0,51,0, 
34.2800,-0.9,-3.5,9.2,3.0,-4.2,-13.4,-15.4,0,61704,0,52,0, 
34.2833,-1.9,-10.0,-6.0,1.6,-3.2,-16.9,-20.9,0,61710,0,53,0, 
34.2867,-3.4,-14.0,-17.2,0.3,-0.2,-14.2,-22.3,0,61716,0,54,0, 
34.2900,-4.7,-13.8,-19.2,-0.3,3.4,-8.8,-19.9,0,61722,0,55,0, 
34.2933,-5.2,-10.2,-13.1,-0.2,5.0,-4.3,-14.9,0,61728,0,56,0, 
34.2967,-4.8,-5.3,-3.9,-0.1,3.2,-1.4,-9.0,0,61734,0,57,0, 
34.3000,-3.6,-1.3,3.0,-0.2,-1.1,1.2,-3.5,0,61740,0,58,0, 
34.3033,-2.1,0.3,4.9,-0.7,-5.6,3.4,0.8,0,61746,0,59,0, 
34.3067,-0.8,-0.2,2.2,-1.4,-8.2,3.3,3.2,0,61752,0,60,0, 
34.3100,0.1,-1.6,-2.3,-1.9,-8.4,-1.5,3.3,0,61758,0,61,0, 
34.3133,0.6,-2.4,-5.5,-2.0,-7.0,-10.2,1.6,0,61764,0,62,0, 
34.3167,0.3,-1.6,-5.7,-1.7,-5.2,-18.5,-0.6,0,61770,0,63,0, 
34.3200,-0.9,0.6,-2.9,-1.0,-3.4,-21.2,-1.5,0,61776,0,64,0, 
34.3233,-2.7,3.1,1.1,-0.2,-1.3,-16.2,-0.5,0,61782,0,65,0, 
34.3267,-4.1,4.3,3.7,0.6,1.0,-6.4,1.6,0,61788,0,66,0, 
34.3300,-4.3,3.7,3.6,1.6,2.6,2.5,3.1,0,61794,0,67,0, 
34.3333,-3.4,1.6,1.7,2.8,2.5,5.4,2.4,0,61800,0,68,0, 
34.3367,-2.2,-0.5,0.4,4.4,0.4,1.3,-0.4,0,61806,0,69,0, 
34.3400,-2.0,-1.3,2.0,5.8,-2.7,-6.7,-3.8,0,61812,0,70,0, 
34.3433,-3.6,-0.4,6.4,6.8,-4.9,-13.9,-6.3,0,61818,0,71,0, 
34.3467,-6.5,1.3,10.8,7.0,-5.5,-16.8,-7.1,0,61824,0,72,0, 
34.3500,-9.7,2.7,11.8,6.3,-4.8,-14.7,-7.0,0,61830,0,73,0, 
34.3533,-12.0,2.7,7.8,5.0,-4.0,-9.5,-7.0,0,61836,0,74,0, 
34.3567,-13.0,0.9,0.8,3.6,-4.1,-4.8,-7.7,0,61842,0,75,0, 
34.3600,-13.1,-2.0,-5.6,2.3,-4.7,-3.8,-9.0,0,61848,0,76,0, 
34.3633,-13.0,-5.1,-7.9,1.2,-5.2,-7.9,-10.1,0,61854,0,77,0, 
34.3667,-13.0,-7.8,-5.9,0.4,-5.1,-15.2,-10.7,0,61860,0,78,0, 
34.3700,-13.0,-9.7,-1.8,-0.1,-4.7,-21.5,-10.9,0,61866,0,79,0, 
34.3733,-12.9,-10.8,1.0,-0.3,-4.7,-22.4,-10.9,0,61872,0,80,0, 
34.3767,-12.8,-11.7,0.6,-0.1,-5.4,-16.8,-11.1,0,61878,0,81,0, 
34.3800,-13.1,-12.6,-2.8,0.3,-6.0,-8.2,-11.7,0,61884,0,82,0, 
34.3833,-14.1,-14.2,-7.5,0.5,-5.6,-2.7,-13.6,0,61890,0,83,0, 
34.3867,-15.5,-16.4,-11.4,0.3,-3.8,-4.8,-17.2,0,61896,0,84,0, 
34.3900,-16.6,-19.2,-13.6,-0.4,-1.4,-13.9,-22.5,0,61902,0,85,0, 
34.3933,-16.7,-21.8,-14.1,-1.3,0.3,-24.4,-28.3,0,61908,0,86,0, 
34.3967,-15.5,-23.6,-13.4,-2.0,0.1,-30.0,-32.3,0,61914,0,87,0, 
34.4000,-13.3,-23.9,-12.0,-2.4,-1.8,-28.1,-32.7,0,61920,0,88,0, 
34.4033,-10.6,-22.3,-10.6,-2.3,-4.1,-21.3,-29.1,0,61926,0,89,0, 
34.4067,-8.2,-18.7,-9.3,-2.0,-5.5,-15.1,-22.9,0,61932,0,90,0, 
34.4100,-6.6,-13.5,-8.2,-1.8,-5.2,-13.0,-16.2,0,61938,0,91,0, 
34.4133,-5.7,-7.7,-7.2,-1.7,-3.3,-14.1,-10.3,0,61944,0,92,0, 
34.4167,-4.9,-2.1,-5.9,-1.7,-0.8,-14.4,-5.2,0,61950,0,93,0, 
34.4200,-3.6,2.6,-3.7,-1.7,0.8,-10.8,-0.1,0,61956,0,94,0, 
34.4233,-1.4,6.0,-0.5,-1.1,0.7,-3.7,5.2,0,61962,0,95,0, 
34.4267,1.1,8.2,3.0,0.0,-1.2,3.4,9.9,0,61968,0,96,0, 
34.4300,2.7,9.0,5.9,1.6,-3.8,6.6,12.8,0,61974,0,97,0, 
34.4333,2.2,8.4,6.7,2.9,-5.3,5.1,13.1,0,61980,0,98,0, 
34.4367,-0.8,6.3,4.5,3.5,-4.4,1.0,11.7,0,61986,0,99,0, 
34.4400,-5.4,3.1,-0.4,3.1,-1.2,-2.3,10.2,0,61992,0,100,0, 
34.4433,-9.7,-0.3,-6.1,1.9,3.0,-2.6,9.5,0,61998,0,101,0, 
34.4467,-12.2,-2.6,-9.6,0.5,6.1,-0.1,9.4,0,62004,0,102,0, 
34.4500,-12.7,-2.9,-8.8,-0.6,6.9,3.2,8.8,0,62010,0,103,0, 
34.4533,-11.7,-1.2,-3.4,-1.4,5.7,5.2,6.7,0,62016,0,104,0, 
34.4567,-9.9,1.5,3.7,-1.7,3.8,4.9,3.5,0,62022,0,105,0, 
34.4600,-7.9,3.9,8.6,-1.8,2.5,2.4,0.7,0,62028,0,106,0, 
34.4633,-5.5,5.1,8.8,-1.3,2.3,-0.9,-0.1,0,62034,0,107,0, 
34.4667,-2.9,5.0,4.9,-0.1,2.7,-3.1,1.5,0,62040,0,108,0, 
34.4700,-0.6,4.3,0.3,1.5,3.0,-3.1,4.0,0,62046,0,109,0, 
34.4733,1.0,3.5,-1.9,3.2,2.7,-1.3,5.1,0,62052,0,110,0, 
34.4767,1.8,3.2,-0.3,4.1,1.8,0.8,3.3,0,62058,0,111,0, 
34.4800,2.6,3.3,3.3,4.3,0.4,1.2,-1.1,0,62064,0,112,0, 
34.4833,4.1,3.9,6.4,4.1,-1.3,-0.5,-5.6,0,62070,0,113,0, 
34.4867,6.2,4.6,7.9,4.5,-2.7,-2.7,-7.8,0,62076,0,114,0, 
34.4900,7.9,5.1,8.1,5.6,-3.4,-3.1,-6.5,0,62082,0,115,0, 
34.4933,7.9,4.8,8.3,6.6,-3.1,-0.7,-3.4,0,62088,0,116,0, 
34.4967,5.9,3.0,8.0,6.3,-2.2,2.5,-1.4,0,62094,0,117,0, 
34.5000,3.3,-0.1,5.5,3.7,-1.6,3.0,-2.7,0,62100,0,118,0, 
34.5033,1.8,-3.7,-0.3,-0.3,-2.2,-1.7,-6.6,0,62106,0,119,0, 
34.5067,2.5,-6.3,-8.4,-4.0,-3.9,-9.6,-10.3,0,62112,0,120,0, 
34.5100,4.6,-6.7,-14.5,-5.5,-5.8,-15.8,-10.2,0,62118,0,121,0, 
34.5133,6.0,-5.0,-14.6,-4.3,-6.8,-15.3,-5.6,0,62124,0,122,0, 
34.5167,5.1,-2.1,-7.8,-1.6,-6.4,-7.5,1.3,0,62130,0,123,0, 
34.5200,2.2,0.0,2.2,0.8,-4.9,3.3,6.4,0,62136,0,124,0, 
34.5233,-1.0,0.3,9.6,1.6,-3.0,10.7,7.3,0,62142,0,125,0, 
34.5267,-2.5,-1.2,10.4,0.8,-1.1,11.4,4.8,0,62148,0,126,0, 
34.5300,-1.6,-2.9,5.4,-0.4,1.1,6.9,2.3,0,62154,0,127,0, 
34.5333,1.1,-3.1,-0.8,-1.0,3.6,2.6,2.9,0,62160,0,128,0, 
34.5367,3.7,-0.6,-3.6,-0.5,5.5,2.9,7.2,0,62166,0,129,0, 
34.5400,4.9,3.7,-1.9,0.3,5.8,7.8,13.1,0,62172,0,130,0, 
34.5433,4.5,7.8,1.5,0.6,4.0,13.3,17.3,0,62178,0,131,0, 
34.5467,2.7,9.9,3.2,0.3,1.2,14.8,18.2,0,62184,0,132,0, 
34.5500,0.5,9.3,2.0,-0.2,-0.5,11.2,16.5,0,62190,0,133,0, 
34.5533,-1.5,6.8,0.2,-0.2,0.3,6.0,14.5,0,62196,0,134,0, 
34.5567,-2.9,4.2,1.1,0.4,3.0,3.8,13.8,0,62202,0,135,0, 
34.5600,-3.4,2.9,5.5,1.5,5.1,6.3,14.7,0,62208,0,136,0, 
34.5633,-2.8,3.0,10.9,2.4,4.2,11.2,16.0,0,62214,0,137,0, 
34.5667,-1.7,3.9,13.3,2.5,-0.1,13.6,16.5,0,62220,0,138,0, 
34.5700,-0.6,4.8,10.7,1.7,-5.2,10.7,15.7,0,62226,0,139,0, 
34.5733,-0.2,5.9,5.2,0.5,-7.4,4.5,13.9,0,62232,0,140,0, 
34.5767,-0.4,7.7,0.8,-0.8,-4.8,-0.3,12.1,0,62238,0,141,0, 
34.5800,-0.8,10.1,0.8,-1.5,1.0,0.0,10.4,0,62244,0,142,0, 
34.5833,-0.6,12.4,4.3,-1.5,6.0,4.9,8.7,0,62250,0,143,0, 
34.5867,0.4,12.9,7.9,-0.8,6.6,9.7,6.6,0,62256,0,144,0, 
34.5900,1.6,10.6,7.9,0.1,2.2,9.8,3.9,0,62262,0,145,0, 
34.5933,2.4,6.4,3.6,0.5,-4.1,4.6,0.7,0,62268,0,146,0, 
34.5967,2.2,1.9,-2.4,-0.2,-8.2,-2.5,-2.1,0,62274,0,147,0, 
34.6000,1.5,-0.6,-6.7,-1.6,-7.6,-6.3,-3.9,0,62280,0,148,0, 
34.6033,0.9,-0.8,-7.5,-2.9,-3.5,-4.4,-3.8,0,62286,0,149,0, 
34.6067,1.1,0.5,-5.6,-3.0,0.9,1.1,-1.7,0,62292,0,150,0, 
34.6100,1.7,1.9,-3.2,-1.8,3.1,6.3,1.9,0,62298,0,151,0, 
34.6133,2.0,2.6,-1.4,0.0,2.8,8.1,5.7,0,62304,0,152,0, 
34.6167,1.4,3.3,0.5,1.2,1.7,7.3,8.7,0,62310,0,153,0, 
34.6200,0.4,4.6,3.5,1.2,2.0,6.4,10.2,0,62316,0,154,0, 
34.6233,0.1,6.3,6.8,0.0,3.6,7.5,10.3,0,62322,0,155,0, 
34.6267,1.4,7.1,8.2,-1.4,5.1,10.1,9.6,0,62328,0,156,0, 
34.6300,4.0,5.7,5.4,-2.0,4.8,11.6,8.7,0,62334,0,157,0, 
34.6333,6.3,2.6,-1.2,-1.5,2.5,9.6,7.9,0,62340,0,158,0, 
34.6367,6.7,0.0,-7.3,-0.5,-0.3,4.5,7.2,0,62346,0,159,0, 
34.6400,4.7,0.2,-8.2,0.2,-2.1,-1.3,6.9,0,62352,0,160,0, 
34.6433,1.7,4.1,-1.5,0.5,-2.2,-4.8,7.5,0,62358,0,161,0, 
34.6467,-0.6,10.0,9.8,0.7,-1.6,-4.0,9.6,0,62364,0,162,0, 
34.6500,-0.6,14.9,19.5,1.4,-1.5,1.1,13.2,0,62370,0,163,0, 
34.6533,1.4,16.6,22.1,3.0,-2.2,8.5,17.6,0,62376,0,164,0, 
34.6567,3.9,14.7,16.6,4.9,-3.2,15.8,20.9,0,62382,0,165,0, 
34.6600,5.5,10.9,7.0,6.3,-3.2,20.5,21.5,0,62388,0,166,0, 
34.6633,6.0,7.2,-0.8,6.4,-1.9,21.1,18.5,0,62394,0,167,0, 
34.6667,5.8,4.7,-2.8,5.2,0.3,17.9,13.4,0,62400,0,168,0, 
34.6700,5.7,3.7,0.7,3.3,2.0,12.4,8.5,0,62406,0,169,0, 
34.6733,5.9,3.7,6.4,1.6,2.1,6.7,6.1,0,62412,0,170,0, 
34.6767,6.0,4.6,10.4,1.1,0.1,2.6,6.8,0,62418,0,171,0, 
34.6800,5.7,5.8,10.8,1.9,-3.5,0.2,8.6,0,62424,0,172,0, 
34.6833,5.1,6.6,8.2,3.5,-7.3,-0.8,9.0,0,62430,0,173,0, 
34.6867,4.6,6.2,4.9,4.8,-9.4,-0.8,6.4,0,62436,0,174,0, 
34.6900,4.1,4.4,2.7,5.2,-8.3,0.0,1.7,0,62442,0,175,0, 
34.6933,3.5,1.7,2.2,4.3,-4.1,1.8,-2.5,0,62448,0,176,0, 
34.6967,2.4,-0.3,2.9,2.7,1.1,4.2,-3.7,0,62454,0,177,0, 
34.7000,1.2,-0.5,4.0,1.1,4.2,6.1,-1.5,0,62460,0,178,0, 
34.7033,0.9,1.2,4.7,0.3,3.5,6.6,2.2,0,62466,0,179,0, 
34.7067,1.9,3.4,5.1,0.3,0.1,6.4,4.7,0,62472,0,180,0, 
34.7100,4.0,4.7,5.2,0.5,-2.3,6.7,5.0,0,62478,0,181,0, 
34.7133,5.5,4.1,5.0,0.3,-0.4,8.9,3.9,0,62484,0,182,0, 
34.7167,5.5,1.9,3.6,-0.9,6.2,12.4,3.0,0,62490,0,183,0, 
34.7200,3.8,-0.8,0.2,-2.9,13.4,15.0,3.2,0,62496,0,184,0, 
34.7233,2.2,-3.3,-4.7,-4.8,15.9,14.4,3.7,0,62502,0,185,0, 
34.7267,2.1,-4.9,-9.2,-6.0,10.9,10.1,3.1,0,62508,0,186,0, 
34.7300,4.2,-5.3,-10.7,-6.0,0.7,3.7,0.7,0,62514,0,187,0, 
34.7333,7.2,-4.4,-7.8,-4.7,-8.7,-2.3,-2.6,0,62520,0,188,0, 
34.7367,9.6,-2.5,-1.9,-2.9,-12.5,-6.4,-5.1,0,62526,0,189,0, 
34.7400,10.5,-0.3,3.7,-1.4,-10.1,-8.4,-5.2,0,62532,0,190,0, 
34.7433,10.2,1.1,6.0,-0.6,-5.2,-8.3,-3.3,0,62538,0,191,0, 
34.7467,9.6,0.8,4.7,-0.8,-2.4,-5.9,-0.7,0,62544,0,192,0, 
34.7500,9.1,-1.1,2.0,-1.5,-3.2,-0.5,1.3,0,62550,0,193,0, 
34.7533,8.3,-3.6,0.4,-2.4,-5.2,7.1,2.0,0,62556,0,194,0, 
34.7567,6.7,-5.1,0.8,-2.9,-4.5,14.3,2.0,0,62562,0,195,0, 
34.7600,4.4,-4.7,1.7,-3.1,0.2,17.9,2.4,0,62568,0,196,0, 
34.7633,2.9,-2.2,1.4,-3.1,6.7,16.4,3.7,0,62574,0,197,0, 
34.7667,3.3,1.5,0.5,-3.0,10.4,11.1,6.0,0,62580,0,198,0, 
34.7700,5.5,5.5,1.5,-2.7,9.0,4.8,8.3,0,62586,0,199,0, 
34.7733,7.8,8.7,6.1,-2.0,3.8,0.0,9.8,0,62592,0,200,0, 
34.7767,8.5,10.3,13.1,-0.8,-1.4,-2.9,9.5,0,62598,0,201,0, 
34.7800,6.8,9.9,18.0,0.6,-3.4,-4.6,7.6,0,62604,0,202,0, 
34.7833,3.7,7.3,16.7,1.7,-2.0,-5.7,4.9,0,62610,0,203,0, 
34.7867,1.1,3.6,9.5,1.9,0.2,-5.2,2.9,0,62616,0,204,0, 
34.7900,-0.2,0.2,1.0,1.7,0.6,-2.6,2.4,0,62622,0,205,0, 
34.7933,-0.5,-1.6,-3.1,1.5,-0.7,1.5,3.1,0,62628,0,206,0, 
34.7967,-1.0,-1.5,-1.0,1.8,-1.6,4.5,3.5,0,62634,0,207,0, 
34.8000,-2.1,-0.4,4.0,2.8,0.5,4.5,2.3,0,62640,0,208,0, 
34.8033,-3.2,0.7,6.8,3.8,5.4,2.0,-0.3,0,62646,0,209,0, 
34.8067,-3.1,1.3,5.3,4.1,10.3,0.1,-2.7,0,62652,0,210,0, 
34.8100,-0.8,1.7,2.2,3.3,11.5,1.8,-2.8,0,62658,0,211,0, 
34.8133,2.7,2.7,2.3,1.8,8.0,7.1,-0.4,0,62664,0,212,0, 
34.8167,5.6,4.2,7.3,-0.1,1.9,12.6,2.6,0,62670,0,213,0, 
34.8200,6.1,4.9,13.7,-2.2,-2.7,14.4,3.5,0,62676,0,214,0, 
34.8233,3.9,3.4,14.9,-4.4,-2.9,11.1,0.7,0,62682,0,215,0, 
34.8267,0.3,-1.0,7.4,-6.6,0.8,4.9,-4.6,0,62688,0,216,0, 
34.8300,-2.5,-6.8,-6.0,-8.6,5.4,-0.3,-9.5,0,62694,0,217,0, 
34.8333,-3.3,-11.7,-17.8,-9.6,7.8,-2.1,-11.4,0,62700,0,218,0, 
34.8367,-2.0,-13.2,-21.0,-9.1,7.0,-0.6,-9.7,0,62706,0,219,0, 
34.8400,0.2,-10.7,-14.4,-7.5,4.2,1.9,-6.0,0,62712,0,220,0, 
34.8433,1.8,-5.8,-3.0,-5.6,2.1,3.7,-2.7,0,62718,0,221,0, 
34.8467,2.1,-0.8,5.9,-4.7,2.5,4.7,-1.2,0,62724,0,222,0, 
34.8500,1.4,2.1,7.8,-5.1,5.0,5.5,-1.3,0,62730,0,223,0, 
34.8533,0.7,2.6,3.3,-6.4,8.0,6.5,-2.2,0,62736,0,224,0, 
34.8567,1.1,1.6,-3.0,-7.6,9.4,7.0,-2.7,0,62742,0,225,0, 
34.8600,2.9,0.8,-6.6,-7.8,8.4,6.8,-2.2,0,62748,0,226,0, 
34.8633,5.7,1.6,-5.8,-6.8,5.2,6.3,-0.6,0,62754,0,227,0, 
34.8667,8.7,3.6,-2.0,-5.0,1.3,6.6,2.0,0,62760,0,228,0, 
34.8700,10.5,5.7,1.9,-3.0,-1.2,7.8,4.7,0,62766,0,229,0, 
34.8733,10.5,6.5,3.9,-1.4,-1.5,8.5,6.0,0,62772,0,230,0, 
34.8767,8.9,5.5,4.0,-0.4,0.1,6.8,4.9,0,62778,0,231,0, 
34.8800,6.5,3.5,3.6,0.2,1.8,2.3,1.3,0,62784,0,232,0, 
34.8833,4.6,1.9,4.2,0.3,1.7,-2.9,-3.1,0,62790,0,233,0, 
34.8867,3.8,1.6,6.1,0.0,-0.6,-5.6,-6.1,0,62796,0,234,0, 
34.8900,4.2,2.4,7.8,-0.5,-3.0,-4.0,-6.2,0,62802,0,235,0, 
34.8933,5.3,3.4,7.8,-1.1,-2.9,0.6,-3.4,0,62808,0,236,0, 
34.8967,6.2,3.9,5.5,-1.5,1.7,4.8,0.9,0,62814,0,237,0, 
34.9000,6.7,4.3,2.3,-1.4,9.0,6.2,5.3,0,62820,0,238,0, 
34.9033,7.1,5.6,0.8,-1.0,15.2,4.9,8.9,0,62826,0,239,0, 
34.9067,7.6,8.2,2.8,-0.3,16.3,3.1,11.7,0,62832,0,240,0, 
34.9100,8.4,11.3,7.5,0.2,11.8,2.4,13.3,0,62838,0,241,0, 
34.9133,9.2,13.0,12.2,0.5,4.9,2.7,13.2,0,62844,0,242,0, 
34.9167,9.4,11.9,13.8,0.4,0.5,2.7,11.0,0,62850,0,243,0, 
34.9200,8.8,8.3,11.1,0.1,1.1,1.7,7.6,0,62856,0,244,0, 
34.9233,7.6,4.0,5.4,-0.1,5.0,0.5,4.3,0,62862,0,245,0, 
34.9267,6.1,1.0,-0.2,-0.1,8.0,1.0,2.7,0,62868,0,246,0, 
34.9300,4.7,0.3,-3.2,0.0,6.6,3.3,2.4,0,62874,0,247,0, 
34.9333,3.4,0.9,-2.8,0.1,1.1,5.5,2.1,0,62880,0,248,0, 
34.9367,2.2,1.2,-0.5,0.1,-5.5,5.0,0.5,0,62886,0,249,0, 
34.9400,1.2,0.7,1.8,0.0,-9.5,0.6,-2.3,0,62892,0,250,0, 
34.9433,0.6,-0.3,2.8,-0.3,-9.9,-5.7,-4.7,0,62898,0,251,0, 
34.9467,0.2,-0.8,2.5,-0.8,-7.8,-10.6,-5.1,0,62904,0,252,0, 
34.9500,-0.2,-0.3,1.5,-1.5,-5.3,-11.7,-3.7,0,62910,0,253,0, 
34.9533,-0.9,0.8,0.3,-2.4,-2.8,-9.4,-2.2,0,62916,0,254,0, 
34.9567,-1.9,1.9,-0.8,-3.1,0.2,-5.9,-2.3,0,62922,0,255,0, 
34.9600,-2.2,3.0,-1.9,-3.4,4.0,-3.5,-3.8,0,62928,0,0,0, 
34.9633,-0.9,4.4,-2.9,-3.1,7.4,-2.9,-4.7,0,62934,0,1,0, 
34.9667,2.4,6.1,-3.2,-2.4,8.8,-3.3,-3.4,0,62940,0,2,0, 
34.9700,6.9,7.7,-2.1,-1.6,7.3,-3.8,-0.1,0,62946,0,3,0, 
34.9733,10.6,8.0,0.7,-1.1,4.7,-4.1,3.0,0,62952,0,4,0, 
34.9767,11.9,6.5,4.9,-0.8,3.4,-4.5,3.5,0,62958,0,5,0, 
34.9800,10.6,3.8,8.6,-0.3,4.8,-4.9,1.3,0,62964,0,6,0, 
34.9833,8.0,1.6,9.8,1.0,7.6,-4.8,-1.4,0,62970,0,7,0, 
34.9867,6.2,0.9,7.2,2.9,9.1,-3.3,-1.8,0,62976,0,8,0, 
34.9900,6.4,1.7,1.9,5.1,7.5,-0.3,0.8,0,62982,0,9,0, 
34.9933,8.2,3.1,-3.1,6.5,3.4,3.0,5.0,0,62988,0,10,0, 
34.9967,10.2,4.4,-4.3,6.8,-0.5,5.4,8.8,0,62994,0,11,0, 
35.0000,10.7,5.8,-0.2,6.0,-1.8,6.6,10.7,0,63000,0,12,0, 
35.0033,8.9,7.7,7.4,4.7,-0.3,7.2,11.3,0,63006,0,13,0, 
35.0067,5.5,10.2,14.2,3.4,2.4,7.8,11.3,0,63012,0,14,0, 
35.0100,1.9,12.3,16.1,2.4,4.2,8.0,10.6,0,63018,0,15,0, 
35.0133,-0.5,12.6,12.0,1.8,4.2,6.4,8.3,0,63024,0,16,0, 
35.0167,-1.1,10.4,4.7,1.6,3.3,1.8,4.2,0,63030,0,17,0, 
35.0200,0.2,6.7,-1.1,2.2,2.8,-5.1,-0.2,0,63036,0,18,0, 
35.0233,2.9,4.0,-2.1,3.7,3.4,-11.1,-2.3,0,63042,0,19,0, 
35.0267,6.1,3.9,1.9,5.7,5.0,-12.5,-0.1,0,63048,0,20,0, 
35.0300,9.5,6.7,7.7,7.0,6.3,-8.0,5.5,0,63054,0,21,0, 
35.0333,12.4,10.9,12.2,7.0,6.2,0.1,11.5,0,63060,0,22,0, 
35.0367,14.6,14.2,13.6,5.5,3.9,6.9,14.7,0,63066,0,23,0, 
35.0400,15.9,15.4,12.4,3.6,0.1,8.1,14.1,0,63072,0,24,0, 
35.0433,16.0,14.2,9.8,2.4,-3.3,3.2,11.3,0,63078,0,25,0, 
35.0467,14.9,11.3,6.8,2.5,-4.2,-4.2,8.8,0,63084,0,26,0, 
35.0500,12.6,7.5,3.8,3.1,-1.4,-8.9,7.6,0,63090,0,27,0, 
35.0533,9.8,4.0,1.2,3.1,3.6,-7.5,7.3,0,63096,0,28,0, 
35.0567,7.5,1.3,0.0,2.0,7.6,-1.5,6.0,0,63102,0,29,0, 
35.0600,6.8,0.0,1.0,0.5,7.8,4.6,3.4,0,63108,0,30,0, 
35.0633,7.7,-0.1,3.6,-0.3,3.7,6.2,0.2,0,63114,0,31,0, 
35.0667,9.4,0.3,5.8,0.4,-1.9,2.1,-1.6,0,63120,0,32,0, 
35.0700,10.6,0.4,5.8,2.1,-4.6,-4.5,-0.8,0,63126,0,33,0, 
35.0733,10.4,0.3,3.3,3.7,-2.3,-8.8,2.1,0,63132,0,34,0, 
35.0767,9.1,0.9,0.8,4.3,3.4,-7.6,5.6,0,63138,0,35,0, 
35.0800,7.9,3.2,1.9,4.2,8.4,-1.6,8.1,0,63144,0,36,0, 
35.0833,7.9,7.4,7.7,4.3,9.4,5.4,9.1,0,63150,0,37,0, 
35.0867,9.3,11.9,16.3,5.2,6.5,9.6,9.1,0,63156,0,38,0, 
35.0900,11.1,14.6,23.0,6.6,2.7,9.6,9.0,0,63162,0,39,0, 
35.0933,12.1,14.3,24.1,7.2,1.4,6.6,9.1,0,63168,0,40,0, 
35.0967,11.7,11.7,19.4,6.2,2.9,3.1,9.2,0,63174,0,41,0, 
35.1000,10.7,9.0,12.2,3.8,5.0,0.4,8.5,0,63180,0,42,0, 
35.1033,10.4,8.0,6.3,1.3,5.0,-2.0,6.6,0,63186,0,43,0, 
35.1067,11.5,8.3,3.5,0.4,2.3,-4.4,3.8,0,63192,0,44,0, 
35.1100,13.5,8.4,2.8,1.2,-0.5,-6.2,0.7,0,63198,0,45,0, 
35.1133,15.3,6.6,1.9,2.9,-0.6,-5.7,-1.5,0,63204,0,46,0, 
35.1167,15.7,3.1,0.1,3.8,3.0,-1.7,-1.7,0,63210,0,47,0, 
35.1200,15.0,0.2,-1.1,3.1,7.7,4.5,0.1,0,63216,0,48,0, 
35.1233,14.0,0.0,0.4,1.0,10.0,9.8,3.1,0,63222,0,49,0, 
35.1267,13.5,2.9,4.8,-0.9,8.4,11.3,6.1,0,63228,0,50,0, 
35.1300,13.2,6.7,9.5,-1.6,4.2,9.0,7.4,0,63234,0,51,0, 
35.1333,12.6,8.3,10.6,-0.8,1.0,5.1,6.7,0,63240,0,52,0, 
35.1367,11.0,6.1,6.6,0.6,1.1,2.3,4.2,0,63246,0,53,0, 
35.1400,8.6,1.1,-0.3,1.3,4.0,1.4,1.2,0,63252,0,54,0, 
35.1433,6.3,-3.5,-5.1,1.0,6.9,0.5,-1.4,0,63258,0,55,0, 
35.1467,4.7,-5.1,-4.1,-0.1,7.2,-2.0,-2.7,0,63264,0,56,0, 
35.1500,3.8,-3.6,1.6,-0.8,4.6,-6.0,-2.8,0,63270,0,57,0, 
35.1533,3.1,-1.8,7.0,-0.7,1.4,-9.4,-2.5,0,63276,0,58,0, 
35.1567,2.0,-2.7,6.6,0.0,0.5,-10.1,-3.0,0,63282,0,59,0, 
35.1600,0.7,-7.4,-1.1,0.4,2.5,-8.5,-4.9,0,63288,0,60,0, 
35.1633,-0.3,-13.9,-12.0,-0.3,5.7,-7.5,-8.2,0,63294,0,61,0, 
35.1667,-0.4,-18.5,-19.2,-1.9,6.8,-9.1,-11.5,0,63300,0,62,0, 
35.1700,0.5,-18.4,-18.7,-3.5,4.0,-12.7,-13.6,0,63306,0,63,0, 
35.1733,1.7,-14.0,-12.0,-4.2,-1.4,-14.8,-13.2,0,63312,0,64,0, 
35.1767,2.8,-8.4,-4.8,-3.8,-6.3,-12.4,-11.0,0,63318,0,65,0, 
35.1800,3.3,-5.0,-2.4,-2.8,-7.6,-5.8,-8.4,0,63324,0,66,0, 
35.1833,3.5,-5.1,-4.8,-1.8,-5.4,0.7,-6.7,0,63330,0,67,0, 
35.1867,3.5,-7.0,-7.8,-1.0,-1.9,2.9,-6.5,0,63336,0,68,0, 
35.1900,3.2,-7.7,-6.4,0.1,-0.7,-0.4,-6.8,0,63342,0,69,0, 
35.1933,2.3,-5.7,0.2,1.7,-2.9,-5.9,-6.5,0,63348,0,70,0, 
35.1967,0.7,-1.8,7.5,3.5,-7.2,-9.1,-5.1,0,63354,0,71,0, 
35.2000,-1.5,1.0,9.9,4.5,-10.3,-8.3,-3.5,0,63360,0,72,0, 
35.2033,-3.7,0.4,5.5,3.8,-9.7,-5.7,-2.9,0,63366,0,73,0, 
35.2067,-5.3,-3.4,-2.3,1.4,-5.5,-5.1,-3.8,0,63372,0,74,0, 
35.2100,-6.1,-7.6,-7.1,-1.6,0.2,-7.9,-5.0,0,63378,0,75,0, 
35.2133,-6.3,-9.5,-5.0,-3.4,4.7,-11.4,-4.5,0,63384,0,76,0, 
35.2167,-6.5,-7.8,2.4,-3.3,6.8,-10.8,-1.4,0,63390,0,77,0, 
35.2200,-6.9,-4.3,9.2,-1.6,7.0,-4.3,3.1,0,63396,0,78,0, 
35.2233,-7.4,-1.5,10.0,0.3,6.5,4.7,6.7,0,63402,0,79,0, 
35.2267,-7.3,-1.6,3.8,1.3,6.0,9.6,7.1,0,63408,0,80,0, 
35.2300,-6.1,-4.3,-5.5,1.0,5.3,6.2,4.0,0,63414,0,81,0, 
35.2333,-4.0,-7.6,-12.6,-0.1,4.0,-3.9,-0.9,0,63420,0,82,0, 
35.2367,-1.9,-9.6,-14.4,-1.2,2.3,-13.3,-4.9,0,63426,0,83,0, 
35.2400,-1.2,-9.7,-11.5,-2.0,1.2,-14.9,-6.6,0,63432,0,84,0, 
35.2433,-2.5,-9.0,-6.7,-2.2,1.1,-7.3,-6.2,0,63438,0,85,0, 
35.2467,-5.2,-8.7,-2.6,-2.0,1.7,3.3,-5.2,0,63444,0,86,0, 
35.2500,-7.5,-9.2,0.1,-1.0,1.5,8.3,-5.0,0,63450,0,87,0, 
35.2533,-7.6,-9.8,1.8,0.9,-0.4,3.0,-5.9,0,63456,0,88,0, 
35.2567,-5.2,-9.0,2.9,3.4,-3.4,-9.4,-7.2,0,63462,0,89,0, 
35.2600,-1.4,-6.1,3.6,5.4,-5.2,-20.2,-7.8,0,63468,0,90,0, 
35.2633,1.4,-1.7,3.7,6.1,-4.0,-22.2,-7.5,0,63474,0,91,0, 
35.2667,2.0,2.5,3.4,5.0,0.1,-14.7,-6.7,0,63480,0,92,0, 
35.2700,0.8,4.9,3.0,3.0,4.5,-4.6,-6.3,0,63486,0,93,0, 
35.2733,-0.5,5.0,3.0,1.3,6.2,0.1,-6.4,0,63492,0,94,0, 
35.2767,0.1,3.3,3.0,0.8,4.4,-3.2,-6.8,0,63498,0,95,0, 
35.2800,3.0,1.4,2.8,1.3,0.7,-10.0,-6.2,0,63504,0,96,0, 
35.2833,6.7,0.6,2.6,1.9,-1.5,-12.1,-3.5,0,63510,0,97,0, 
35.2867,9.4,1.0,2.9,1.9,-0.5,-5.0,1.2,0,63516,0,98,0, 
35.2900,10.0,2.1,3.8,1.2,2.7,8.0,6.7,0,63522,0,99,0, 
35.2933,9.1,2.8,4.7,0.4,5.1,18.2,11.2,0,63528,0,100,0, 
35.2967,8.1,2.6,4.3,-0.3,4.6,18.5,13.0,0,63534,0,101,0, 
35.3000,7.9,1.5,2.1,-0.7,1.8,8.9,12.2,0,63540,0,102,0, 
35.3033,7.8,0.3,-0.7,-1.3,-0.2,-3.2,9.8,0,63546,0,103,0, 
35.3067,6.8,-0.5,-2.1,-2.2,0.9,-8.9,7.7,0,63552,0,104,0, 
35.3100,4.2,-0.5,-0.7,-2.7,4.9,-4.5,6.6,0,63558,0,105,0, 
35.3133,0.5,-0.1,2.7,-2.2,9.0,5.6,6.2,0,63564,0,106,0, 
35.3167,-2.5,0.0,5.4,-0.6,10.2,12.5,5.0,0,63570,0,107,0, 
35.3200,-3.2,-0.5,4.9,1.3,7.7,9.9,2.3,0,63576,0,108,0, 
35.3233,-0.9,-1.3,0.9,2.1,2.9,-1.0,-1.2,0,63582,0,109,0, 
35.3267,3.5,-1.6,-3.7,1.3,-1.6,-13.1,-3.9,0,63588,0,110,0, 
35.3300,8.3,-0.7,-5.9,-0.5,-4.2,-18.4,-4.1,0,63594,0,111,0, 
35.3333,11.9,1.6,-4.4,-1.9,-5.1,-13.9,-1.9,0,63600,0,112,0, 
35.3367,13.3,3.8,-1.3,-2.0,-4.9,-3.2,1.4,0,63606,0,113,0, 
35.3400,12.3,4.6,0.0,-1.2,-3.6,7.0,3.8,0,63612,0,114,0, 
35.3433,9.5,2.8,-2.2,-0.6,-1.4,11.2,4.1,0,63618,0,115,0, 
35.3467,5.9,-1.1,-6.4,-1.5,0.8,8.5,2.4,0,63624,0,116,0, 
35.3500,2.6,-5.7,-9.3,-3.9,1.5,1.5,-0.8,0,63630,0,117,0, 
35.3533,0.1,-9.4,-9.4,-6.5,-0.2,-5.8,-4.7,0,63636,0,118,0, 
35.3567,-1.7,-12.1,-8.3,-7.9,-3.3,-10.5,-9.1,0,63642,0,119,0, 
35.3600,-3.6,-14.7,-9.5,-7.5,-5.4,-11.3,-13.5,0,63648,0,120,0, 
35.3633,-6.0,-18.0,-14.6,-5.8,-4.7,-8.3,-16.9,0,63654,0,121,0, 
35.3667,-8.4,-21.4,-21.3,-4.0,-2.1,-2.7,-18.2,0,63660,0,122,0, 
35.3700,-9.7,-23.1,-24.2,-3.0,-0.6,3.1,-17.1,0,63666,0,123,0, 
35.3733,-8.5,-21.3,-19.5,-2.9,-2.7,5.9,-14.6,0,63672,0,124,0, 
35.3767,-5.0,-16.0,-8.6,-3.6,-7.1,4.0,-12.9,0,63678,0,125,0, 
35.3800,-0.9,-9.9,2.3,-4.6,-9.4,-1.6,-13.1,0,63684,0,126,0, 
35.3833,1.7,-6.4,6.1,-5.9,-5.8,-7.0,-14.8,0,63690,0,127,0, 
35.3867,1.7,-7.2,0.8,-7.2,3.2,-8.0,-16.0,0,63696,0,128,0, 
35.3900,0.1,-11.1,-9.8,-8.2,11.8,-3.3,-14.7,0,63702,0,129,0, 
35.3933,-1.2,-14.4,-18.3,-8.2,14.2,4.1,-10.5,0,63708,0,130,0, 
35.3967,-0.6,-14.3,-19.7,-7.1,8.5,9.7,-4.7,0,63714,0,131,0, 
35.4000,1.5,-10.3,-14.1,-5.4,-0.6,10.9,0.6,0,63720,0,132,0, 
35.4033,3.3,-4.9,-6.5,-4.1,-6.2,9.4,4.7,0,63726,0,133,0, 
35.4067,3.0,-1.3,-2.3,-3.8,-4.5,9.4,7.5,0,63732,0,134,0, 
35.4100,0.4,-1.5,-3.6,-4.3,2.5,13.1,9.8,0,63738,0,135,0, 
35.4133,-3.0,-4.6,-8.2,-5.0,9.0,18.4,11.2,0,63744,0,136,0, 
35.4167,-5.3,-8.4,-11.8,-5.0,10.8,20.6,10.7,0,63750,0,137,0, 
35.4200,-5.8,-10.5,-11.5,-4.4,7.9,16.8,7.8,0,63756,0,138,0, 
35.4233,-5.2,-10.1,-7.4,-3.5,3.9,9.0,3.2,0,63762,0,139,0, 
35.4267,-4.7,-7.7,-1.6,-2.6,2.0,2.7,-1.0,0,63768,0,140,0, 
35.4300,-4.8,-4.6,3.4,-1.8,2.2,2.1,-3.0,0,63774,0,141,0, 
35.4333,-5.0,-1.8,6.1,-0.7,2.4,6.2,-2.7,0,63780,0,142,0, 
35.4367,-4.7,0.0,6.4,0.7,1.0,9.9,-1.5,0,63786,0,143,0, 
35.4400,-3.9,0.4,4.5,1.9,-0.8,9.0,-1.2,0,63792,0,144,0, 
35.4433,-3.4,-0.9,0.6,2.0,-0.8,3.9,-2.7,0,63798,0,145,0, 
35.4467,-4.0,-3.9,-5.0,0.7,1.7,-0.8,-5.5,0,63804,0,146,0, 
35.4500,-5.8,-8.0,-11.2,-1.7,4.5,-1.0,-8.5,0,63810,0,147,0, 
35.4533,-8.2,-12.4,-16.5,-3.9,4.6,2.5,-11.1,0,63816,0,148,0, 
35.4567,-10.5,-16.1,-19.4,-5.0,1.1,4.8,-13.5,0,63822,0,149,0, 
35.4600,-12.1,-18.7,-19.6,-4.8,-3.8,1.2,-15.7,0,63828,0,150,0, 
35.4633,-13.2,-20.1,-18.6,-4.4,-6.4,-8.2,-17.3,0,63834,0,151,0, 
35.4667,-14.0,-20.3,-17.7,-4.8,-4.9,-17.9,-17.7,0,63840,0,152,0, 
35.4700,-14.1,-19.8,-17.8,-6.4,-0.9,-21.6,-16.9,0,63846,0,153,0, 
35.4733,-13.4,-18.9,-18.1,-8.5,2.2,-17.5,-16.1,0,63852,0,154,0, 
35.4767,-11.9,-18.1,-17.1,-9.6,1.9,-9.6,-16.6,0,63858,0,155,0, 
35.4800,-9.8,-17.7,-14.7,-8.5,-1.3,-3.8,-18.5,0,63864,0,156,0, 
35.4833,-7.8,-17.7,-12.1,-5.4,-4.9,-3.9,-20.9,0,63870,0,157,0, 
35.4867,-6.2,-17.4,-10.6,-1.6,-6.8,-8.9,-21.6,0,63876,0,158,0, 
35.4900,-5.0,-15.8,-10.2,1.4,-6.8,-14.9,-19.9,0,63882,0,159,0, 
35.4933,-4.5,-12.3,-8.7,2.7,-5.7,-18.9,-16.3,0,63888,0,160,0, 
35.4967,-4.9,-7.1,-3.7,2.9,-4.5,-20.0,-12.5,0,63894,0,161,0, 
35.5000,-6.1,-1.7,4.6,2.9,-3.2,-19.0,-10.0,0,63900,0,162,0, 
35.5033,-7.6,2.1,12.3,3.1,-1.8,-16.5,-8.7,0,63906,0,163,0, 
35.5067,-8.3,3.2,14.3,3.3,-0.7,-12.2,-7.8,0,63912,0,164,0, 
35.5100,-7.4,2.1,8.5,3.1,-1.1,-6.5,-6.6,0,63918,0,165,0, 
35.5133,-5.5,0.4,-2.0,2.2,-3.5,-1.7,-5.5,0,63924,0,166,0, 
35.5167,-3.8,-0.2,-10.2,1.4,-6.8,-0.9,-5.3,0,63930,0,167,0, 
35.5200,-3.7,1.2,-10.6,1.4,-8.8,-5.4,-6.4,0,63936,0,168,0, 
35.5233,-5.1,4.0,-3.4,2.3,-8.2,-12.7,-8.2,0,63942,0,169,0, 
35.5267,-6.5,6.6,5.7,3.5,-5.5,-17.6,-9.1,0,63948,0,170,0, 
35.5300,-6.3,7.6,10.3,4.3,-2.6,-15.8,-8.1,0,63954,0,171,0, 
35.5333,-4.3,6.7,7.9,4.1,-1.3,-7.7,-5.5,0,63960,0,172,0, 
35.5367,-2.6,4.9,1.8,3.4,-1.3,1.9,-2.5,0,63966,0,173,0, 
35.5400,-3.2,3.4,-2.7,2.9,-1.1,7.1,-0.7,0,63972,0,174,0, 
35.5433,-6.8,2.6,-2.9,2.7,0.9,5.3,-0.5,0,63978,0,175,0, 
35.5467,-11.4,1.6,-0.2,2.5,4.3,-1.0,-1.5,0,63984,0,176,0, 
35.5500,-13.8,-0.3,2.0,1.9,7.1,-6.2,-2.7,0,63990,0,177,0, 
35.5533,-12.2,-3.5,1.8,0.9,7.4,-6.3,-3.3,0,63996,0,178,0, 
35.5567,-7.4,-7.0,0.4,0.2,5.1,-1.6,-3.2,0,64002,0,179,0, 
35.5600,-2.5,-9.5,-0.2,0.3,1.8,3.6,-3.1,0,64008,0,180,0, 
35.5633,0.0,-10.4,0.0,1.2,-0.7,4.7,-3.4,0,64014,0,181,0, 
35.5667,-0.4,-10.3,-0.8,1.6,-1.7,0.4,-4.9,0,64020,0,182,0, 
35.5700,-2.1,-10.2,-4.8,0.7,-2.0,-6.9,-7.1,0,64026,0,183,0, 
35.5733,-2.9,-10.3,-10.7,-1.4,-2.8,-12.7,-8.9,0,64032,0,184,0, 
35.5767,-2.2,-10.1,-14.8,-3.6,-4.1,-13.5,-8.8,0,64038,0,185,0, 
35.5800,-0.8,-8.4,-13.4,-4.5,-4.7,-8.5,-5.9,0,64044,0,186,0, 
35.5833,0.0,-5.1,-6.8,-3.7,-2.9,0.1,-0.7,0,64050,0,187,0, 
35.5867,-0.4,-1.1,1.4,-1.6,1.5,9.2,5.1,0,64056,0,188,0, 
35.5900,-1.4,2.4,6.7,0.5,6.6,15.8,9.5,0,64062,0,189,0, 
35.5933,-1.9,4.5,7.5,1.9,9.9,18.0,11.5,0,64068,0,190,0, 
35.5967,-1.5,5.8,6.0,2.5,9.7,15.3,11.5,0,64074,0,191,0, 
35.6000,-0.7,7.1,5.3,2.7,6.2,8.6,10.6,0,64080,0,192,0, 
35.6033,-0.1,8.8,6.8,2.5,1.3,0.6,9.8,0,64086,0,193,0, 
35.6067,0.4,10.0,9.0,1.7,-3.0,-5.7,9.1,0,64092,0,194,0, 
35.6100,1.5,9.6,9.2,0.1,-5.7,-7.6,8.0,0,64098,0,195,0, 
35.6133,3.6,7.3,6.6,-1.9,-6.7,-5.0,6.2,0,64104,0,196,0, 
35.6167,6.5,4.2,3.0,-3.6,-6.1,0.3,4.6,0,64110,0,197,0, 
35.6200,8.6,2.0,1.2,-4.3,-3.7,4.8,4.0,0,64116,0,198,0, 
35.6233,8.8,1.7,2.4,-3.8,1.0,6.4,4.7,0,64122,0,199,0, 
35.6267,6.7,2.8,5.4,-2.4,7.0,4.8,5.7,0,64128,0,200,0, 
35.6300,3.3,3.8,7.6,-1.0,12.4,1.8,6.2,0,64134,0,201,0, 
35.6333,0.4,3.4,7.0,-0.4,14.0,0.1,5.7,0,64140,0,202,0, 
35.6367,-0.8,1.2,3.4,-0.9,10.6,1.2,5.2,0,64146,0,203,0, 
35.6400,-0.5,-1.8,-1.7,-2.6,3.5,4.9,5.9,0,64152,0,204,0, 
35.6433,0.3,-4.4,-5.8,-4.8,-3.4,9.7,7.9,0,64158,0,205,0, 
35.6467,0.1,-5.8,-6.9,-6.3,-6.3,13.4,9.5,0,64164,0,206,0, 
35.6500,-1.5,-6.3,-4.6,-6.3,-3.8,14.1,8.7,0,64170,0,207,0, 
35.6533,-3.9,-6.6,-0.2,-4.3,1.8,11.4,4.8,0,64176,0,208,0, 
35.6567,-5.5,-7.3,3.7,-1.2,6.2,6.3,-0.8,0,64182,0,209,0, 
35.6600,-5.3,-8.6,4.6,1.2,6.5,0.9,-5.5,0,64188,0,210,0, 
35.6633,-3.1,-10.0,2.1,1.8,3.1,-2.8,-7.1,0,64194,0,211,0, 
35.6667,0.2,-10.5,-1.7,0.6,-1.2,-3.9,-5.7,0,64200,0,212,0, 
35.6700,3.3,-9.0,-3.3,-1.2,-3.1,-3.1,-3.0,0,64206,0,213,0, 
35.6733,5.3,-5.3,-0.9,-2.2,-1.8,-1.7,-1.2,0,64212,0,214,0, 
35.6767,6.1,0.0,4.2,-1.9,1.2,-0.8,-0.7,0,64218,0,215,0, 
35.6800,6.1,5.0,8.3,-1.0,3.7,-0.2,-0.7,0,64224,0,216,0, 
35.6833,5.9,8.0,8.1,-0.4,4.8,0.9,0.2,0,64230,0,217,0, 
35.6867,5.8,8.5,3.9,-0.4,5.5,3.2,2.7,0,64236,0,218,0, 
35.6900,5.9,7.2,-0.8,-0.3,6.9,5.7,5.8,0,64242,0,219,0, 
35.6933,6.2,5.5,-1.9,0.5,8.8,6.5,7.6,0,64248,0,220,0, 
35.6967,6.7,4.2,0.9,1.6,9.2,4.1,6.9,0,64254,0,221,0, 
35.7000,7.2,3.1,4.6,1.9,6.4,-0.7,3.2,0,64260,0,222,0, 
35.7033,7.0,1.2,5.0,0.5,0.6,-5.2,-2.1,0,64266,0,223,0, 
35.7067,5.5,-1.7,0.9,-2.0,-5.0,-6.3,-7.0,0,64272,0,224,0, 
35.7100,2.6,-4.7,-4.7,-3.8,-6.9,-3.2,-9.6,0,64278,0,225,0, 
35.7133,-0.5,-6.0,-7.8,-3.4,-4.1,1.9,-9.0,0,64284,0,226,0, 
35.7167,-2.4,-4.9,-6.8,-1.2,1.2,5.1,-6.2,0,64290,0,227,0, 
35.7200,-1.8,-1.9,-3.4,1.2,5.1,3.8,-3.0,0,64296,0,228,0, 
35.7233,0.9,1.3,-0.6,2.1,4.9,-1.0,-1.1,0,64302,0,229,0, 
35.7267,4.1,3.4,0.7,1.4,1.6,-5.4,-0.7,0,64308,0,230,0, 
35.7300,5.9,4.7,2.5,0.5,-1.5,-5.1,-0.3,0,64314,0,231,0, 
35.7333,5.5,6.3,6.8,1.0,-1.6,0.9,2.1,0,64320,0,232,0, 
35.7367,3.9,8.8,12.4,2.9,1.5,9.7,7.2,0,64326,0,233,0, 
35.7400,2.9,11.5,15.4,4.6,4.8,16.3,13.2,0,64332,0,234,0, 
35.7433,3.5,12.7,12.4,4.4,5.4,16.8,16.9,0,64338,0,235,0, 
35.7467,5.2,11.4,4.5,2.0,2.5,10.9,15.9,0,64344,0,236,0, 
35.7500,5.9,7.7,-3.2,-0.9,-1.3,2.2,10.3,0,64350,0,237,0, 
35.7533,4.3,2.8,-5.8,-2.5,-2.7,-4.8,3.0,0,64356,0,238,0, 
35.7567,0.6,-1.6,-2.6,-2.2,-0.7,-7.3,-2.4,0,64362,0,239,0, 
35.7600,-3.2,-4.7,2.2,-1.0,2.7,-5.5,-4.0,0,64368,0,240,0, 
35.7633,-5.0,-6.4,3.5,-0.2,4.2,-2.3,-2.8,0,64374,0,241,0, 
35.7667,-3.7,-6.7,-0.1,-0.1,2.2,-0.9,-1.4,0,64380,0,242,0, 
35.7700,-0.5,-5.7,-5.0,0.1,-1.9,-2.9,-1.5,0,64386,0,243,0, 
35.7733,2.7,-3.6,-6.8,1.5,-4.7,-7.0,-2.9,0,64392,0,244,0, 
35.7767,4.6,-1.6,-4.4,3.8,-4.3,-10.5,-3.9,0,64398,0,245,0, 
35.7800,5.1,-0.5,-0.8,5.3,-1.4,-10.8,-3.1,0,64404,0,246,0, 
35.7833,4.9,-0.8,0.2,4.7,1.2,-7.1,-0.3,0,64410,0,247,0, 
35.7867,4.8,-1.9,-1.9,2.2,1.4,-1.1,2.7,0,64416,0,248,0, 
35.7900,4.9,-2.5,-4.1,-0.6,-0.2,4.3,4.5,0,64422,0,249,0, 
35.7933,4.5,-2.1,-3.0,-1.5,-1.3,6.8,4.6,0,64428,0,250,0, 
35.7967,3.1,-1.3,1.5,0.3,0.3,6.1,3.9,0,64434,0,251,0, 
35.8000,0.8,-1.6,5.7,3.5,4.1,3.5,3.6,0,64440,0,252,0, 
35.8033,-1.3,-3.4,6.1,6.3,7.3,0.9,3.9,0,64446,0,253,0, 
35.8067,-2.3,-5.5,2.8,7.4,7.2,-1.4,4.2,0,64452,0,254,0, 
35.8100,-2.1,-6.2,-0.1,6.6,3.6,-3.9,3.5,0,64458,0,255,0, 
35.8133,-0.9,-4.6,1.3,5.2,-1.2,-6.9,1.2,0,64464,0,0,0, 
35.8167,0.4,-1.6,6.8,3.9,-4.5,-9.8,-1.9,0,64470,0,1,0, 
35.8200,1.6,0.5,12.2,3.3,-5.0,-10.6,-4.8,0,64476,0,2,0, 
35.8233,2.6,0.4,12.7,3.1,-3.7,-8.1,-6.4,0,64482,0,3,0, 
35.8267,4.0,-1.4,7.4,3.2,-2.8,-3.2,-6.6,0,64488,0,4,0, 
35.8300,6.0,-3.3,-0.1,3.4,-3.0,1.0,-5.6,0,64494,0,5,0, 
35.8333,8.5,-3.5,-5.1,3.8,-3.4,2.2,-3.5,0,64500,0,6,0, 
35.8367,10.8,-2.2,-5.1,4.2,-2.6,0.2,-0.7,0,64506,0,7,0, 
35.8400,11.9,-0.5,-1.2,4.2,0.0,-2.0,2.8,0,64512,0,8,0, 
35.8433,11.0,0.6,3.9,3.7,3.2,-1.5,6.4,0,64518,0,9,0, 
35.8467,8.3,1.2,8.0,2.7,4.9,2.2,9.1,0,64524,0,10,0, 
35.8500,4.5,2.0,10.6,1.6,3.9,6.2,10.1,0,64530,0,11,0, 
35.8533,1.1,2.8,11.0,0.6,0.8,6.3,8.8,0,64536,0,12,0, 
35.8567,-0.7,2.6,8.0,-0.1,-2.4,1.5,5.8,0,64542,0,13,0, 
35.8600,-0.8,0.2,1.2,-0.7,-3.9,-5.1,2.6,0,64548,0,14,0, 
35.8633,0.0,-4.0,-7.3,-1.0,-3.4,-8.2,0.9,0,64554,0,15,0, 
35.8667,0.5,-7.2,-12.8,-1.0,-1.8,-5.1,1.6,0,64560,0,16,0, 
35.8700,0.1,-6.4,-11.0,-0.6,-0.7,1.7,4.4,0,64566,0,17,0, 
35.8733,-0.8,-0.7,-1.8,0.1,-0.7,6.1,7.4,0,64572,0,18,0, 
35.8767,-1.0,7.2,9.5,1.2,-1.5,3.3,8.4,0,64578,0,19,0, 
35.8800,0.3,12.8,15.3,2.4,-2.1,-5.4,6.6,0,64584,0,20,0, 
35.8833,2.5,12.6,11.7,3.7,-1.3,-13.2,3.4,0,64590,0,21,0, 
35.8867,4.6,7.0,1.3,4.7,1.1,-12.9,1.4,0,64596,0,22,0, 
35.8900,5.5,-0.1,-8.5,5.0,4.5,-2.8,2.8,0,64602,0,23,0, 
35.8933,5.5,-4.3,-11.4,4.1,7.7,11.1,7.1,0,64608,0,24,0, 
35.8967,5.9,-3.6,-6.6,2.1,9.2,19.2,11.5,0,64614,0,25,0, 
35.9000,7.5,0.1,1.0,-0.3,8.3,15.4,12.1,0,64620,0,26,0, 
35.9033,10.3,3.0,5.1,-1.8,5.0,1.2,7.0,0,64626,0,27,0, 
35.9067,12.9,2.2,2.9,-2.0,0.5,-15.1,-2.4,0,64632,0,28,0, 
35.9100,13.7,-2.1,-3.6,-1.2,-3.7,-24.3,-11.9,0,64638,0,29,0, 
35.9133,12.4,-7.6,-10.1,-0.3,-5.9,-22.5,-17.1,0,64644,0,30,0, 
35.9167,10.1,-11.2,-13.3,0.0,-5.4,-12.9,-16.2,0,64650,0,31,0, 
35.9200,8.5,-11.5,-13.0,-0.1,-2.5,-2.3,-10.8,0,64656,0,32,0, 
35.9233,8.9,-9.2,-10.4,0.1,1.1,3.7,-4.6,0,64662,0,33,0, 
35.9267,11.0,-5.8,-6.6,1.1,3.5,4.0,-0.5,0,64668,0,34,0, 
35.9300,13.3,-2.5,-1.3,2.8,3.6,1.3,0.7,0,64674,0,35,0, 
35.9333,14.3,0.0,5.4,4.1,1.6,-1.5,0.7,0,64680,0,36,0, 
35.9367,13.5,2.0,11.8,4.2,-0.8,-2.8,1.6,0,64686,0,37,0, 
35.9400,12.0,3.4,14.6,3.0,-1.7,-3.1,4.4,0,64692,0,38,0, 
35.9433,11.0,3.8,11.8,1.5,-0.3,-2.4,8.1,0,64698,0,39,0, 
35.9467,11.4,2.8,4.3,0.2,2.9,0.4,11.3,0,64704,0,40,0, 
35.9500,12.4,0.7,-3.5,-0.5,6.2,5.8,12.6,0,64710,0,41,0, 
35.9533,12.7,-1.5,-6.6,-0.9,7.9,11.9,11.7,0,64716,0,42,0, 
35.9567,11.3,-2.8,-3.0,-1.0,7.2,14.3,9.0,0,64722,0,43,0, 
35.9600,8.1,-2.9,4.2,-0.6,4.2,8.9,5.5,0,64728,0,44,0, 
35.9633,4.1,-2.1,9.2,0.5,0.2,-4.0,2.0,0,64734,0,45,0, 
35.9667,0.4,-1.7,7.6,2.3,-3.7,-18.1,-1.0,0,64740,0,46,0, 
35.9700,-2.3,-1.9,0.3,3.8,-6.3,-25.2,-2.6,0,64746,0,47,0, 
35.9733,-4.1,-2.3,-6.8,4.5,-7.2,-20.5,-2.5,0,64752,0,48,0, 
35.9767,-5.1,-1.3,-6.9,4.1,-6.5,-6.9,-0.9,0,64758,0,49,0, 
35.9800,-5.2,2.3,2.7,3.5,-4.9,6.8,1.7,0,64764,0,50,0, 
35.9833,-3.8,8.0,17.9,3.8,-3.4,12.4,4.3,0,64770,0,51,0, 
35.9867,-0.5,13.5,30.3,4.9,-2.8,7.7,6.5,0,64776,0,52,0, 
35.9900,4.1,16.0,32.5,5.9,-2.8,-2.3,8.2,0,64782,0,53,0, 
35.9933,8.1,14.1,23.6,5.7,-2.1,-9.6,9.7,0,64788,0,54,0, 
35.9967,9.9,9.0,9.5,3.9,0.3,-8.9,11.4,0,64794,0,55,0, 
36.0000,8.7,4.1,-0.8,1.5,4.1,-1.2,13.0,0,64800,0,56,0, 
36.0033,5.7,2.5,-1.3,0.2,7.5,9.0,14.3,0,64806,0,57,0, 
36.0067,2.8,5.3,7.3,0.8,8.2,16.8,14.7,0,64812,0,58,0, 
36.0100,1.6,10.4,18.5,2.8,5.2,20.1,14.2,0,64818,0,59,0, 
36.0133,2.0,14.1,24.6,4.8,-0.2,18.9,12.7,0,64824,0,60,0, 
36.0167,2.9,13.7,22.0,5.7,-5.0,13.7,10.3,0,64830,0,61,0, 
36.0200,3.0,9.0,12.5,5.3,-6.9,5.5,7.1,0,64836,0,62,0, 
36.0233,2.2,2.3,1.2,4.0,-5.6,-3.8,3.6,0,64842,0,63,0, 
36.0267,1.6,-3.4,-7.0,2.7,-3.2,-10.3,0.3,0,64848,0,64,0, 
36.0300,2.0,-6.4,-10.2,1.2,-1.6,-10.2,-2.1,0,64854,0,65,0, 
36.0333,3.3,-6.7,-9.1,-0.7,-1.7,-3.1,-3.2,0,64860,0,66,0, 
36.0367,4.4,-5.7,-5.6,-2.9,-2.3,6.2,-3.4,0,64866,0,67,0, 
36.0400,4.3,-4.6,-0.8,-4.6,-2.3,10.7,-3.5,0,64872,0,68,0, 
36.0433,3.1,-4.1,4.4,-4.7,-1.8,6.0,-4.2,0,64878,0,69,0, 
36.0467,1.7,-4.3,8.6,-3.0,-2.2,-5.2,-5.6,0,64884,0,70,0, 
36.0500,0.9,-5.0,9.8,-0.4,-4.7,-14.6,-7.0,0,64890,0,71,0, 
36.0533,0.7,-6.2,6.7,1.7,-8.7,-14.6,-7.5,0,64896,0,72,0, 
36.0567,0.0,-7.4,0.6,2.1,-11.7,-4.6,-6.8,0,64902,0,73,0, 
36.0600,-1.9,-7.6,-4.8,1.1,-11.5,8.1,-5.2,0,64908,0,74,0, 
36.0633,-4.2,-6.2,-5.4,-0.1,-8.3,13.9,-4.0,0,64914,0,75,0, 
36.0667,-5.7,-3.2,-0.3,0.0,-4.2,8.5,-4.0,0,64920,0,76,0, 
36.0700,-5.1,-0.2,7.6,1.3,-2.0,-3.8,-5.3,0,64926,0,77,0, 
36.0733,-3.3,1.3,13.2,2.9,-2.3,-13.8,-6.7,0,64932,0,78,0, 
36.0767,-1.8,0.5,13.0,3.3,-3.4,-14.8,-7.2,0,64938,0,79,0, 
36.0800,-2.0,-1.6,7.4,1.8,-3.2,-7.5,-6.1,0,64944,0,80,0, 
36.0833,-3.6,-2.9,0.4,-1.2,-1.1,1.2,-3.8,0,64950,0,81,0, 
36.0867,-4.5,-2.0,-3.7,-4.2,1.3,4.2,-1.5,0,64956,0,82,0, 
36.0900,-3.0,1.0,-3.3,-6.0,1.8,0.3,0.0,0,64962,0,83,0, 
36.0933,0.6,4.3,0.3,-6.2,0.2,-6.0,0.7,0,64968,0,84,0, 
36.0967,4.0,6.1,4.3,-5.1,-1.5,-8.1,1.3,0,64974,0,85,0, 
36.1000,4.8,5.6,7.3,-3.5,-1.5,-3.2,2.7,0,64980,0,86,0, 
36.1033,2.1,3.8,9.3,-2.0,0.7,6.2,5.2,0,64986,0,87,0, 
36.1067,-2.4,2.4,10.5,-0.7,2.9,14.6,8.0,0,64992,0,88,0, 
36.1100,-6.0,2.1,10.5,0.1,2.7,17.8,10.3,0,64998,0,89,0, 
36.1133,-6.7,2.8,8.0,0.3,-0.4,15.2,11.5,0,65004,0,90,0, 
36.1167,-4.9,3.7,3.1,-0.1,-4.5,9.5,11.8,0,65010,0,91,0, 
36.1200,-2.1,4.3,-1.8,-1.1,-6.6,3.9,11.9,0,65016,0,92,0, 
36.1233,-0.1,5.0,-3.0,-2.0,-5.5,0.7,12.4,0,65022,0,93,0, 
36.1267,0.8,6.5,1.6,-2.6,-2.1,0.6,13.3,0,65028,0,94,0, 
36.1300,1.4,8.8,10.3,-2.6,1.5,3.2,14.2,0,65034,0,95,0, 
36.1333,2.4,11.1,17.7,-2.2,4.3,7.1,14.3,0,65040,0,96,0, 
36.1367,4.3,11.8,18.4,-2.0,6.4,10.5,13.2,0,65046,0,97,0, 
36.1400,6.8,10.2,10.9,-2.4,8.2,11.6,11.1,0,65052,0,98,0, 
36.1433,9.3,6.8,-0.8,-3.5,9.3,9.9,9.0,0,65058,0,99,0, 
36.1467,11.4,3.0,-10.0,-4.9,8.6,6.9,7.6,0,65064,0,100,0, 
36.1500,12.9,0.4,-11.8,-6.0,6.2,5.8,7.1,0,65070,0,101,0, 
36.1533,13.5,-0.3,-6.3,-6.2,3.5,8.8,7.1,0,65076,0,102,0, 
36.1567,13.2,0.2,1.4,-5.3,2.7,14.8,6.6,0,65082,0,103,0, 
36.1600,12.3,0.6,5.5,-3.6,4.4,19.4,5.1,0,65088,0,104,0, 
36.1633,11.6,-0.1,3.9,-1.6,6.7,18.1,2.6,0,65094,0,105,0, 
36.1667,11.6,-1.4,-0.6,0.3,6.4,9.8,0.0,0,65100,0,106,0, 
36.1700,12.0,-2.4,-2.8,1.7,2.3,-0.8,-1.5,0,65106,0,107,0, 
36.1733,11.7,-2.2,0.4,2.7,-3.6,-7.0,-1.6,0,65112,0,108,0, 
36.1767,9.6,-1.1,7.5,3.3,-7.3,-4.6,-1.1,0,65118,0,109,0, 
36.1800,6.0,-0.3,13.7,3.5,-6.6,3.8,-1.3,0,65124,0,110,0, 
36.1833,2.5,-0.6,14.3,3.5,-2.7,10.7,-3.1,0,65130,0,111,0, 
36.1867,0.8,-2.5,8.2,2.9,0.8,9.5,-6.0,0,65136,0,112,0, 
36.1900,1.3,-5.2,-1.9,1.9,1.3,0.2,-8.2,0,65142,0,113,0, 
36.1933,2.6,-7.6,-11.5,0.4,-0.9,-10.0,-7.8,0,65148,0,114,0, 
36.1967,2.4,-9.1,-17.1,-1.3,-3.1,-12.9,-4.7,0,65154,0,115,0, 
36.2000,-0.2,-9.6,-17.9,-2.9,-3.1,-5.4,-0.3,0,65160,0,116,0, 
36.2033,-4.4,-9.6,-15.6,-4.2,-1.5,7.5,2.9,0,65166,0,117,0, 
36.2067,-7.7,-9.6,-12.8,-5.0,-0.5,16.5,3.4,0,65172,0,118,0, 
36.2100,-8.6,-10.0,-11.7,-5.4,-1.7,15.3,1.5,0,65178,0,119,0, 
36.2133,-7.2,-11.0,-13.2,-5.3,-3.8,5.5,-0.3,0,65184,0,120,0, 
36.2167,-5.4,-12.6,-15.7,-5.0,-4.3,-5.2,0.1,0,65190,0,121,0, 
36.2200,-4.8,-14.3,-16.6,-4.6,-1.4,-9.3,3.5,0,65196,0,122,0, 
36.2233,-5.8,-15.4,-13.5,-4.2,3.3,-5.1,8.0,0,65202,0,123,0, 
36.2267,-7.2,-15.2,-7.0,-3.8,6.8,3.5,11.0,0,65208,0,124,0, 
36.2300,-7.3,-13.6,-0.7,-3.4,6.5,10.4,10.9,0,65214,0,125,0, 
36.2333,-5.5,-11.1,0.4,-2.9,3.1,12.5,8.2,0,65220,0,126,0, 
36.2367,-2.5,-8.8,-5.5,-2.1,-0.4,11.1,4.9,0,65226,0,127,0, 
36.2400,0.2,-7.0,-15.0,-0.6,-1.5,9.2,2.9,0,65232,0,128,0, 
36.2433,1.9,-5.4,-20.9,1.7,0.3,8.1,2.5,0,65238,0,129,0, 
36.2467,2.8,-3.3,-17.6,4.3,2.9,6.7,2.2,0,65244,0,130,0, 
36.2500,3.6,-0.5,-6.1,6.2,3.8,3.5,0.2,0,65250,0,131,0, 
36.2533,5.0,1.7,6.3,6.9,2.4,-1.4,-3.4,0,65256,0,132,0, 
36.2567,6.6,2.4,11.5,6.3,0.3,-5.5,-6.9,0,65262,0,133,0, 
36.2600,7.3,1.6,7.8,5.3,-0.9,-6.2,-8.0,0,65268,0,134,0, 
36.2633,6.4,0.5,0.7,5.1,-0.4,-3.8,-6.0,0,65274,0,135,0, 
36.2667,4.0,0.8,-1.7,6.3,0.7,-1.3,-2.3,0,65280,0,136,0, 
36.2700,1.2,2.8,3.9,8.3,0.9,-2.1,0.2,0,65286,0,137,0, 
36.2733,-0.2,4.8,12.1,9.6,-0.4,-6.7,0.1,0,65292,0,138,0, 
36.2767,0.5,4.4,14.2,9.1,-2.6,-11.6,-1.8,0,65298,0,139,0, 
36.2800,2.6,0.9,5.9,6.9,-4.1,-11.9,-3.0,0,65304,0,140,0, 
36.2833,4.6,-4.2,-8.0,4.7,-3.8,-4.9,-1.1,0,65310,0,141,0, 
36.2867,4.6,-7.7,-17.2,4.0,-1.7,6.7,3.5,0,65316,0,142,0, 
36.2900,2.5,-7.4,-14.5,5.3,0.9,16.2,8.2,0,65322,0,143,0, 
36.2933,-0.2,-4.0,-2.8,7.0,2.3,17.5,9.8,0,65328,0,144,0, 
36.2967,-1.0,-0.3,7.6,7.1,1.6,9.1,7.9,0,65334,0,145,0, 
36.3000,1.6,1.3,7.2,4.4,-0.9,-3.9,4.7,0,65340,0,146,0, 
36.3033,6.5,0.3,-3.9,-0.1,-3.4,-13.2,4.0,0,65346,0,147,1, sound 
36.3067,11.1,-1.2,-16.6,-3.6,-3.5,-12.1,7.3,0,65352,0,148,0, 
36.3100,12.5,-0.6,-19.7,-4.1,-0.2,-0.7,13.3,0,65358,0,149,0, 
36.3133,10.0,2.4,-9.9,-1.2,5.0,14.5,17.7,0,65364,0,150,0, 
36.3167,5.6,6.0,5.9,3.0,9.1,24.0,17.1,0,65370,0,151,0, 
36.3200,2.1,7.3,16.1,6.2,9.4,21.8,11.0,0,65376,0,152,0, 
36.3233,1.6,5.1,13.4,6.7,5.5,9.7,2.7,0,65382,0,153,0, 
36.3267,3.6,0.6,0.4,5.0,0.0,-4.4,-3.5,0,65388,0,154,0, 
36.3300,5.7,-3.5,-13.2,2.8,-3.5,-11.3,-4.8,0,65394,0,155,0, 
36.3333,6.1,-5.3,-18.4,1.6,-3.3,-7.6,-1.9,0,65400,0,156,0, 
36.3367,4.5,-4.6,-13.0,2.0,-0.3,2.6,2.2,0,65406,0,157,0, 
36.3400,2.5,-2.9,-1.7,3.5,2.6,10.4,4.1,0,65412,0,158,0, 
36.3433,1.9,-1.7,8.4,5.2,3.3,9.2,2.6,0,65418,0,159,0, 
36.3467,3.5,-1.3,13.1,6.7,1.6,-0.5,-0.8,0,65424,0,160,0, 
36.3500,6.2,-0.9,12.4,7.6,-1.1,-11.8,-3.6,0,65430,0,161,0, 
36.3533,8.8,-0.1,8.5,7.9,-3.2,-16.4,-3.6,0,65436,0,162,0, 
36.3567,10.0,1.2,3.0,7.5,-4.6,-11.1,-1.1,0,65442,0,163,0, 
36.3600,10.0,1.9,-3.3,6.3,-5.4,0.1,2.1,0,65448,0,164,0, 
36.3633,9.4,1.7,-9.4,4.8,-5.6,9.0,3.9,0,65454,0,165,0, 
36.3667,8.9,1.2,-12.4,3.5,-4.3,10.0,3.6,0,65460,0,166,0, 
36.3700,8.5,1.6,-9.7,2.8,-1.0,3.7,2.0,0,65466,0,167,0, 
36.3733,7.8,3.4,-1.4,2.9,3.2,-3.8,1.3,0,65472,0,168,0, 
36.3767,6.8,5.6,8.2,3.3,5.9,-6.2,2.6,0,65478,0,169,0, 
36.3800,5.5,6.2,13.2,3.7,5.1,-1.5,5.8,0,65484,0,170,0, 
36.3833,4.1,4.5,10.4,3.8,1.3,6.2,9.2,0,65490,0,171,0, 
36.3867,2.8,1.6,2.3,3.8,-2.8,11.0,10.8,0,65496,0,172,0, 
36.3900,1.7,0.3,-4.4,4.2,-3.9,9.5,9.9,0,65502,0,173,0, 
36.3933,0.8,2.2,-4.1,4.9,-1.3,3.3,7.3,0,65508,0,174,0, 
36.3967,0.0,6.6,3.4,5.6,3.4,-2.7,4.4,0,65514,0,175,0, 
36.4000,-0.9,10.1,12.7,5.9,7.1,-5.1,2.1,0,65520,0,176,0, 
36.4033,-2.3,9.5,17.1,5.4,8.1,-4.0,0.1,0,65526,0,177,0, 
36.4067,-4.2,4.4,14.2,4.5,6.9,-2.9,-2.4,0,65532,0,178,0, 
36.4100,-6.2,-2.6,6.3,3.6,5.3,-4.5,-5.5,0,65538,0,179,0, 
36.4133,-7.3,-7.6,-1.5,3.3,4.4,-8.2,-8.3,0,65544,0,180,0, 
36.4167,-7.0,-8.5,-6.0,3.5,3.8,-10.6,-9.5,0,65550,0,181,0, 
36.4200,-5.2,-6.3,-7.4,3.7,3.1,-8.1,-8.2,0,65556,0,182,0, 
36.4233,-2.6,-3.7,-7.2,3.4,2.2,-1.0,-5.0,0,65562,0,183,0, 
36.4267,0.0,-2.8,-6.5,2.3,1.9,6.8,-1.8,0,65568,0,184,0, 
36.4300,2.3,-3.1,-4.4,0.8,2.6,10.1,0.2,0,65574,0,185,0, 
36.4333,4.8,-2.9,-0.3,-0.6,3.3,6.8,0.3,0,65580,0,186,0, 
36.4367,7.5,-0.8,4.7,-1.6,2.8,-0.7,-0.5,0,65586,0,187,0, 
36.4400,10.0,2.6,7.8,-2.2,0.9,-7.4,-1.2,0,65592,0,188,0, 
36.4433,10.8,5.1,7.3,-2.6,-0.6,-9.0,-1.2,0,65598,0,189,0, 
36.4467,8.8,5.2,3.8,-2.8,0.4,-5.4,-1.0,0,65604,0,190,0, 
36.4500,4.3,2.8,-0.5,-2.9,4.5,-0.1,-1.3,0,65610,0,191,0, 
36.4533,-1.0,-0.9,-3.4,-2.6,9.4,2.1,-2.7,0,65616,0,192,0, 
36.4567,-5.1,-4.4,-4.8,-1.6,11.5,-1.0,-5.0,0,65622,0,193,0, 
36.4600,-7.1,-6.7,-5.5,-0.2,8.8,-7.5,-7.2,0,65628,0,194,0, 
36.4633,-8.0,-7.5,-6.0,1.2,3.0,-13.0,-8.6,0,65634,0,195,0, 
36.4667,-9.4,-6.9,-5.3,2.2,-2.0,-13.5,-8.5,0,65640,0,196,0, 
36.4700,-12.2,-5.2,-2.6,2.5,-3.2,-8.7,-7.1,0,65646,0,197,0, 
36.4733,-15.7,-3.1,1.0,2.2,-0.9,-2.1,-5.5,0,65652,0,198,0, 
36.4767,-18.5,-2.1,3.0,1.9,2.0,2.0,-4.5,0,65658,0,199,0, 
36.4800,-19.4,-3.3,1.7,1.8,2.8,1.6,-4.7,0,65664,0,200,0, 
36.4833,-18.8,-6.7,-1.3,2.0,1.4,-1.0,-5.9,0,65670,0,201,0, 
36.4867,-18.0,-10.5,-2.2,2.4,0.1,-1.4,-7.2,0,65676,0,202,0, 
36.4900,-17.5,-12.3,1.5,2.5,1.2,2.6,-7.8,0,65682,0,203,0, 
36.4933,-17.0,-11.2,8.2,2.3,4.0,8.4,-7.3,0,65688,0,204,0, 
36.4967,-15.0,-8.3,12.8,1.8,5.8,10.3,-6.3,0,65694,0,205,0, 
36.5000,-10.8,-5.8,11.1,1.1,4.3,4.9,-5.6,0,65700,0,206,0, 
36.5033,-5.2,-5.1,3.7,0.7,0.0,-5.0,-5.2,0,65706,0,207,0, 
36.5067,-0.4,-5.4,-3.8,0.4,-3.6,-11.7,-4.4,0,65712,0,208,0, 
36.5100,2.1,-4.6,-5.5,0.5,-3.3,-8.5,-2.5,0,65718,0,209,0, 
36.5133,1.9,-1.0,0.4,1.0,1.3,3.8,0.4,0,65724,0,210,0, 
36.5167,0.9,5.0,9.9,2.0,6.8,16.3,3.5,0,65730,0,211,0, 
36.5200,1.2,10.8,16.9,3.3,8.9,19.3,5.7,0,65736,0,212,0, 
36.5233,3.8,13.8,17.7,4.4,5.7,10.0,6.8,0,65742,0,213,0, 
36.5267,8.2,13.1,13.3,4.6,-0.8,-4.6,7.4,0,65748,0,214,0, 
36.5300,12.8,10.4,7.7,3.5,-6.2,-13.0,8.7,0,65754,0,215,0, 
36.5333,15.7,8.1,4.4,1.3,-7.2,-8.7,10.7,0,65760,0,216,0, 
36.5367,16.1,7.9,4.5,-0.7,-3.3,4.7,12.6,0,65766,0,217,0, 
36.5400,14.5,9.5,6.8,-1.3,2.5,16.6,13.1,0,65772,0,218,0, 
36.5433,11.7,11.3,9.4,0.0,6.8,18.3,11.7,0,65778,0,219,0, 
36.5467,8.9,11.4,11.2,2.3,7.4,9.5,9.0,0,65784,0,220,0, 
36.5500,6.9,9.2,11.8,4.4,4.8,-2.7,6.1,0,65790,0,221,0, 
36.5533,6.0,5.3,10.8,5.3,0.8,-10.1,3.4,0,65796,0,222,0, 
36.5567,6.0,1.2,8.5,5.3,-2.7,-10.3,1.1,0,65802,0,223,0, 
36.5600,6.1,-1.3,6.4,5.4,-4.4,-6.9,-0.9,0,65808,0,224,0, 
36.5633,5.4,-1.5,6.3,6.5,-3.9,-4.7,-2.0,0,65814,0,225,0, 
36.5667,3.5,0.3,9.4,8.3,-1.4,-4.9,-1.4,0,65820,0,226,0, 
36.5700,0.4,3.1,14.5,9.6,2.2,-4.7,0.9,0,65826,0,227,0, 
36.5733,-2.6,5.0,18.5,9.4,5.6,-1.6,3.4,0,65832,0,228,0, 
36.5767,-4.7,5.1,18.5,7.6,7.5,3.0,4.0,0,65838,0,229,0, 
36.5800,-5.5,3.1,13.8,5.3,7.3,4.7,1.2,0,65844,0,230,0, 
36.5833,-5.9,0.0,7.3,3.6,5.9,0.6,-4.0,0,65850,0,231,0, 
36.5867,-7.0,-2.8,2.9,3.2,4.6,-7.0,-8.9,0,65856,0,232,0, 
36.5900,-9.5,-4.5,2.9,3.6,4.6,-12.0,-10.8,0,65862,0,233,0, 
36.5933,-12.9,-4.9,5.7,3.9,5.9,-9.6,-9.0,0,65868,0,234,0, 
36.5967,-15.5,-4.8,7.8,3.3,7.2,-1.1,-5.2,0,65874,0,235,0, 
36.6000,-16.0,-4.8,6.0,2.2,7.7,7.1,-2.1,0,65880,0,236,0, 
36.6033,-14.4,-4.9,1.1,1.0,7.3,8.9,-1.3,0,65886,0,237,0, 
36.6067,-12.3,-4.6,-3.2,0.7,6.9,3.4,-2.3,0,65892,0,238,0, 
36.6100,-11.6,-3.4,-2.9,1.4,7.1,-4.4,-3.6,0,65898,0,239,0, 
36.6133,-13.1,-1.1,2.8,3.0,7.6,-9.2,-3.7,0,65904,0,240,0, 
36.6167,-16.1,0.9,9.8,4.7,7.0,-9.3,-3.0,0,65910,0,241,0, 
36.6200,-18.6,1.4,12.1,5.8,4.7,-7.7,-2.6,0,65916,0,242,0, 
36.6233,-18.9,-0.5,6.6,5.7,1.6,-7.7,-3.3,0,65922,0,243,0, 
36.6267,-17.1,-3.9,-4.2,4.4,0.0,-9.5,-4.5,0,65928,0,244,0, 
36.6300,-14.7,-6.4,-13.1,2.6,1.7,-9.1,-4.8,0,65934,0,245,0, 
36.6333,-13.3,-6.0,-13.0,1.3,5.8,-3.4,-2.9,0,65940,0,246,0, 
36.6367,-13.6,-2.1,-2.8,1.4,9.4,6.5,0.9,0,65946,0,247,0, 
36.6400,-14.6,3.7,11.7,2.8,9.1,14.3,5.0,0,65952,0,248,0, 
36.6433,-14.5,8.4,21.3,4.8,4.2,14.1,7.7,0,65958,0,249,0, 
36.6467,-12.1,9.9,20.1,6.0,-2.7,4.8,8.0,0,65964,0,250,0, 
36.6500,-8.1,8.8,9.8,5.9,-7.6,-7.4,6.8,0,65970,0,251,0, 
36.6533,-4.0,7.5,-1.7,4.7,-7.7,-14.0,6.1,0,65976,0,252,0, 
36.6567,-1.6,8.5,-6.2,3.6,-3.3,-9.9,7.1,0,65982,0,253,0, 
36.6600,-1.0,11.9,-1.0,3.3,2.5,2.2,9.5,0,65988,0,254,0, 
36.6633,-1.4,15.4,9.2,3.7,6.7,14.4,11.2,0,65994,0,255,0, 
36.6667,-1.5,15.5,16.3,4.0,8.2,18.9,10.0,0,66000,0,0,0, 
36.6700,-0.9,11.1,15.0,3.3,7.9,13.1,5.1,0,66006,0,1,0, 
36.6733,-0.2,3.9,6.9,1.7,7.8,1.4,-2.1,0,66012,0,2,0, 
36.6767,-0.4,-2.1,-1.8,-0.4,8.3,-8.8,-8.4,0,66018,0,3,0, 
36.6800,-1.6,-4.1,-5.0,-2.1,8.8,-11.7,-10.7,0,66024,0,4,0, 
36.6833,-2.8,-1.9,-1.4,-3.2,7.9,-6.4,-8.3,0,66030,0,5,0, 
36.6867,-2.5,1.6,5.0,-4.0,5.4,3.1,-3.0,0,66036,0,6,0, 
36.6900,-0.5,2.9,8.5,-4.7,2.5,11.2,1.8,0,66042,0,7,0, 
36.6933,2.1,0.9,6.6,-5.4,0.9,14.1,3.8,0,66048,0,8,0, 
36.6967,3.4,-3.0,1.1,-5.4,1.6,12.2,2.8,0,66054,0,9,0, 
36.7000,2.3,-5.6,-3.3,-4.2,4.3,8.9,1.1,0,66060,0,10,0, 
36.7033,-0.3,-4.8,-3.0,-2.0,7.4,8.1,1.2,0,66066,0,11,0, 
36.7067,-2.3,-0.5,2.2,0.3,9.4,11.4,4.3,0,66072,0,12,0, 
36.7100,-1.5,4.9,8.9,1.6,9.5,16.8,8.7,0,66078,0,13,0, 
36.7133,2.2,9.1,13.2,1.5,7.8,20.1,11.6,0,66084,0,14,0, 
36.7167,7.4,10.7,12.3,0.4,4.8,18.5,10.8,0,66090,0,15,0, 
36.7200,11.4,10.2,6.9,-0.8,1.0,12.5,6.6,0,66096,0,16,0, 
36.7233,12.9,8.5,-0.4,-1.5,-2.9,5.5,1.2,0,66102,0,17,0, 
36.7267,12.1,6.7,-6.0,-1.4,-5.9,1.7,-2.4,0,66108,0,18,0, 
36.7300,10.4,5.2,-7.3,-0.9,-7.1,2.6,-3.1,0,66114,0,19,0, 
36.7333,8.9,4.3,-3.9,-0.3,-6.2,5.9,-1.7,0,66120,0,20,0, 
36.7367,8.0,3.7,2.6,0.4,-4.0,7.8,-0.6,0,66126,0,21,0, 
36.7400,7.3,3.3,8.5,1.1,-2.0,6.0,-1.0,0,66132,0,22,0, 
36.7433,6.6,3.1,10.5,1.6,-1.4,2.1,-2.4,0,66138,0,23,0, 
36.7467,5.8,2.8,7.2,1.6,-2.2,0.1,-2.5,0,66144,0,24,0, 
36.7500,5.5,2.4,0.7,0.9,-3.4,3.0,-0.2,0,66150,0,25,0, 
36.7533,5.7,2.0,-5.1,-0.6,-4.0,9.7,3.8,0,66156,0,26,0, 
36.7567,6.2,1.9,-6.7,-2.2,-4.0,16.1,6.7,0,66162,0,27,0, 
36.7600,7.0,1.9,-3.6,-3.3,-5.0,17.7,6.2,0,66168,0,28,0, 
36.7633,8.0,1.7,1.1,-3.5,-7.8,13.6,2.4,0,66174,0,29,0, 
36.7667,9.6,1.0,3.6,-2.9,-11.6,7.4,-2.3,0,66180,0,30,0, 
36.7700,11.6,0.3,2.4,-1.7,-13.7,3.6,-4.7,0,66186,0,31,0, 
36.7733,13.2,0.0,-0.2,-0.4,-11.4,4.8,-4.1,0,66192,0,32,0, 
36.7767,13.5,0.6,-0.4,1.3,-4.5,9.3,-2.1,0,66198,0,33,0, 
36.7800,12.6,1.5,3.7,3.1,3.6,13.2,-1.7,0,66204,0,34,0, 
36.7833,11.4,1.5,9.8,4.8,8.2,13.8,-4.0,0,66210,0,35,0, 
36.7867,11.0,-0.5,12.9,5.8,6.2,11.4,-7.6,0,66216,0,36,0, 
36.7900,11.6,-4.6,9.4,5.5,-0.8,8.4,-9.8,0,66222,0,37,0, 
36.7933,12.0,-9.3,0.6,3.8,-7.7,6.4,-9.0,0,66228,0,38,0, 
36.7967,10.8,-12.6,-8.1,1.4,-9.8,5.0,-6.5,0,66234,0,39,0, 
36.8000,7.5,-13.2,-11.5,-0.8,-5.7,2.9,-4.5,0,66240,0,40,0, 
36.8033,3.9,-11.0,-8.0,-2.1,1.2,0.2,-4.5,0,66246,0,41,0, 
36.8067,2.7,-6.8,-1.4,-2.3,5.6,-0.4,-5.3,0,66252,0,42,0, 
36.8100,5.5,-1.6,3.4,-1.6,4.1,3.9,-4.5,0,66258,0,43,0, 
36.8133,11.1,4.0,4.2,-0.6,-2.1,12.8,-0.8,0,66264,0,44,0, 
36.8167,16.4,9.6,3.2,0.3,-8.8,21.9,4.7,0,66270,0,45,0, 
36.8200,18.5,14.6,4.3,1.0,-11.8,25.2,8.8,0,66276,0,46,0, 
36.8233,16.4,17.8,8.6,1.2,-9.6,19.9,9.2,0,66282,0,47,0, 
36.8267,11.9,17.9,13.1,1.0,-4.5,9.1,6.2,0,66288,0,48,0, 
36.8300,7.2,14.5,12.9,0.2,-0.4,-0.6,2.0,0,66294,0,49,0, 
36.8333,3.9,8.6,6.0,-1.0,0.1,-3.8,-1.5,0,66300,0,50,0, 
36.8367,1.7,2.2,-4.4,-2.2,-2.8,-0.9,-3.6,0,66306,0,51,0, 
36.8400,-0.2,-2.6,-11.8,-2.8,-6.4,3.3,-4.9,0,66312,0,52,0, 
36.8433,-1.8,-4.6,-11.5,-2.6,-7.6,4.5,-5.7,0,66318,0,53,0, 
36.8467,-2.2,-3.9,-4.4,-1.8,-4.9,2.5,-5.4,0,66324,0,54,0, 
36.8500,-0.3,-1.9,3.5,-1.0,0.7,1.0,-3.0,0,66330,0,55,0, 
36.8533,3.7,-0.2,6.2,-0.7,6.6,2.9,0.7,0,66336,0,56,0, 
36.8567,8.3,0.0,1.8,-1.0,9.8,7.1,3.2,0,66342,0,57,0, 
36.8600,11.7,-1.8,-6.4,-1.6,9.1,8.9,1.9,0,66348,0,58,0, 
36.8633,13.0,-4.7,-12.7,-1.8,5.4,5.2,-3.2,0,66354,0,59,0, 
36.8667,12.9,-7.3,-13.5,-1.5,1.0,-1.6,-9.2,0,66360,0,60,0, 
36.8700,12.6,-8.1,-8.9,-1.1,-1.7,-4.6,-11.8,0,66366,0,61,0, 
36.8733,12.6,-6.5,-2.3,-0.9,-1.8,1.3,-9.1,0,66372,0,62,0, 
36.8767,12.6,-3.5,2.6,-1.4,-0.3,14.7,-2.9,0,66378,0,63,0, 
36.8800,11.9,-0.9,4.1,-2.4,0.7,27.5,2.8,0,66384,0,64,0, 
36.8833,10.4,-0.4,2.5,-3.1,-0.1,31.0,4.4,0,66390,0,65,0, 
36.8867,9.2,-2.3,-0.6,-3.1,-2.5,22.8,2.1,0,66396,0,66,0, 
36.8900,9.3,-5.4,-3.5,-2.2,-4.7,8.6,-1.0,0,66402,0,67,0, 
36.8933,10.8,-7.3,-4.6,-1.0,-5.0,-2.4,-1.4,0,66408,0,68,0, 
36.8967,12.7,-6.5,-3.6,-0.3,-2.8,-4.2,1.8,0,66414,0,69,0, 
36.9000,13.3,-3.3,-1.2,-0.8,0.7,1.6,6.3,0,66420,0,70,0, 
36.9033,12.0,0.2,0.3,-2.4,3.2,8.3,8.5,0,66426,0,71,0, 
36.9067,9.2,1.5,-1.4,-4.5,3.2,9.7,6.6,0,66432,0,72,0, 
36.9100,6.4,-0.3,-6.7,-6.2,1.1,4.7,1.6,0,66438,0,73,0, 
36.9133,4.3,-3.9,-12.6,-6.7,-1.2,-3.0,-3.5,0,66444,0,74,0, 
36.9167,2.9,-6.7,-14.9,-6.0,-1.5,-8.2,-5.9,0,66450,0,75,0, 
36.9200,1.1,-6.3,-10.7,-4.3,1.2,-7.8,-5.1,0,66456,0,76,0, 
36.9233,-1.6,-2.7,-1.5,-2.3,5.3,-2.7,-2.3,0,66462,0,77,0, 
36.9267,-5.1,1.9,7.6,-0.6,8.2,4.4,0.3,0,66468,0,78,0, 
36.9300,-8.3,4.7,11.2,0.7,7.6,10.3,1.7,0,66474,0,79,0, 
36.9333,-10.1,4.4,7.8,1.4,3.4,13.0,2.6,0,66480,0,80,0, 
36.9367,-10.0,1.9,0.7,1.9,-2.2,11.9,4.0,0,66486,0,81,0, 
36.9400,-8.6,-0.1,-4.8,2.1,-6.4,7.5,6.3,0,66492,0,82,0, 
36.9433,-6.5,0.0,-5.9,2.2,-7.5,1.7,8.4,0,66498,0,83,0, 
36.9467,-4.5,1.7,-3.8,2.1,-6.0,-3.1,8.8,0,66504,0,84,0, 
36.9500,-3.0,3.1,-1.6,1.7,-3.6,-4.6,7.0,0,66510,0,85,0, 
36.9533,-1.9,2.0,-1.2,1.3,-1.6,-2.4,4.1,0,66516,0,86,0, 
36.9567,-1.1,-1.5,-1.5,0.8,-0.6,1.8,1.8,0,66522,0,87,0, 
36.9600,-0.2,-5.8,-0.7,0.3,-0.1,4.9,1.2,0,66528,0,88,0, 
36.9633,0.9,-9.0,1.6,-0.1,-0.1,4.2,1.6,0,66534,0,89,0, 
36.9667,1.9,-10.3,3.1,-0.4,-1.1,-0.3,1.1,0,66540,0,90,0, 
36.9700,2.8,-10.6,1.4,-0.4,-3.4,-6.6,-2.0,0,66546,0,91,0, 
36.9733,3.3,-11.1,-3.0,0.1,-6.1,-10.9,-7.5,0,66552,0,92,0, 
36.9767,3.5,-11.6,-6.5,1.0,-7.1,-10.8,-13.0,0,66558,0,93,0, 
36.9800,3.6,-11.2,-5.2,2.4,-4.4,-5.5,-15.6,0,66564,0,94,0, 
36.9833,3.8,-8.6,0.9,3.7,1.8,3.6,-13.5,0,66570,0,95,0, 
36.9867,4.0,-4.2,8.0,4.5,8.8,13.5,-7.2,0,66576,0,96,0, 
36.9900,4.2,0.3,11.2,4.7,12.6,20.9,0.8,0,66582,0,97,0, 
36.9933,4.3,2.9,8.7,4.5,10.9,22.9,7.3,0,66588,0,98,0, 
36.9967,4.4,3.2,3.4,4.3,4.5,18.2,10.1,0,66594,0,99,0, 
37.0000,4.7,2.1,0.1,4.3,-3.2,8.1,8.8,0,66600,0,100,0, 
37.0033,5.3,1.1,0.5,4.1,-8.4,-3.1,4.9,0,66606,0,101,0, 
37.0067,6.0,1.1,2.7,3.1,-9.1,-10.3,1.2,0,66612,0,102,0, 
37.0100,6.1,1.9,3.1,0.9,-5.9,-9.8,0.0,0,66618,0,103,0, 
37.0133,5.1,2.7,0.6,-2.1,-1.1,-2.2,2.3,0,66624,0,104,0, 
37.0167,3.4,3.2,-2.3,-4.6,2.3,8.0,7.1,0,66630,0,105,0, 
37.0200,1.6,3.6,-1.8,-5.5,2.6,14.7,12.0,0,66636,0,106,0, 
37.0233,0.4,4.0,2.8,-4.4,-0.3,14.7,14.8,0,66642,0,107,0, 
37.0267,-0.1,4.1,7.8,-2.3,-4.3,9.0,14.7,0,66648,0,108,0, 
37.0300,-0.7,3.1,8.0,-0.7,-6.8,1.9,12.3,0,66654,0,109,0, 
37.0333,-2.3,1.0,1.5,-0.8,-5.7,-2.5,8.9,0,66660,0,110,0, 
37.0367,-5.4,-1.3,-8.2,-2.6,-1.2,-3.2,5.6,0,66666,0,111,0, 
37.0400,-9.3,-2.3,-14.2,-4.4,3.8,-2.6,2.6,0,66672,0,112,0, 
37.0433,-12.5,-0.9,-12.0,-4.6,5.7,-3.3,0.1,0,66678,0,113,0, 
37.0467,-14.1,2.5,-3.0,-2.5,2.5,-6.0,-1.6,0,66684,0,114,0, 
37.0500,-13.6,6.0,6.2,1.0,-3.9,-8.5,-1.7,0,66690,0,115,0, 
37.0533,-11.4,7.7,9.2,4.1,-9.5,-8.8,-0.1,0,66696,0,116,0, 
37.0567,-8.6,6.8,4.1,5.5,-10.4,-6.8,1.9,0,66702,0,117,0, 
37.0600,-6.2,4.0,-4.6,4.9,-6.7,-5.8,2.2,0,66708,0,118,0, 
37.0633,-4.9,1.1,-10.1,3.5,-1.7,-8.9,-0.9,0,66714,0,119,0, 
37.0667,-5.3,-0.7,-8.2,2.6,0.3,-16.3,-6.7,0,66720,0,120,0, 
37.0700,-7.2,-1.1,-0.5,2.5,-2.4,-24.1,-12.4,0,66726,0,121,0, 
37.0733,-10.1,-0.8,7.4,2.9,-7.9,-26.9,-15.2,0,66732,0,122,0, 
37.0767,-12.6,-0.7,10.0,3.0,-12.2,-22.3,-13.8,0,66738,0,123,0, 
37.0800,-13.5,-0.8,5.7,2.3,-12.8,-12.6,-9.6,0,66744,0,124,0, 
37.0833,-12.5,-0.8,-2.1,1.5,-9.9,-3.5,-5.5,0,66750,0,125,0, 
37.0867,-10.1,-0.1,-7.8,1.0,-6.1,0.5,-3.3,0,66756,0,126,0, 
37.0900,-7.5,1.2,-7.8,1.1,-3.7,-1.0,-3.0,0,66762,0,127,0, 
37.0933,-5.9,2.5,-2.6,1.4,-3.1,-4.6,-3.0,0,66768,0,128,0, 
37.0967,-5.3,2.8,3.9,1.3,-3.4,-6.4,-1.7,0,66774,0,129,0, 
37.1000,-5.0,1.8,6.7,0.7,-3.5,-5.2,0.8,0,66780,0,130,0, 
37.1033,-4.0,-0.2,3.5,-0.2,-2.9,-2.5,3.5,0,66786,0,131,0, 
37.1067,-2.0,-2.0,-3.6,-0.6,-1.8,-0.8,5.2,0,66792,0,132,0, 
37.1100,0.4,-2.3,-9.9,-0.3,-0.8,-0.3,5.7,0,66798,0,133,0, 
37.1133,2.6,-0.8,-10.5,0.5,0.1,0.4,5.9,0,66804,0,134,0, 
37.1167,4.0,1.9,-4.1,1.5,0.5,3.0,6.3,0,66810,0,135,0, 
37.1200,4.6,4.3,5.8,2.2,0.0,7.0,7.0,0,66816,0,136,0, 
37.1233,4.2,5.0,13.0,2.3,-1.3,9.8,7.2,0,66822,0,137,0, 
37.1267,3.0,3.5,12.6,1.7,-2.6,8.6,6.2,0,66828,0,138,0, 
37.1300,0.9,0.5,4.5,0.5,-2.4,3.1,4.5,0,66834,0,139,0, 
37.1333,-1.6,-1.9,-6.0,-0.8,-0.1,-3.7,3.1,0,66840,0,140,0, 
37.1367,-3.8,-1.9,-11.4,-1.7,3.2,-7.8,3.1,0,66846,0,141,0, 
37.1400,-4.8,1.5,-7.3,-1.3,5.2,-6.7,4.9,0,66852,0,142,0, 
37.1433,-4.5,6.9,4.0,0.5,4.2,-1.2,7.6,0,66858,0,143,0, 
37.1467,-3.6,11.8,15.4,3.0,1.0,4.8,10.0,0,66864,0,144,0, 
37.1500,-3.4,13.2,19.7,4.6,-1.5,7.6,10.8,0,66870,0,145,0, 
37.1533,-4.4,10.2,15.1,4.3,-0.7,5.9,9.8,0,66876,0,146,0, 
37.1567,-6.5,3.9,6.0,2.1,3.3,1.5,7.6,0,66882,0,147,0, 
37.1600,-8.5,-2.2,-0.6,-0.8,7.3,-1.9,5.4,0,66888,0,148,0, 
37.1633,-9.0,-5.4,-0.6,-2.4,7.5,-1.9,4.1,0,66894,0,149,0, 
37.1667,-7.7,-4.4,4.3,-1.8,2.7,1.9,3.6,0,66900,0,150,0, 
37.1700,-4.9,-0.7,9.0,0.7,-4.6,6.9,3.0,0,66906,0,151,0, 
37.1733,-1.7,3.0,9.4,3.7,-10.2,9.8,1.4,0,66912,0,152,0, 
37.1767,1.3,4.9,6.1,5.7,-11.7,8.4,-1.6,0,66918,0,153,0, 
37.1800,3.8,4.7,2.6,6.4,-9.8,2.3,-5.3,0,66924,0,154,0, 
37.1833,6.0,3.4,1.8,6.0,-7.5,-6.5,-8.4,0,66930,0,155,0, 
37.1867,8.1,2.2,3.2,5.4,-6.7,-14.8,-9.4,0,66936,0,156,0, 
37.1900,9.5,1.6,4.1,4.9,-6.6,-19.5,-7.7,0,66942,0,157,0, 
37.1933,9.6,1.2,2.7,4.4,-5.3,-18.5,-4.1,0,66948,0,158,0, 
37.1967,8.4,0.5,0.1,3.9,-1.7,-12.4,0.1,0,66954,0,159,0, 
37.2000,6.4,-0.8,-0.9,3.2,2.7,-3.5,3.3,0,66960,0,160,0, 
37.2033,5.0,-2.4,0.4,2.4,5.0,4.4,4.8,0,66966,0,161,0, 
37.2067,5.1,-4.3,1.6,1.4,4.0,8.3,4.7,0,66972,0,162,0, 
37.2100,6.6,-6.3,-0.2,-0.1,1.2,7.3,3.6,0,66978,0,163,0, 
37.2133,8.1,-8.0,-5.0,-1.8,0.0,2.8,2.2,0,66984,0,164,0, 
37.2167,7.7,-8.6,-8.7,-3.1,2.4,-2.1,1.0,0,66990,0,165,0, 
37.2200,4.4,-7.7,-6.7,-3.2,7.0,-5.1,0.2,0,66996,0,166,0, 
37.2233,-1.0,-5.9,0.6,-1.9,10.1,-5.7,-0.5,0,67002,0,167,0, 
37.2267,-6.5,-4.5,7.7,-0.1,8.6,-5.0,-1.1,0,67008,0,168,0, 
37.2300,-9.7,-4.9,7.5,1.1,2.5,-4.4,-1.6,0,67014,0,169,0, 
37.2333,-9.8,-7.0,-1.3,0.6,-4.6,-4.5,-1.9,0,67020,0,170,0, 
37.2367,-7.8,-9.1,-13.0,-1.1,-8.7,-4.9,-2.2,0,67026,0,171,0, 
37.2400,-5.7,-9.3,-19.0,-2.7,-8.0,-5.1,-2.8,0,67032,0,172,0, 
37.2433,-5.1,-7.3,-15.7,-2.8,-4.0,-5.7,-3.9,0,67038,0,173,0, 
37.2467,-6.5,-4.9,-7.0,-1.5,0.4,-7.3,-5.8,0,67044,0,174,0, 
37.2500,-8.9,-4.7,-1.0,0.2,3.4,-10.5,-7.9,0,67050,0,175,0, 
37.2533,-10.9,-7.6,-2.5,0.8,4.6,-13.9,-9.6,0,67056,0,176,0, 
37.2567,-11.9,-11.5,-8.6,0.0,5.1,-15.7,-10.0,0,67062,0,177,0, 
37.2600,-11.8,-13.3,-12.5,-1.4,5.8,-14.3,-9.1,0,67068,0,178,0, 
37.2633,-11.2,-11.3,-9.7,-2.5,6.7,-10.1,-7.9,0,67074,0,179,0, 
37.2667,-10.7,-7.0,-2.8,-2.7,7.1,-5.4,-7.4,0,67080,0,180,0, 
37.2700,-10.4,-3.9,1.9,-2.4,7.0,-2.9,-8.7,0,67086,0,181,0, 
37.2733,-10.4,-4.5,0.3,-1.9,6.5,-4.3,-11.4,0,67092,0,182,0, 
37.2767,-11.0,-8.6,-5.6,-1.6,5.6,-9.3,-14.8,0,67098,0,183,0, 
37.2800,-11.9,-13.2,-10.2,-1.1,4.0,-15.9,-17.6,0,67104,0,184,0, 
37.2833,-12.9,-15.7,-10.1,-0.5,1.5,-21.5,-19.2,0,67110,0,185,0, 
37.2867,-13.6,-15.7,-7.0,-0.1,-0.7,-24.4,-19.4,0,67116,0,186,0, 
37.2900,-13.8,-14.7,-6.0,-0.5,-1.0,-23.4,-18.3,0,67122,0,187,0, 
37.2933,-13.9,-14.5,-9.4,-1.8,2.0,-18.9,-16.1,0,67128,0,188,0, 
37.2967,-13.9,-15.5,-14.5,-3.0,7.4,-12.2,-12.7,0,67134,0,189,0, 
37.3000,-13.9,-15.9,-15.4,-2.8,12.4,-5.9,-8.5,0,67140,0,190,0, 
37.3033,-13.3,-14.1,-9.3,-0.5,13.7,-2.4,-4.2,0,67146,0,191,0, 
37.3067,-11.2,-10.0,1.0,2.7,10.4,-2.4,-0.8,0,67152,0,192,0, 
37.3100,-7.6,-5.2,8.9,5.1,4.9,-4.5,1.5,0,67158,0,193,0, 
37.3133,-3.6,-1.7,9.8,5.2,0.7,-5.6,3.0,0,67164,0,194,0, 
37.3167,-0.9,-0.8,4.1,3.3,0.5,-3.4,4.7,0,67170,0,195,0, 
37.3200,-0.6,-2.1,-3.4,1.1,3.3,2.0,6.5,0,67176,0,196,0, 
37.3233,-2.6,-4.5,-8.3,0.4,6.4,7.2,7.5,0,67182,0,197,0, 
37.3267,-5.7,-6.7,-9.2,1.7,7.1,8.3,6.3,0,67188,0,198,0, 
37.3300,-8.4,-8.1,-7.6,4.2,5.3,3.6,2.1,0,67194,0,199,0, 
37.3333,-10.1,-8.1,-5.5,6.0,2.9,-4.9,-3.5,0,67200,0,200,0, 
37.3367,-10.7,-7.0,-3.9,6.0,2.1,-12.7,-8.0,0,67206,0,201,0, 
37.3400,-10.9,-5.4,-3.2,4.6,3.3,-15.9,-8.9,0,67212,0,202,0, 
37.3433,-10.6,-4.3,-3.6,2.7,5.3,-13.7,-5.9,0,67218,0,203,0, 
37.3467,-9.5,-4.2,-5.1,1.3,6.6,-8.2,-0.7,0,67224,0,204,0, 
37.3500,-7.4,-4.8,-6.9,1.1,6.4,-2.6,3.8,0,67230,0,205,0, 
37.3533,-5.0,-4.5,-6.5,1.8,5.2,0.9,5.9,0,67236,0,206,0, 
37.3567,-3.3,-2.2,-2.3,3.0,4.1,2.0,5.7,0,67242,0,207,0, 
37.3600,-2.9,2.0,5.0,4.5,3.5,1.8,4.6,0,67248,0,208,0, 
37.3633,-4.0,6.2,12.0,5.9,3.2,1.5,3.9,0,67254,0,209,0, 
37.3667,-5.7,8.1,14.7,7.2,2.8,1.4,3.6,0,67260,0,210,0, 
37.3700,-7.3,6.7,12.2,7.9,2.5,1.5,2.8,0,67266,0,211,0, 
37.3733,-8.2,2.7,6.7,7.9,2.0,1.2,0.8,0,67272,0,212,0, 
37.3767,-8.6,-1.8,1.9,7.0,1.1,0.5,-2.5,0,67278,0,213,0, 
37.3800,-9.0,-5.0,-0.5,5.4,-0.5,-0.4,-6.1,0,67284,0,214,0, 
37.3833,-9.3,-6.4,-1.2,3.4,-2.7,-1.4,-8.6,0,67290,0,215,0, 
37.3867,-9.5,-6.5,-2.1,1.6,-4.3,-2.3,-9.3,0,67296,0,216,0, 
37.3900,-9.2,-5.6,-3.4,0.4,-3.6,-3.3,-8.3,0,67302,0,217,0, 
37.3933,-8.2,-4.1,-3.7,0.2,0.2,-4.3,-6.0,0,67308,0,218,0, 
37.3967,-6.6,-2.3,-1.7,0.8,6.1,-5.3,-3.6,0,67314,0,219,0, 
37.4000,-4.3,-0.8,1.7,1.7,11.2,-6.0,-2.1,0,67320,0,220,0, 
37.4033,-1.4,-0.3,3.7,2.1,12.4,-6.2,-1.9,0,67326,0,221,0, 
37.4067,2.1,-0.7,2.6,1.9,8.4,-5.5,-2.4,0,67332,0,222,0, 
37.4100,5.5,-1.0,-0.6,1.3,1.1,-4.0,-2.4,0,67338,0,223,0, 
37.4133,8.0,-0.1,-1.8,1.0,-5.9,-1.8,-0.3,0,67344,0,224,0, 
37.4167,8.8,2.3,1.8,1.8,-9.1,0.7,4.0,0,67350,0,225,0, 
37.4200,7.5,4.7,9.5,3.7,-7.4,3.0,9.0,0,67356,0,226,0, 
37.4233,4.6,5.5,16.6,5.8,-2.6,5.1,12.5,0,67362,0,227,0, 
37.4267,1.4,4.0,17.8,7.3,2.2,7.1,12.9,0,67368,0,228,0, 
37.4300,-0.8,1.0,11.4,7.4,4.2,8.9,10.4,0,67374,0,229,0, 
37.4333,-1.3,-1.1,0.6,5.9,2.9,9.6,7.3,0,67380,0,230,0, 
37.4367,-0.3,-0.8,-8.1,3.7,-0.2,8.2,5.4,0,67386,0,231,0, 
37.4400,1.5,1.8,-9.1,1.9,-2.6,4.1,5.4,0,67392,0,232,0, 
37.4433,3.2,5.6,-1.0,1.4,-2.7,-1.8,6.5,0,67398,0,233,0, 
37.4467,4.7,8.9,11.8,2.2,-0.4,-6.9,7.4,0,67404,0,234,0, 
37.4500,6.0,11.0,22.0,3.6,3.2,-8.2,7.6,0,67410,0,235,0, 
37.4533,7.5,12.1,23.9,4.5,6.5,-4.4,8.0,0,67416,0,236,0, 
37.4567,8.9,12.4,16.6,4.3,8.4,2.8,8.9,0,67422,0,237,0, 
37.4600,9.3,12.2,5.5,2.9,8.3,9.4,10.1,0,67428,0,238,0, 
37.4633,8.2,11.3,-1.9,1.4,6.6,11.4,10.0,0,67434,0,239,0, 
37.4667,5.6,9.7,-0.9,0.7,3.5,7.9,7.5,0,67440,0,240,0, 
37.4700,2.5,7.8,6.7,1.3,-0.2,1.6,3.6,0,67446,0,241,0, 
37.4733,0.8,6.4,13.9,2.7,-3.8,-2.4,0.4,0,67452,0,242,0, 
37.4767,1.7,6.0,14.5,3.6,-6.1,-0.9,0.4,0,67458,0,243,0, 
37.4800,5.3,7.3,7.8,3.4,-6.4,5.1,3.8,0,67464,0,244,0, 
37.4833,10.6,10.2,-0.6,2.1,-4.6,10.9,8.5,0,67470,0,245,0, 
37.4867,15.7,13.8,-3.8,0.7,-1.8,11.6,11.7,0,67476,0,246,0, 
37.4900,18.7,16.6,0.3,0.2,0.5,6.0,11.3,0,67482,0,247,0, 
37.4933,18.7,16.7,7.2,0.7,0.9,-2.1,7.9,0,67488,0,248,0, 
37.4967,15.9,13.3,9.8,1.5,-0.4,-6.4,3.7,0,67494,0,249,0, 
37.5000,11.3,7.4,5.1,1.4,-1.9,-3.6,0.7,0,67500,0,250,0, 
37.5033,6.3,1.6,-3.1,-0.1,-1.8,4.4,0.0,0,67506,0,251,0, 
37.5067,2.3,-1.6,-8.3,-2.3,0.6,11.8,0.8,0,67512,0,252,0, 
37.5100,-0.1,-1.5,-6.8,-4.2,3.9,13.3,2.2,0,67518,0,253,0, 
37.5133,-0.8,0.3,-1.6,-4.7,5.4,8.6,2.9,0,67524,0,254,0, 
37.5167,-0.7,1.3,1.0,-3.9,3.5,2.1,2.8,0,67530,0,255,0, 
37.5200,-0.7,0.2,-2.2,-2.6,-1.4,-0.5,2.1,0,67536,0,0,0, 
37.5233,-1.2,-2.0,-8.6,-1.9,-6.5,2.7,1.6,0,67542,0,1,0, 
37.5267,-1.9,-3.0,-11.8,-2.2,-8.8,9.2,2.2,0,67548,0,2,0, 
37.5300,-1.6,-0.9,-8.4,-3.2,-7.1,14.4,4.8,0,67554,0,3,0, 
37.5333,0.3,4.3,-0.8,-4.1,-2.9,15.3,9.9,0,67560,0,4,0, 
37.5367,3.7,10.1,4.9,-4.4,0.5,13.2,16.2,0,67566,0,5,0, 
37.5400,7.8,13.9,4.6,-4.1,0.9,11.0,21.0,0,67572,0,6,0, 
37.5433,11.1,14.5,0.1,-3.5,-1.2,10.6,21.8,0,67578,0,7,0, 
37.5467,12.7,12.2,-3.1,-3.2,-3.5,10.8,17.4,0,67584,0,8,0, 
37.5500,12.3,8.6,-1.3,-3.4,-3.7,9.1,9.6,0,67590,0,9,0, 
37.5533,10.6,5.0,3.1,-4.0,-1.8,4.1,2.2,0,67596,0,10,0, 
37.5567,8.5,2.1,4.2,-4.6,0.3,-2.8,-1.9,0,67602,0,11,0, 
37.5600,6.9,-0.3,-2.0,-4.9,0.6,-8.2,-1.9,0,67608,0,12,0, 
37.5633,6.3,-2.0,-13.3,-4.7,-1.3,-9.2,0.3,0,67614,0,13,0, 
37.5667,6.5,-2.5,-22.3,-3.9,-3.4,-5.0,1.8,0,67620,0,14,0, 
37.5700,7.1,-1.5,-22.3,-2.6,-3.5,2.7,1.7,0,67626,0,15,0, 
37.5733,7.7,1.0,-12.8,-1.1,-1.1,10.9,1.1,0,67632,0,16,0, 
37.5767,8.5,4.5,0.5,0.5,2.2,16.8,2.3,0,67638,0,17,0, 
37.5800,9.6,8.3,9.9,1.6,3.5,18.5,6.2,0,67644,0,18,0, 
37.5833,11.6,11.9,11.8,2.2,2.0,15.6,11.4,0,67650,0,19,0, 
37.5867,14.1,15.3,8.4,2.3,-1.3,10.0,15.4,0,67656,0,20,0, 
37.5900,16.1,18.1,5.1,2.5,-3.7,5.1,16.5,0,67662,0,21,0, 
37.5933,16.3,19.7,5.5,3.2,-3.7,4.2,14.8,0,67668,0,22,0, 
37.5967,14.2,18.9,8.7,4.6,-1.8,7.6,11.9,0,67674,0,23,0, 
37.6000,10.4,15.3,10.7,6.5,0.0,12.6,9.4,0,67680,0,24,0, 
37.6033,6.5,9.5,8.9,8.0,0.3,14.6,7.2,0,67686,0,25,0, 
37.6067,4.2,3.6,4.0,8.6,-0.9,11.1,4.2,0,67692,0,26,0, 
37.6100,3.7,-0.6,-0.8,7.8,-2.0,3.7,-0.2,0,67698,0,27,0, 
37.6133,4.2,-2.2,-2.8,5.8,-1.2,-3.2,-5.1,0,67704,0,28,0, 
37.6167,4.3,-2.2,-2.4,3.0,1.3,-5.7,-8.5,0,67710,0,29,0, 
37.6200,3.4,-2.4,-2.4,0.4,4.2,-3.4,-9.0,0,67716,0,30,0, 
37.6233,1.7,-3.7,-4.9,-1.5,5.2,0.8,-6.6,0,67722,0,31,0, 
37.6267,0.4,-5.4,-8.7,-2.3,3.5,3.5,-2.9,0,67728,0,32,0, 
37.6300,0.0,-5.6,-10.3,-2.1,-0.6,3.5,0.4,0,67734,0,33,0, 
37.6333,0.4,-3.1,-7.1,-1.3,-5.0,2.1,2.3,0,67740,0,34,0, 
37.6367,0.6,1.3,0.3,-0.5,-7.6,1.5,3.3,0,67746,0,35,0, 
37.6400,0.3,5.5,7.4,0.3,-7.4,2.0,4.4,0,67752,0,36,0, 
37.6433,-0.1,6.9,10.0,0.8,-5.2,2.3,5.8,0,67758,0,37,0, 
37.6467,-0.2,5.2,6.8,1.0,-2.8,1.1,7.3,0,67764,0,38,0, 
37.6500,0.3,1.7,0.7,1.0,-2.0,-1.4,8.1,0,67770,0,39,0, 
37.6533,0.9,-1.0,-3.5,0.6,-3.2,-3.2,8.0,0,67776,0,40,0, 
37.6567,0.4,-1.5,-3.2,-0.2,-4.6,-1.9,7.5,0,67782,0,41,0, 
37.6600,-1.7,-0.1,0.8,-1.3,-4.0,3.1,7.8,0,67788,0,42,0, 
37.6633,-4.6,2.0,5.1,-2.2,-0.3,10.3,9.8,0,67794,0,43,0, 
37.6667,-6.5,3.6,6.7,-2.6,5.1,16.6,13.2,0,67800,0,44,0, 
37.6700,-5.9,4.4,5.0,-2.7,9.1,19.0,16.5,0,67806,0,45,0, 
37.6733,-2.3,5.1,1.3,-3.2,9.1,16.4,17.7,0,67812,0,46,0, 
37.6767,3.3,6.3,-2.4,-4.8,5.3,9.9,15.8,0,67818,0,47,0, 
37.6800,8.4,8.1,-4.3,-7.4,0.8,2.5,11.0,0,67824,0,48,0, 
37.6833,10.9,9.9,-3.7,-9.6,-0.9,-1.7,5.6,0,67830,0,49,0, 
37.6867,10.2,11.3,-0.4,-9.7,1.3,-0.4,2.0,0,67836,0,50,0, 
37.6900,7.0,12.1,5.0,-7.1,5.3,5.6,1.6,0,67842,0,51,0, 
37.6933,3.4,12.2,10.4,-2.5,7.6,12.4,3.9,0,67848,0,52,0, 
37.6967,1.4,11.4,13.1,1.6,6.2,15.4,6.8,0,67854,0,53,0, 
37.7000,1.8,9.5,11.4,3.4,2.1,12.9,8.0,0,67860,0,54,0, 
37.7033,3.8,6.9,5.9,2.3,-1.5,6.9,6.7,0,67866,0,55,0, 
37.7067,6.1,4.2,-0.5,-0.4,-2.3,1.9,4.0,0,67872,0,56,0, 
37.7100,7.6,2.3,-4.4,-2.6,-0.4,1.1,1.6,0,67878,0,57,0, 
37.7133,8.4,1.7,-4.5,-3.5,2.1,3.6,0.9,0,67884,0,58,0, 
37.7167,9.5,2.5,-1.7,-3.2,3.5,5.9,2.2,0,67890,0,59,0, 
37.7200,11.8,4.1,1.7,-2.9,3.9,5.2,4.6,0,67896,0,60,0, 
37.7233,15.4,5.9,4.1,-3.0,4.6,2.4,7.2,0,67902,0,61,0, 
37.7267,19.0,7.2,5.5,-3.1,6.4,1.0,9.3,0,67908,0,62,0, 
37.7300,20.9,7.8,6.7,-2.0,8.6,3.4,10.7,0,67914,0,63,0, 
37.7333,20.1,7.6,7.4,0.2,9.0,7.9,11.4,0,67920,0,64,0, 
37.7367,16.7,6.5,7.0,2.6,6.6,10.0,11.0,0,67926,0,65,0, 
37.7400,12.2,4.9,4.5,3.5,2.5,6.3,9.4,0,67932,0,66,0, 
37.7433,8.0,3.3,0.9,2.1,-1.1,-1.8,7.1,0,67938,0,67,0, 
37.7467,4.9,2.0,-2.3,-1.1,-2.3,-8.6,5.1,0,67944,0,68,0, 
37.7500,2.9,1.1,-3.5,-4.2,-1.5,-8.6,4.0,0,67950,0,69,0, 
37.7533,1.7,0.5,-3.1,-5.7,-0.4,-1.9,3.8,0,67956,0,70,0, 
37.7567,0.8,0.1,-2.9,-5.0,-0.4,5.4,4.0,0,67962,0,71,0, 
37.7600,0.4,0.2,-3.9,-3.0,-0.9,6.3,3.9,0,67968,0,72,0, 
37.7633,0.5,1.0,-5.5,-1.3,-0.6,-0.6,3.4,0,67974,0,73,0, 
37.7667,0.9,2.5,-5.7,-0.5,1.6,-9.8,3.1,0,67980,0,74,0, 
37.7700,1.3,4.2,-3.3,-0.6,5.0,-12.2,3.7,0,67986,0,75,0, 
37.7733,1.5,5.5,0.6,-0.9,7.5,-3.4,4.9,0,67992,0,76,0, 
37.7767,1.5,6.2,3.7,-0.3,7.4,12.1,5.5,0,67998,0,77,0, 
37.7800,2.1,6.5,4.4,1.3,4.7,23.4,4.4,0,68004,0,78,0, 
37.7833,4.0,7.0,2.9,3.6,0.8,21.4,1.4,0,68010,0,79,0, 
37.7867,7.5,7.8,1.6,5.7,-2.8,5.7,-2.3,0,68016,0,80,0, 
37.7900,11.7,8.9,2.4,7.0,-5.7,-14.3,-5.0,0,68022,0,81,0, 
37.7933,15.1,9.3,5.5,7.1,-7.9,-26.4,-5.8,0,68028,0,82,0, 
37.7967,16.2,8.3,9.1,6.6,-8.8,-24.8,-5.4,0,68034,0,83,0, 
37.8000,14.4,5.4,10.7,5.9,-7.6,-13.5,-5.6,0,68040,0,84,0, 
37.8033,10.8,1.0,9.1,5.4,-3.6,-2.4,-7.3,0,68046,0,85,0, 
37.8067,7.0,-4.0,4.9,4.7,2.1,0.6,-10.2,0,68052,0,86,0, 
37.8100,4.8,-8.6,0.0,3.3,6.9,-4.0,-11.9,0,68058,0,87,0, 
37.8133,4.6,-11.6,-4.0,0.6,8.2,-9.2,-10.5,0,68064,0,88,0, 
37.8167,5.7,-12.6,-6.7,-3.1,5.6,-8.0,-5.8,0,68070,0,89,0, 
37.8200,6.9,-12.0,-8.5,-6.6,1.3,0.0,0.0,0,68076,0,90,0, 
37.8233,7.7,-10.9,-10.1,-8.5,-2.1,9.1,3.9,0,68082,0,91,0, 
37.8267,8.1,-10.1,-11.8,-8.1,-3.1,11.9,4.3,0,68088,0,92,0, 
37.8300,8.9,-10.2,-12.6,-5.7,-2.6,6.5,2.1,0,68094,0,93,0, 
37.8333,10.2,-10.4,-10.9,-2.4,-2.5,-2.8,0.2,0,68100,0,94,0, 
37.8367,11.2,-9.8,-6.1,0.7,-3.8,-8.7,0.8,0,68106,0,95,0, 
37.8400,11.1,-7.6,0.8,2.7,-5.2,-7.1,4.1,0,68112,0,96,0, 
37.8433,9.7,-4.2,6.7,3.6,-4.8,0.6,8.2,0,68118,0,97,0, 
37.8467,8.0,-0.8,8.6,4.0,-2.0,9.4,10.7,0,68124,0,98,0, 
37.8500,7.3,1.7,5.6,4.1,2.0,15.1,10.5,0,68130,0,99,0, 
37.8533,8.0,3.1,0.2,4.3,4.7,16.9,8.3,0,68136,0,100,0, 
37.8567,9.1,4.0,-2.9,4.6,5.0,16.1,5.7,0,68142,0,101,0, 
37.8600,8.8,5.2,-0.6,4.9,4.2,13.9,3.8,0,68148,0,102,0, 
37.8633,5.9,6.7,6.0,4.8,4.7,10.0,2.5,0,68154,0,103,0, 
37.8667,1.1,7.5,12.1,4.1,7.9,4.0,1.1,0,68160,0,104,0, 
37.8700,-3.8,6.6,12.1,2.6,12.3,-3.1,-0.8,0,68166,0,105,0, 
37.8733,-6.8,3.4,5.1,0.7,14.9,-8.5,-2.7,0,68172,0,106,0, 
37.8767,-7.2,-0.9,-4.7,-0.4,13.0,-10.3,-4.1,0,68178,0,107,0, 
37.8800,-6.1,-4.7,-10.4,0.0,6.8,-8.8,-4.2,0,68184,0,108,0, 
37.8833,-4.8,-6.6,-7.8,1.8,-0.9,-6.5,-3.2,0,68190,0,109,0, 
37.8867,-4.4,-6.2,1.1,4.0,-6.0,-5.8,-1.6,0,68196,0,110,0, 
37.8900,-4.9,-4.5,9.8,4.9,-6.0,-6.8,-0.3,0,68202,0,111,0, 
37.8933,-5.6,-3.2,12.2,3.7,-1.4,-7.6,0.3,0,68208,0,112,0, 
37.8967,-5.8,-3.5,6.7,0.8,5.4,-5.9,-0.3,0,68214,0,113,0, 
37.9000,-5.3,-5.4,-3.0,-2.1,10.6,-1.7,-1.8,0,68220,0,114,0, 
37.9033,-4.3,-7.9,-10.8,-3.4,11.9,3.0,-3.4,0,68226,0,115,0, 
37.9067,-3.3,-9.3,-13.0,-2.7,9.3,5.7,-4.4,0,68232,0,116,0, 
37.9100,-2.5,-8.8,-10.3,-0.9,4.6,6.0,-4.3,0,68238,0,117,0, 
37.9133,-1.9,-6.4,-6.4,0.5,0.6,4.7,-3.5,0,68244,0,118,0, 
37.9167,-1.4,-3.2,-4.4,1.0,-0.9,3.1,-3.2,0,68250,0,119,0, 
37.9200,-0.8,-0.6,-5.2,1.3,-0.1,0.9,-4.1,0,68256,0,120,0, 
37.9233,-0.1,0.5,-6.6,2.2,1.6,-2.7,-6.3,0,68262,0,121,0, 
37.9267,0.5,0.6,-6.0,4.4,2.5,-7.8,-8.5,0,68268,0,122,0, 
37.9300,0.7,1.0,-2.0,7.0,2.1,-12.9,-9.1,0,68274,0,123,0, 
37.9333,-0.3,2.3,4.4,8.6,1.1,-15.8,-7.3,0,68280,0,124,0, 
37.9367,-2.6,4.3,9.8,8.3,0.4,-15.5,-3.7,0,68286,0,125,0, 
37.9400,-5.4,5.6,11.1,6.4,0.4,-13.0,0.3,0,68292,0,126,0, 
37.9433,-7.6,4.9,6.6,4.2,0.4,-10.2,3.2,0,68298,0,127,0, 
37.9467,-8.1,2.3,-1.5,3.2,-0.2,-8.2,4.7,0,68304,0,128,0, 
37.9500,-7.2,-0.2,-8.2,3.8,-1.3,-6.2,5.3,0,68310,0,129,0, 
37.9533,-5.8,-0.4,-8.0,5.6,-1.8,-3.4,5.8,0,68316,0,130,0, 
37.9567,-5.0,2.8,1.0,7.6,-0.8,-0.1,6.1,0,68322,0,131,0, 
37.9600,-5.1,7.9,14.9,9.0,1.3,1.7,5.5,0,68328,0,132,0, 
37.9633,-5.4,11.8,25.9,9.4,3.0,0.1,3.4,0,68334,0,133,0, 
37.9667,-4.9,11.7,26.8,8.7,2.8,-4.2,0.3,0,68340,0,134,0, 
37.9700,-3.9,7.0,16.2,7.2,0.6,-7.9,-2.5,0,68346,0,135,0, 
37.9733,-3.6,0.2,-0.2,5.1,-2.2,-7.6,-3.6,0,68352,0,136,0, 
37.9767,-5.6,-5.6,-13.2,2.8,-3.6,-2.7,-2.6,0,68358,0,137,0, 
37.9800,-9.9,-8.2,-16.9,0.6,-2.3,3.4,-1.0,0,68364,0,138,0, 
37.9833,-14.9,-7.8,-12.1,-1.3,1.4,5.7,-0.6,0,68370,0,139,0, 
37.9867,-17.9,-6.5,-5.0,-3.0,5.7,1.3,-2.7,0,68376,0,140,0, 
37.9900,-16.8,-6.1,-2.3,-4.4,8.4,-7.9,-6.6,0,68382,0,141,0, 
37.9933,-12.1,-6.9,-5.5,-5.2,8.2,-16.1,-9.5,0,68388,0,142,0, 
37.9967,-5.7,-7.6,-10.7,-4.8,5.1,-17.6,-8.8,0,68394,0,143,0, 
38.0000,-0.7,-6.7,-12.7,-2.8,0.5,-10.1,-3.5,0,68400,0,144,0, 
38.0033,1.4,-3.7,-8.9,0.4,-3.2,3.3,4.3,0,68406,0,145,0, 
38.0067,0.9,0.3,-1.6,3.4,-4.2,16.6,11.0,0,68412,0,146,0, 
38.0100,-0.3,3.5,5.2,5.0,-2.1,23.3,13.0,0,68418,0,147,0, 
38.0133,-0.7,4.4,8.2,4.8,1.4,20.0,9.3,0,68424,0,148,0, 
38.0167,0.4,3.1,7.2,3.6,3.6,7.6,2.2,0,68430,0,149,0, 
38.0200,2.0,0.5,3.8,2.7,3.0,-8.4,-4.7,0,68436,0,150,0, 
38.0233,2.8,-1.7,-0.4,2.7,-0.1,-20.9,-8.2,0,68442,0,151,0, 
38.0267,1.7,-1.8,-4.0,3.3,-3.8,-24.2,-7.6,0,68448,0,152,0, 
38.0300,-0.8,0.6,-5.2,3.7,-6.0,-17.2,-4.1,0,68454,0,153,0, 
38.0333,-3.1,5.1,-2.4,3.4,-6.5,-4.0,0.0,0,68460,0,154,0, 
38.0367,-3.6,9.8,4.5,2.6,-6.3,7.8,3.2,0,68466,0,155,0, 
38.0400,-2.0,12.5,12.6,2.0,-6.2,12.2,5.0,0,68472,0,156,0, 
38.0433,0.6,12.0,16.9,1.6,-5.5,8.1,5.7,0,68478,0,157,0, 
38.0467,2.1,8.5,13.3,1.1,-2.9,0.0,5.5,0,68484,0,158,0, 
38.0500,1.2,4.1,2.6,-0.3,2.1,-5.4,4.9,0,68490,0,159,0, 
38.0533,-1.8,1.3,-9.0,-2.3,7.8,-3.7,4.9,0,68496,0,160,0, 
38.0567,-5.3,1.4,-13.9,-3.8,11.2,4.3,6.2,0,68502,0,161,0, 
38.0600,-7.6,3.8,-8.4,-3.5,10.6,13.6,9.3,0,68508,0,162,0, 
38.0633,-7.9,6.4,3.9,-1.3,7.2,18.6,13.1,0,68514,0,163,0, 
38.0667,-6.6,7.6,14.7,1.8,3.9,16.8,15.3,0,68520,0,164,0, 
38.0700,-5.1,6.8,16.8,4.0,3.2,10.2,14.0,0,68526,0,165,0, 
38.0733,-4.0,4.9,9.2,4.0,4.6,3.4,9.1,0,68532,0,166,0, 
38.0767,-3.3,2.8,-2.6,2.2,5.5,0.8,2.8,0,68538,0,167,0, 
38.0800,-2.7,1.3,-11.0,0.2,3.9,3.4,-1.6,0,68544,0,168,0, 
38.0833,-2.0,0.5,-11.0,-0.5,0.6,8.7,-2.4,0,68550,0,169,0, 
38.0867,-1.4,0.8,-3.7,0.6,-1.8,12.5,-0.1,0,68556,0,170,0, 
38.0900,-1.1,2.9,6.0,2.9,-1.2,11.8,2.7,0,68562,0,171,0, 
38.0933,-0.7,6.8,12.3,4.8,1.9,6.7,3.8,0,68568,0,172,0, 
38.0967,0.6,11.4,12.4,5.2,4.4,0.7,2.9,0,68574,0,173,0, 
38.1000,3.3,14.4,7.2,3.9,3.6,-2.8,1.6,0,68580,0,174,0, 
38.1033,6.7,14.0,0.4,1.9,-0.2,-2.2,1.4,0,68586,0,175,0, 
38.1067,9.2,10.1,-4.6,0.1,-3.9,1.2,2.9,0,68592,0,176,0, 
38.1100,9.5,5.0,-5.7,-0.8,-3.7,4.7,4.8,0,68598,0,177,0, 
38.1133,7.7,1.7,-3.6,-1.0,1.3,6.7,5.9,0,68604,0,178,0, 
38.1167,5.0,1.8,-0.3,-1.2,8.7,7.8,6.2,0,68610,0,179,0, 
38.1200,3.4,4.5,2.5,-2.0,14.6,10.0,7.2,0,68616,0,180,0, 
38.1233,3.8,7.7,4.3,-3.4,16.2,13.9,10.3,0,68622,0,181,0, 
38.1267,5.2,9.3,5.5,-4.8,13.2,17.9,15.2,0,68628,0,182,0, 
38.1300,6.1,8.5,6.4,-5.3,7.4,19.4,19.0,0,68634,0,183,0, 
38.1333,5.1,6.1,6.1,-4.9,1.3,16.7,18.6,0,68640,0,184,0, 
38.1367,2.4,3.0,2.7,-4.1,-3.7,11.0,12.6,0,68646,0,185,0, 
38.1400,-0.3,0.2,-4.1,-3.8,-6.4,5.1,3.4,0,68652,0,186,0, 
38.1433,-1.4,-1.5,-12.0,-4.3,-6.2,1.8,-4.6,0,68658,0,187,0, 
38.1467,-0.6,-1.9,-16.5,-5.1,-3.1,2.0,-7.2,0,68664,0,188,0, 
38.1500,1.2,-0.7,-14.5,-5.2,2.0,4.5,-4.0,0,68670,0,189,0, 
38.1533,2.5,1.5,-6.4,-3.8,6.4,7.6,2.2,0,68676,0,190,0, 
38.1567,2.1,3.9,3.1,-1.4,7.7,10.2,6.8,0,68682,0,191,0, 
38.1600,0.4,5.4,8.9,1.1,4.9,11.9,7.2,0,68688,0,192,0, 
38.1633,-1.2,5.7,8.8,2.4,-0.1,12.9,4.5,0,68694,0,193,0, 
38.1667,-1.8,5.7,5.1,2.2,-3.9,12.8,2.1,0,68700,0,194,0, 
38.1700,-1.2,6.1,2.2,1.2,-3.2,12.0,2.8,0,68706,0,195,0, 
38.1733,0.0,7.2,3.0,0.5,1.7,11.0,6.6,0,68712,0,196,0, 
38.1767,0.3,8.4,6.8,0.8,7.7,10.3,10.7,0,68718,0,197,0, 
38.1800,-0.8,8.5,10.2,2.4,10.3,9.9,11.8,0,68724,0,198,0, 
38.1833,-3.3,7.6,10.8,4.3,7.2,9.2,9.1,0,68730,0,199,0, 
38.1867,-6.1,6.5,8.3,5.9,0.2,7.9,4.9,0,68736,0,200,0, 
38.1900,-8.5,6.7,5.2,6.3,-6.2,7.1,2.6,0,68742,0,201,0, 
38.1933,-9.7,8.9,3.6,5.5,-8.0,8.5,4.1,0,68748,0,202,0, 
38.1967,-9.7,12.1,4.0,4.1,-4.8,12.4,8.3,0,68754,0,203,0, 
38.2000,-8.6,15.0,5.1,2.9,0.0,16.8,11.9,0,68760,0,204,0, 
38.2033,-7.0,16.2,5.1,2.6,2.1,17.8,12.4,0,68766,0,205,0, 
38.2067,-5.2,15.6,3.7,3.2,-0.6,13.2,9.4,0,68772,0,206,0, 
38.2100,-3.5,14.3,1.9,4.3,-6.0,4.0,4.7,0,68778,0,207,0, 
38.2133,-2.1,13.7,2.1,5.3,-9.7,-5.1,1.3,0,68784,0,208,0, 
38.2167,-0.8,14.9,5.9,5.7,-8.6,-9.7,1.0,0,68790,0,209,0, 
38.2200,0.8,17.8,13.3,5.9,-3.4,-8.1,3.8,0,68796,0,210,0, 
38.2233,3.0,21.5,21.8,6.2,1.9,-2.4,8.9,0,68802,0,211,0, 
38.2267,5.5,24.3,27.3,6.6,3.5,4.7,14.6,0,68808,0,212,0, 
38.2300,7.5,24.6,25.9,6.8,0.9,11.7,19.5,0,68814,0,213,0, 
38.2333,8.3,21.6,16.5,5.9,-2.7,18.4,22.3,0,68820,0,214,0, 
38.2367,7.5,15.9,2.8,3.8,-3.7,23.3,21.6,0,68826,0,215,0, 
38.2400,5.9,9.8,-9.0,1.1,-1.0,23.3,17.0,0,68832,0,216,0, 
38.2433,4.9,5.4,-13.3,-1.2,3.1,14.9,9.8,0,68838,0,217,0, 
38.2467,5.4,4.1,-9.2,-1.8,5.2,-0.5,2.8,0,68844,0,218,0, 
38.2500,7.3,5.1,-0.7,-0.6,3.7,-15.5,-1.1,0,68850,0,219,0, 
38.2533,9.2,6.6,6.4,1.6,0.4,-20.0,-0.5,0,68856,0,220,0, 
38.2567,9.5,6.6,8.2,3.8,-1.3,-9.2,3.6,0,68862,0,221,0, 
38.2600,7.8,4.2,4.6,4.9,0.3,11.8,7.8,0,68868,0,222,0, 
38.2633,5.3,-0.1,-1.6,4.6,3.7,29.7,8.9,0,68874,0,223,0, 
38.2667,4.0,-4.9,-7.3,3.2,5.4,32.5,5.5,0,68880,0,224,0, 
38.2700,4.8,-8.7,-10.7,1.4,2.8,17.5,-1.3,0,68886,0,225,0, 
38.2733,6.9,-10.4,-11.2,0.1,-3.3,-6.2,-8.3,0,68892,0,226,0, 
38.2767,8.1,-9.7,-8.8,-0.4,-9.4,-24.3,-12.7,0,68898,0,227,0, 
38.2800,6.9,-7.3,-4.4,0.0,-12.2,-26.9,-13.3,0,68904,0,228,0, 
38.2833,3.0,-4.9,-0.1,0.7,-10.4,-14.6,-10.8,0,68910,0,229,0, 
38.2867,-1.5,-4.2,0.6,1.3,-5.7,2.9,-7.3,0,68916,0,230,0, 
38.2900,-4.3,-6.2,-3.8,1.2,-1.2,14.5,-4.6,0,68922,0,231,0, 
38.2933,-4.4,-9.6,-11.1,0.8,0.8,14.4,-3.9,0,68928,0,232,0, 
38.2967,-2.6,-11.9,-15.7,0.3,-0.2,4.7,-5.0,0,68934,0,233,0, 
38.3000,-0.8,-11.0,-12.7,-0.1,-3.0,-7.4,-6.9,0,68940,0,234,0, 
38.3033,-0.3,-7.1,-3.3,-0.5,-5.7,-15.1,-8.5,0,68946,0,235,0, 
38.3067,-1.0,-3.0,5.5,-1.6,-6.8,-15.2,-8.8,0,68952,0,236,0, 
38.3100,-1.5,-2.1,5.4,-3.7,-5.6,-9.5,-7.5,0,68958,0,237,0, 
38.3133,-0.9,-5.7,-5.7,-6.6,-2.8,-2.4,-5.5,0,68964,0,238,0, 
38.3167,0.6,-11.9,-21.2,-9.4,0.2,1.7,-3.8,0,68970,0,239,0, 
38.3200,1.3,-16.9,-30.1,-11.4,1.6,0.6,-3.5,0,68976,0,240,0, 
38.3233,-0.2,-18.0,-26.2,-12.3,0.7,-4.5,-5.0,0,68982,0,241,0, 
38.3267,-4.0,-15.6,-13.0,-12.4,-2.0,-11.0,-7.7,0,68988,0,242,0, 
38.3300,-8.3,-12.9,-1.2,-12.3,-5.0,-15.6,-10.3,0,68994,0,243,0, 
38.3333,-11.0,-12.9,-0.4,-12.4,-7.0,-16.9,-12.2,0,69000,0,244,0, 
38.3367,-11.2,-16.4,-11.2,-12.6,-7.3,-14.7,-13.0,0,69006,0,245,0, 
38.3400,-9.6,-21.4,-25.6,-12.7,-6.7,-10.0,-13.0,0,69012,0,246,0, 
38.3433,-8.0,-24.9,-33.4,-12.6,-6.1,-4.1,-12.9,0,69018,0,247,0, 
38.3467,-7.5,-24.9,-30.4,-12.5,-5.9,1.0,-12.8,0,69024,0,248,0, 
38.3500,-7.7,-21.8,-20.4,-12.0,-5.9,3.2,-12.7,0,69030,0,249,0, 
38.3533,-7.0,-17.1,-11.2,-10.8,-5.8,0.5,-12.5,0,69036,0,250,0, 
38.3567,-4.0,-12.5,-8.2,-8.8,-5.6,-7.6,-12.3,0,69042,0,251,0, 
38.3600,0.8,-9.0,-10.7,-6.3,-5.8,-18.1,-12.3,0,69048,0,252,0, 
38.3633,5.2,-7.0,-14.1,-4.3,-6.7,-25.5,-12.4,0,69054,0,253,0, 
38.3667,6.9,-6.6,-14.7,-3.8,-7.7,-25.3,-12.3,0,69060,0,254,0, 
38.3700,4.9,-8.1,-12.1,-5.0,-7.9,-16.8,-11.3,0,69066,0,255,0, 
38.3733,0.6,-10.8,-8.8,-7.1,-6.5,-4.9,-9.7,0,69072,0,0,0, 
38.3767,-3.2,-13.7,-7.4,-8.8,-3.8,3.3,-8.1,0,69078,0,1,0, 
38.3800,-4.3,-15.3,-8.2,-9.2,-1.3,3.4,-7.6,0,69084,0,2,0, 
38.3833,-2.3,-14.8,-9.9,-8.6,-0.2,-2.9,-8.8,0,69090,0,3,0, 
38.3867,1.3,-12.9,-11.3,-7.9,-0.9,-9.6,-11.0,0,69096,0,4,0, 
38.3900,4.1,-10.8,-12.4,-7.9,-2.6,-11.3,-12.8,0,69102,0,5,0, 
38.3933,4.9,-9.7,-13.4,-8.6,-3.8,-7.4,-12.8,0,69108,0,6,0, 
38.3967,3.6,-9.2,-13.5,-9.0,-3.5,-1.9,-10.6,0,69114,0,7,0, 
38.4000,1.3,-8.1,-11.1,-8.4,-1.5,0.3,-6.9,0,69120,0,8,0, 
38.4033,-1.1,-5.1,-5.1,-6.6,1.4,-1.6,-3.0,0,69126,0,9,0, 
38.4067,-3.0,-0.7,3.3,-4.2,3.9,-4.4,-0.2,0,69132,0,10,0, 
38.4100,-4.3,3.3,10.7,-2.1,5.2,-4.0,0.9,0,69138,0,11,0, 
38.4133,-4.8,4.5,13.3,-1.0,4.7,0.4,0.7,0,69144,0,12,0, 
38.4167,-4.1,2.1,9.4,-0.8,2.5,5.5,-0.5,0,69150,0,13,0, 
38.4200,-2.2,-2.6,1.0,-1.1,-0.6,6.1,-2.0,0,69156,0,14,0, 
38.4233,0.3,-6.9,-7.5,-1.8,-3.8,0.4,-3.3,0,69162,0,15,0, 
38.4267,2.5,-8.2,-12.0,-2.6,-6.1,-9.4,-4.2,0,69168,0,16,0, 
38.4300,3.9,-6.0,-11.2,-3.4,-6.8,-17.7,-4.6,0,69174,0,17,0, 
38.4333,4.4,-2.0,-7.3,-4.2,-6.1,-20.5,-4.3,0,69180,0,18,0, 
38.4367,4.7,1.6,-3.6,-4.5,-4.6,-17.0,-3.3,0,69186,0,19,0, 
38.4400,5.3,3.1,-2.3,-4.3,-2.7,-9.5,-1.7,0,69192,0,20,0, 
38.4433,5.8,3.0,-3.1,-3.8,-0.8,-1.3,0.5,0,69198,0,21,0, 
38.4467,5.5,2.5,-3.4,-3.0,1.4,5.6,2.9,0,69204,0,22,0, 
38.4500,4.0,3.2,-1.0,-2.2,3.7,10.3,4.9,0,69210,0,23,0, 
38.4533,1.9,4.8,3.6,-1.2,5.5,12.1,5.7,0,69216,0,24,0, 
38.4567,0.5,5.9,7.5,0.1,5.5,10.0,4.3,0,69222,0,25,0, 
38.4600,0.4,4.9,7.2,1.4,3.0,3.7,0.1,0,69228,0,26,0, 
38.4633,1.0,1.3,1.6,2.0,-1.4,-5.2,-6.4,0,69234,0,27,0, 
38.4667,0.7,-4.0,-6.3,1.3,-5.5,-13.2,-13.7,0,69240,0,28,0, 
38.4700,-1.7,-9.1,-12.0,-0.8,-6.9,-16.7,-19.5,0,69246,0,29,0, 
38.4733,-6.0,-12.3,-12.6,-3.5,-4.9,-14.5,-22.2,0,69252,0,30,0, 
38.4767,-10.5,-13.1,-9.2,-5.8,-1.1,-9.1,-21.5,0,69258,0,31,0, 
38.4800,-13.0,-11.8,-6.1,-6.8,1.4,-5.2,-18.3,0,69264,0,32,0, 
38.4833,-13.0,-9.2,-6.7,-6.4,0.6,-5.9,-14.7,0,69270,0,33,0, 
38.4867,-11.5,-5.8,-10.9,-5.4,-3.1,-10.7,-12.1,0,69276,0,34,0, 
38.4900,-10.4,-2.1,-14.7,-4.6,-6.8,-15.9,-10.5,0,69282,0,35,0, 
38.4933,-10.7,1.3,-14.4,-4.1,-7.7,-17.2,-9.3,0,69288,0,36,0, 
38.4967,-11.9,3.3,-9.5,-3.8,-4.8,-13.4,-7.7,0,69294,0,37,0, 
38.5000,-12.4,3.0,-3.6,-3.0,-0.3,-7.1,-5.5,0,69300,0,38,0, 
38.5033,-11.2,0.4,-1.4,-1.5,2.6,-3.0,-3.1,0,69306,0,39,0, 
38.5067,-8.6,-3.3,-4.5,0.1,2.3,-3.3,-1.1,0,69312,0,40,0, 
38.5100,-6.2,-6.2,-10.3,1.2,-0.6,-6.4,0.4,0,69318,0,41,0, 
38.5133,-5.4,-7.1,-14.2,1.3,-3.2,-8.1,1.9,0,69324,0,42,0, 
38.5167,-6.4,-6.3,-13.6,0.6,-3.5,-5.3,3.7,0,69330,0,43,0, 
38.5200,-7.8,-5.1,-10.2,-0.3,-1.5,0.4,5.4,0,69336,0,44,0, 
38.5233,-8.3,-5.0,-7.6,-0.8,1.1,4.6,5.8,0,69342,0,45,0, 
38.5267,-7.3,-6.0,-8.0,-0.7,2.6,3.2,4.3,0,69348,0,46,0, 
38.5300,-5.5,-6.8,-10.1,-0.4,2.4,-3.2,1.1,0,69354,0,47,0, 
38.5333,-4.3,-6.2,-10.2,0.1,1.4,-9.7,-2.3,0,69360,0,48,0, 
38.5367,-4.5,-3.8,-6.1,0.7,0.2,-10.7,-4.4,0,69366,0,49,0, 
38.5400,-5.7,-0.8,0.5,1.8,-1.1,-5.3,-4.9,0,69372,0,50,0, 
38.5433,-7.0,1.1,5.4,3.6,-3.3,2.1,-4.7,0,69378,0,51,0, 
38.5467,-7.7,1.2,5.2,5.6,-6.3,5.2,-4.9,0,69384,0,52,0, 
38.5500,-7.8,0.3,0.1,6.6,-8.8,1.5,-6.0,0,69390,0,53,0, 
38.5533,-7.8,-0.2,-6.5,5.9,-8.6,-5.7,-7.4,0,69396,0,54,0, 
38.5567,-8.3,0.3,-10.5,3.7,-4.6,-9.8,-8.0,0,69402,0,55,0, 
38.5600,-9.1,1.0,-10.0,1.2,2.0,-7.0,-7.4,0,69408,0,56,0, 
38.5633,-10.0,0.5,-6.2,-0.1,8.0,0.0,-6.2,0,69414,0,57,0, 
38.5667,-10.6,-2.2,-2.1,0.5,10.2,4.5,-6.0,0,69420,0,58,0, 
38.5700,-10.8,-6.0,-0.4,2.2,7.6,1.5,-7.3,0,69426,0,59,0, 
38.5733,-10.8,-9.0,-2.3,3.3,1.9,-7.6,-9.7,0,69432,0,60,0, 
38.5767,-10.7,-9.9,-7.4,2.4,-3.1,-16.1,-11.7,0,69438,0,61,0, 
38.5800,-10.4,-9.0,-14.1,-0.3,-4.8,-17.6,-12.3,0,69444,0,62,0, 
38.5833,-9.6,-8.1,-20.4,-3.4,-2.7,-11.6,-11.3,0,69450,0,63,0, 
38.5867,-8.3,-8.9,-24.1,-5.1,1.0,-3.1,-10.0,0,69456,0,64,0, 
38.5900,-7.0,-11.4,-23.6,-4.4,3.8,1.3,-9.2,0,69462,0,65,0, 
38.5933,-6.0,-13.7,-18.9,-1.9,3.9,-0.5,-9.1,0,69468,0,66,0, 
38.5967,-5.7,-13.9,-12.1,0.8,2.2,-5.4,-8.8,0,69474,0,67,0, 
38.6000,-5.9,-11.1,-6.2,2.0,0.6,-7.9,-7.3,0,69480,0,68,0, 
38.6033,-6.3,-6.9,-3.8,1.1,0.5,-5.8,-4.4,0,69486,0,69,0, 
38.6067,-6.2,-3.5,-5.2,-1.5,2.0,-1.4,-1.2,0,69492,0,70,0, 
38.6100,-5.4,-3.0,-8.9,-4.4,3.7,0.8,1.1,0,69498,0,71,0, 
38.6133,-3.6,-5.4,-12.4,-6.5,4.3,-1.2,1.6,0,69504,0,72,0, 
38.6167,-1.3,-9.3,-13.9,-7.0,3.2,-5.3,0.7,0,69510,0,73,0, 
38.6200,1.0,-12.9,-13.4,-6.1,1.5,-7.6,-0.7,0,69516,0,74,0, 
38.6233,2.1,-15.1,-11.6,-4.4,0.4,-6.5,-1.9,0,69522,0,75,0, 
38.6267,1.4,-15.9,-10.1,-2.9,0.8,-4.0,-3.0,0,69528,0,76,0, 
38.6300,-0.9,-16.1,-9.5,-2.2,2.5,-3.1,-4.5,0,69534,0,77,0, 
38.6333,-3.4,-16.0,-9.7,-2.5,5.1,-4.0,-6.3,0,69540,0,78,0, 
38.6367,-4.5,-15.3,-10.0,-3.3,8.0,-3.4,-7.2,0,69546,0,79,0, 
38.6400,-3.2,-13.6,-9.2,-3.9,10.4,2.0,-6.0,0,69552,0,80,0, 
38.6433,0.2,-10.7,-6.4,-3.3,11.7,11.5,-2.5,0,69558,0,81,0, 
38.6467,4.2,-7.3,-1.7,-1.3,11.1,18.9,1.9,0,69564,0,82,0, 
38.6500,7.0,-4.2,3.5,1.7,8.3,17.4,4.8,0,69570,0,83,0, 
38.6533,7.4,-2.1,7.0,4.4,4.1,5.9,4.6,0,69576,0,84,0, 
38.6567,5.7,-1.2,6.6,5.8,0.3,-8.7,1.6,0,69582,0,85,0, 
38.6600,2.8,-0.9,2.1,5.1,-1.7,-16.3,-1.8,0,69588,0,86,0, 
38.6633,-0.3,-0.8,-4.5,3.0,-1.7,-11.2,-3.5,0,69594,0,87,0, 
38.6667,-3.3,-1.1,-10.1,0.5,-0.9,2.7,-3.1,0,69600,0,88,0, 
38.6700,-5.9,-2.3,-11.9,-1.2,-0.6,14.0,-2.4,0,69606,0,89,0, 
38.6733,-8.1,-4.7,-9.9,-1.6,-0.7,12.7,-4.0,0,69612,0,90,0, 
38.6767,-9.2,-7.6,-6.4,-0.8,0.0,-1.7,-8.3,0,69618,0,91,0, 
38.6800,-8.7,-9.6,-4.0,0.3,2.6,-19.6,-13.2,0,69624,0,92,0, 
38.6833,-7.0,-9.4,-4.3,0.8,6.6,-28.0,-15.1,0,69630,0,93,0, 
38.6867,-5.3,-7.2,-6.3,0.2,9.8,-20.8,-11.5,0,69636,0,94,0, 
38.6900,-5.1,-4.5,-8.0,-1.4,9.8,-3.1,-3.8,0,69642,0,95,0, 
38.6933,-7.0,-3.3,-8.1,-3.3,6.0,12.0,3.6,0,69648,0,96,0, 
38.6967,-10.4,-4.7,-7.0,-4.7,0.4,13.6,5.7,0,69654,0,97,0, 
38.7000,-13.7,-7.8,-6.1,-5.3,-3.7,1.0,1.1,0,69660,0,98,0, 
38.7033,-15.4,-10.6,-6.2,-4.9,-4.4,-16.4,-7.2,0,69666,0,99,0, 
38.7067,-15.3,-11.1,-7.0,-4.2,-2.1,-25.7,-13.6,0,69672,0,100,0, 
38.7100,-14.2,-9.5,-6.8,-3.5,0.5,-20.0,-13.7,0,69678,0,101,0, 
38.7133,-13.3,-7.2,-4.6,-3.1,1.2,-3.1,-7.8,0,69684,0,102,0, 
38.7167,-13.1,-6.2,-0.8,-2.5,-0.2,13.6,-0.2,0,69690,0,103,0, 
38.7200,-12.8,-6.8,3.0,-1.3,-2.2,19.7,3.5,0,69696,0,104,0, 
38.7233,-11.0,-7.9,5.2,0.6,-3.0,12.7,1.1,0,69702,0,105,0, 
38.7267,-6.9,-7.5,5.3,2.6,-2.0,-0.7,-5.2,0,69708,0,106,0, 
38.7300,-1.1,-5.0,4.1,4.1,-0.2,-11.1,-10.5,0,69714,0,107,0, 
38.7333,4.8,-1.3,2.9,4.5,0.8,-12.9,-10.8,0,69720,0,108,0, 
38.7367,9.1,1.7,2.7,3.9,0.7,-8.4,-6.2,0,69726,0,109,0, 
38.7400,11.0,3.0,3.5,2.9,-0.2,-4.1,-0.1,0,69732,0,110,0, 
38.7433,11.0,3.5,5.0,2.5,-0.7,-4.8,3.5,0,69738,0,111,0, 
38.7467,9.9,4.8,6.8,2.7,-0.6,-9.7,3.6,0,69744,0,112,0, 
38.7500,8.6,7.8,8.5,3.3,-0.4,-13.6,2.0,0,69750,0,113,0, 
38.7533,7.2,11.2,9.3,3.7,-1.0,-12.6,1.3,0,69756,0,114,0, 
38.7567,5.5,12.7,8.6,3.3,-2.5,-7.6,2.4,0,69762,0,115,0, 
38.7600,3.6,10.5,6.2,2.6,-4.1,-3.1,3.5,0,69768,0,116,0, 
38.7633,1.6,5.4,3.2,2.1,-4.5,-2.8,2.3,0,69774,0,117,0, 
38.7667,0.1,0.5,1.6,2.6,-2.9,-6.0,-1.4,0,69780,0,118,0, 
38.7700,-0.6,-1.1,3.0,4.3,0.3,-8.6,-5.5,0,69786,0,119,0, 
38.7733,-0.6,1.2,7.2,6.5,3.8,-7.2,-7.2,0,69792,0,120,0, 
38.7767,-0.3,4.9,11.9,8.0,6.1,-2.8,-5.7,0,69798,0,121,0, 
38.7800,0.0,6.4,13.9,7.8,5.9,0.3,-3.1,0,69804,0,122,0, 
38.7833,0.5,3.6,11.0,5.4,3.4,-1.4,-2.6,0,69810,0,123,0, 
38.7867,1.4,-2.5,4.1,1.4,-0.4,-6.7,-5.7,0,69816,0,124,0, 
38.7900,2.8,-8.6,-3.6,-2.8,-3.7,-10.8,-10.5,0,69822,0,125,0, 
38.7933,4.1,-11.8,-8.4,-5.8,-5.0,-9.4,-13.8,0,69828,0,126,0, 
38.7967,4.5,-11.7,-8.4,-6.9,-3.7,-2.9,-13.3,0,69834,0,127,0, 
38.8000,3.9,-10.3,-4.8,-6.2,-1.0,3.9,-9.7,0,69840,0,128,0, 
38.8033,2.6,-10.1,-0.7,-4.9,1.7,6.4,-5.8,0,69846,0,129,0, 
38.8067,1.4,-11.8,0.5,-3.9,2.8,4.2,-3.8,0,69852,0,130,0, 
38.8100,0.8,-14.2,-2.3,-4.1,2.4,1.3,-3.7,0,69858,0,131,0, 
38.8133,0.6,-15.0,-7.8,-5.0,1.1,2.1,-3.6,0,69864,0,132,0, 
38.8167,0.2,-13.3,-12.9,-6.1,-0.1,6.9,-2.3,0,69870,0,133,0, 
38.8200,-0.6,-9.9,-14.5,-6.4,-0.9,11.4,-0.2,0,69876,0,134,0, 
38.8233,-1.3,-6.6,-11.5,-5.6,-1.6,10.9,0.7,0,69882,0,135,0, 
38.8267,-0.9,-4.8,-5.0,-4.0,-2.4,5.3,-0.6,0,69888,0,136,0, 
38.8300,0.8,-4.0,1.8,-2.2,-2.7,-0.6,-3.0,0,69894,0,137,0, 
38.8333,3.5,-3.4,6.0,-0.8,-1.9,-1.3,-3.8,0,69900,0,138,0, 
38.8367,6.2,-1.8,5.8,-0.2,0.0,4.5,-1.1,0,69906,0,139,0, 
38.8400,7.7,0.3,2.3,-0.1,1.5,12.0,4.1,0,69912,0,140,0, 
38.8433,8.2,2.3,-1.6,-0.1,1.2,13.9,8.5,0,69918,0,141,0, 
38.8467,8.0,3.2,-2.9,0.1,-1.3,6.9,8.5,0,69924,0,142,0, 
38.8500,7.8,3.1,-0.3,0.3,-4.1,-5.5,3.9,0,69930,0,143,0, 
38.8533,7.8,2.4,4.5,0.1,-4.4,-14.9,-2.6,0,69936,0,144,0, 
38.8567,7.9,1.9,8.2,-1.0,-0.7,-14.6,-6.6,0,69942,0,145,0, 
38.8600,8.4,1.6,7.9,-3.0,5.5,-4.7,-5.8,0,69948,0,146,0, 
38.8633,9.5,1.4,2.9,-5.4,10.3,8.4,-1.2,0,69954,0,147,0, 
38.8667,11.9,0.7,-4.4,-7.2,10.4,16.5,3.2,0,69960,0,148,0, 
38.8700,14.8,-0.3,-9.9,-7.5,5.5,15.7,4.3,0,69966,0,149,0, 
38.8733,16.5,-1.2,-10.3,-6.2,-0.8,8.6,1.7,0,69972,0,150,0, 
38.8767,15.2,-1.3,-5.1,-3.7,-4.1,1.7,-1.5,0,69978,0,151,0, 
38.8800,10.5,-0.3,2.9,-0.9,-2.3,0.2,-1.3,0,69984,0,152,0, 
38.8833,4.4,1.7,9.5,1.2,2.8,4.7,3.8,0,69990,0,153,0, 
38.8867,0.3,4.2,11.5,2.2,6.5,11.7,12.2,0,69996,0,154,0, 
38.8900,0.6,6.4,8.4,2.3,5.4,16.6,19.4,0,70002,0,155,0, 
38.8933,5.3,7.8,2.9,1.8,-0.4,16.8,21.8,0,70008,0,156,0, 
38.8967,11.6,7.9,-1.6,0.9,-7.1,12.7,18.5,0,70014,0,157,0, 
38.9000,16.3,7.2,-2.8,-0.3,-9.9,6.5,11.6,0,70020,0,158,0, 
38.9033,17.7,6.1,-1.3,-1.6,-7.1,0.9,4.8,0,70026,0,159,0, 
38.9067,16.6,5.5,0.9,-2.9,-0.8,-2.0,0.8,0,70032,0,160,0, 
38.9100,15.0,5.6,2.2,-4.0,4.6,-0.6,0.1,0,70038,0,161,0, 
38.9133,14.3,5.8,2.2,-4.7,5.7,4.9,1.1,0,70044,0,162,0, 
38.9167,14.3,4.7,1.9,-5.2,2.4,12.1,1.3,0,70050,0,163,0, 
38.9200,13.4,1.3,1.9,-5.7,-1.9,16.3,-0.6,0,70056,0,164,0, 
38.9233,10.6,-4.4,1.6,-6.3,-3.3,13.6,-5.0,0,70062,0,165,0, 
38.9267,6.0,-10.9,-0.4,-7.2,-0.5,3.8,-10.7,0,70068,0,166,0, 
38.9300,1.0,-16.1,-4.5,-8.2,4.8,-8.8,-16.3,0,70074,0,167,0, 
38.9333,-2.6,-18.7,-9.4,-8.8,8.8,-17.7,-20.7,0,70080,0,168,0, 
38.9367,-4.0,-18.6,-13.2,-8.9,8.4,-19.1,-23.2,0,70086,0,169,0, 
38.9400,-3.3,-17.0,-14.5,-8.3,3.5,-14.6,-23.5,0,70092,0,170,0, 
38.9433,-1.0,-15.4,-13.9,-7.3,-3.2,-9.4,-21.6,0,70098,0,171,0, 
38.9467,2.0,-14.2,-12.8,-6.0,-8.2,-7.4,-17.8,0,70104,0,172,0, 
38.9500,5.0,-12.8,-11.8,-4.5,-9.5,-8.0,-12.7,0,70110,0,173,0, 
38.9533,7.1,-10.3,-10.0,-3.3,-7.5,-6.7,-7.3,0,70116,0,174,0, 
38.9567,7.8,-6.4,-5.8,-2.3,-4.0,0.2,-2.2,0,70122,0,175,0, 
38.9600,7.2,-1.8,0.8,-1.7,-0.8,11.6,2.0,0,70128,0,176,0, 
38.9633,6.1,2.0,7.5,-1.6,1.5,22.1,5.4,0,70134,0,177,0, 
38.9667,5.7,3.9,10.5,-2.0,3.3,25.9,8.2,0,70140,0,178,0, 
38.9700,6.8,3.9,7.9,-2.7,4.9,22.0,10.5,0,70146,0,179,0, 
38.9733,9.1,2.9,1.2,-3.9,6.2,14.3,11.6,0,70152,0,180,0, 
38.9767,11.3,2.2,-5.1,-5.1,6.4,7.8,11.2,0,70158,0,181,0, 
38.9800,12.5,2.5,-7.1,-5.9,5.2,5.1,9.3,0,70164,0,182,0, 
38.9833,12.4,3.8,-4.5,-5.9,3.3,5.1,6.9,0,70170,0,183,0, 
38.9867,11.4,5.5,-0.1,-5.0,1.5,5.4,5.3,0,70176,0,184,0, 
38.9900,10.4,7.1,2.2,-3.4,0.3,4.9,5.3,0,70182,0,185,0, 
38.9933,9.9,8.3,1.2,-1.6,-0.8,4.6,6.4,0,70188,0,186,0, 
38.9967,10.2,9.0,-1.0,-0.2,-3.1,5.1,6.9,0,70194,0,187,0, 
39.0000,11.1,9.4,-0.7,0.9,-6.9,5.2,5.3,0,70200,0,188,0, 
39.0033,12.6,9.4,4.1,2.3,-11.6,2.9,1.8,0,70206,0,189,0, 
39.0067,14.6,9.5,12.0,4.7,-15.7,-3.0,-2.0,0,70212,0,190,0, 
39.0100,16.6,10.0,19.6,8.5,-18.1,-10.7,-4.3,0,70218,0,191,0, 
39.0133,17.9,11.1,23.5,12.8,-18.6,-17.0,-4.5,0,70224,0,192,0, 
39.0167,18.4,12.4,22.7,16.1,-18.3,-19.5,-3.9,0,70230,0,193,0, 
39.0200,18.2,12.8,18.6,17.0,-18.0,-18.1,-4.4,0,70236,0,194,0, 
39.0233,17.9,11.4,12.5,14.9,-17.8,-14.5,-7.1,0,70242,0,195,0, 
39.0267,17.7,7.6,5.7,10.5,-16.9,-10.1,-11.4,0,70248,0,196,0, 
39.0300,17.2,2.0,-1.1,5.6,-14.0,-5.9,-15.8,0,70254,0,197,0, 
39.0333,15.4,-3.9,-6.4,2.1,-9.0,-2.8,-19.4,0,70260,0,198,0, 
39.0367,11.6,-8.5,-7.9,0.8,-2.7,-2.7,-22.5,0,70266,0,199,0, 
39.0400,6.5,-11.0,-4.6,1.4,2.9,-7.1,-25.7,0,70272,0,200,0, 
39.0433,1.9,-11.6,1.9,2.7,5.9,-15.5,-29.2,0,70278,0,201,0, 
39.0467,-0.6,-11.3,7.3,2.9,5.2,-24.1,-31.9,0,70284,0,202,0, 
39.0500,-0.1,-11.1,6.9,1.7,1.3,-28.3,-32.3,0,70290,0,203,0, 
39.0533,2.1,-11.4,-0.1,-0.4,-4.5,-25.5,-30.2,0,70296,0,204,0, 
39.0567,3.9,-11.6,-9.9,-1.9,-10.1,-18.0,-26.3,0,70302,0,205,0, 
39.0600,3.8,-10.3,-15.8,-1.3,-14.1,-10.9,-22.2,0,70308,0,206,0, 
39.0633,1.8,-7.1,-13.0,1.6,-15.8,-8.2,-18.5,0,70314,0,207,0, 
39.0667,-0.7,-2.3,-2.3,5.8,-15.9,-9.9,-14.6,0,70320,0,208,0, 
39.0700,-1.7,3.0,10.2,9.6,-15.7,-12.0,-9.2,0,70326,0,209,0, 
39.0733,-0.2,7.5,18.0,11.7,-16.5,-10.7,-2.0,0,70332,0,210,0, 
39.0767,3.0,10.8,18.3,12.0,-18.8,-4.9,6.2,0,70338,0,211,0, 
39.0800,6.6,13.4,13.9,11.6,-21.3,2.8,14.0,0,70344,0,212,0, 
39.0833,9.2,16.1,9.9,11.3,-22.0,8.9,20.3,0,70350,0,213,0, 
39.0867,10.5,19.0,9.5,11.4,-19.7,12.1,25.0,0,70356,0,214,0, 
39.0900,10.9,21.1,11.7,11.4,-15.0,13.6,28.5,0,70362,0,215,0, 
39.0933,10.5,21.0,13.1,10.6,-10.2,15.7,30.8,0,70368,0,216,0, 
39.0967,9.0,17.8,11.6,8.9,-7.9,19.0,31.0,0,70374,0,217,0, 
39.1000,5.8,12.6,8.3,7.1,-8.8,22.0,28.0,0,70380,0,218,0, 
39.1033,0.8,7.2,6.6,5.6,-11.4,22.4,21.7,0,70386,0,219,0, 
39.1067,-4.7,3.5,8.2,4.1,-12.9,18.8,13.4,0,70392,0,220,0, 
39.1100,-8.7,2.0,10.8,2.1,-11.5,12.0,5.4,0,70398,0,221,0, 
39.1133,-9.3,1.6,10.4,-0.6,-8.0,4.0,-0.3,0,70404,0,222,0, 
39.1167,-6.5,0.8,4.4,-3.2,-4.8,-3.3,-2.8,0,70410,0,223,0, 
39.1200,-1.8,-1.0,-5.0,-4.0,-4.1,-8.6,-3.1,0,70416,0,224,0, 
39.1233,2.2,-3.4,-12.0,-2.1,-5.8,-11.7,-3.1,0,70422,0,225,0, 
39.1267,4.1,-5.2,-12.1,1.9,-8.1,-12.5,-4.3,0,70428,0,226,0, 
39.1300,4.0,-5.8,-5.3,6.0,-9.0,-11.5,-7.7,0,70434,0,227,0, 
39.1333,3.1,-5.8,3.5,7.9,-8.5,-9.0,-12.5,0,70440,0,228,0, 
39.1367,3.0,-5.9,8.7,7.0,-7.8,-6.1,-17.7,0,70446,0,229,0, 
39.1400,3.9,-6.7,7.9,4.6,-8.2,-4.2,-21.9,0,70452,0,230,0, 
39.1433,5.2,-7.3,3.8,3.0,-9.1,-4.3,-24.4,0,70458,0,231,0, 
39.1467,5.7,-6.6,1.5,3.5,-8.4,-6.5,-25.1,0,70464,0,232,0, 
39.1500,4.9,-3.6,4.0,5.6,-4.4,-9.4,-24.1,0,70470,0,233,0, 
39.1533,3.4,1.0,9.9,7.0,2.1,-11.1,-21.5,0,70476,0,234,0, 
39.1567,1.8,5.6,14.7,5.5,7.8,-10.1,-17.5,0,70482,0,235,0, 
39.1600,1.0,8.6,14.7,0.2,9.3,-6.4,-12.1,0,70488,0,236,0, 
39.1633,0.9,9.6,9.3,-7.8,6.2,-1.3,-5.7,0,70494,0,237,0, 
39.1667,1.2,9.6,1.8,-16.1,1.2,3.7,1.0,0,70500,0,238,0, 
39.1700,1.6,10.1,-3.7,-22.5,-1.6,7.9,7.6,0,70506,0,239,0, 
39.1733,1.8,12.0,-4.7,-25.6,0.0,12.2,13.7,0,70512,0,240,0, 
39.1767,1.6,14.6,-2.1,-25.3,5.0,17.4,19.2,0,70518,0,241,0, 
39.1800,1.0,16.1,1.8,-22.0,9.7,23.2,24.1,0,70524,0,242,0, 
39.1833,-0.1,15.5,4.8,-16.5,11.2,27.6,27.9,0,70530,0,243,0, 
39.1867,-1.2,12.7,6.1,-9.8,8.7,28.1,30.1,0,70536,0,244,0, 
39.1900,-1.7,9.2,5.9,-3.0,4.2,23.8,30.4,0,70542,0,245,0, 
39.1933,-1.0,6.7,4.9,2.7,0.6,16.6,28.8,0,70548,0,246,0, 
39.1967,0.5,6.0,3.2,6.5,-0.4,10.5,26.0,0,70554,0,247,0, 
39.2000,1.8,6.4,1.2,8.3,1.3,8.9,22.6,0,70560,0,248,0, 
39.2033,1.9,7.2,-0.4,8.6,4.2,12.5,19.3,0,70566,0,249,0, 
39.2067,0.4,7.5,-0.7,8.1,6.8,18.3,16.6,0,70572,0,250,0, 
39.2100,-1.7,7.7,1.0,7.3,8.3,21.7,14.9,0,70578,0,251,0, 
39.2133,-3.1,8.1,4.0,6.4,8.3,19.3,13.9,0,70584,0,252,0, 
39.2167,-3.0,8.7,6.7,5.3,7.3,11.5,13.2,0,70590,0,253,0, 
39.2200,-1.8,8.7,7.5,3.7,6.3,2.5,11.9,0,70596,0,254,0, 
39.2233,-0.7,7.6,6.5,1.8,6.0,-2.8,9.5,0,70602,0,255,0, 
39.2267,-0.3,5.6,5.0,-0.3,6.4,-1.4,6.5,0,70608,0,0,0, 
39.2300,-0.5,4.1,4.6,-2.8,7.1,5.1,4.2,0,70614,0,1,0, 
39.2333,-0.1,4.3,5.7,-6.3,7.0,12.0,3.9,0,70620,0,2,0, 
39.2367,1.8,6.9,6.8,-11.4,5.4,14.4,5.6,0,70626,0,3,0, 
39.2400,4.7,11.2,6.4,-17.8,2.6,10.6,8.1,0,70632,0,4,0, 
39.2433,7.0,15.5,3.9,-23.7,-0.6,3.2,9.8,0,70638,0,5,0, 
39.2467,7.0,18.4,0.9,-26.8,-3.1,-2.7,9.5,0,70644,0,6,0, 
39.2500,4.0,19.3,-0.3,-25.3,-4.0,-3.5,7.7,0,70650,0,7,0, 
39.2533,-1.2,18.2,1.7,-19.3,-3.1,0.8,5.8,0,70656,0,8,0, 
39.2567,-6.9,15.3,5.5,-10.9,-0.6,6.6,4.9,0,70662,0,9,0, 
39.2600,-11.7,10.8,7.9,-3.0,2.8,9.9,4.5,0,70668,0,10,0, 
39.2633,-15.4,5.1,6.7,2.1,6.1,8.8,2.8,0,70674,0,11,0, 
39.2667,-18.2,-1.2,1.7,3.7,7.9,4.8,-1.6,0,70680,0,12,0, 
39.2700,-20.4,-6.6,-4.1,3.1,7.5,0.7,-8.4,0,70686,0,13,0, 
39.2733,-21.9,-9.9,-7.2,1.7,5.3,-1.4,-15.2,0,70692,0,14,0, 
39.2767,-22.4,-10.5,-5.7,0.7,2.5,-1.9,-18.8,0,70698,0,15,0, 
39.2800,-21.6,-9.1,-0.5,0.2,0.8,-2.1,-17.4,0,70704,0,16,0, 
39.2833,-19.6,-7.3,5.2,-0.2,0.5,-3.1,-11.9,0,70710,0,17,0, 
39.2867,-16.7,-6.3,7.8,-1.2,0.6,-5.0,-5.7,0,70716,0,18,0, 
39.2900,-13.3,-6.5,5.5,-3.0,-0.3,-7.1,-2.4,0,70722,0,19,0, 
39.2933,-9.4,-7.3,-0.8,-5.4,-2.6,-9.0,-3.4,0,70728,0,20,0, 
39.2967,-5.5,-7.6,-8.2,-8.4,-4.8,-10.1,-7.2,0,70734,0,21,0, 
39.3000,-2.4,-6.6,-13.0,-11.5,-5.1,-9.5,-10.3,0,70740,0,22,0, 
39.3033,-1.0,-4.4,-12.6,-14.6,-2.3,-6.1,-10.0,0,70746,0,23,0, 
39.3067,-1.9,-1.8,-6.5,-17.1,2.1,-0.2,-5.8,0,70752,0,24,0, 
39.3100,-4.3,0.4,2.8,-19.0,5.5,5.9,-0.3,0,70758,0,25,0, 
39.3133,-6.7,1.5,10.9,-20.1,6.1,8.6,3.0,0,70764,0,26,0, 
39.3167,-7.3,1.5,14.1,-20.5,4.0,5.8,2.4,0,70770,0,27,0, 
39.3200,-5.6,0.7,10.9,-19.9,1.2,-0.4,-0.8,0,70776,0,28,0, 
39.3233,-2.9,-0.6,3.2,-17.7,0.1,-4.7,-3.0,0,70782,0,29,0, 
39.3267,-1.3,-1.8,-4.7,-13.6,1.2,-2.2,-1.8,0,70788,0,30,0, 
39.3300,-2.2,-2.9,-9.3,-8.1,3.9,6.8,2.3,0,70794,0,31,0, 
39.3333,-5.9,-4.1,-9.6,-2.6,6.9,16.9,6.1,0,70800,0,32,0, 
39.3367,-10.9,-5.9,-7.2,1.2,9.6,20.8,6.1,0,70806,0,33,0, 
39.3400,-15.0,-8.4,-4.7,2.2,11.6,15.3,1.6,0,70812,0,34,0, 
39.3433,-17.0,-11.4,-3.9,0.9,12.7,4.1,-4.7,0,70818,0,35,0, 
39.3467,-16.9,-13.7,-4.4,-1.3,12.5,-5.8,-8.4,0,70824,0,36,0, 
39.3500,-15.5,-14.1,-4.8,-2.9,10.7,-8.8,-6.9,0,70830,0,37,0, 
39.3533,-14.2,-11.7,-3.8,-3.4,8.1,-4.8,-1.2,0,70836,0,38,0, 
39.3567,-13.3,-6.7,-1.7,-3.2,6.2,2.3,4.9,0,70842,0,39,0, 
39.3600,-12.7,-0.8,0.5,-3.5,6.4,8.1,8.0,0,70848,0,40,0, 
39.3633,-11.7,3.6,1.5,-4.7,8.9,10.8,6.9,0,70854,0,41,0, 
39.3667,-10.3,4.8,1.2,-6.5,12.0,10.9,3.2,0,70860,0,42,0, 
39.3700,-8.5,2.8,0.3,-7.8,13.6,8.8,-0.3,0,70866,0,43,0, 
39.3733,-6.5,-0.5,0.1,-8.1,12.3,4.1,-1.8,0,70872,0,44,0, 
39.3767,-4.2,-2.7,1.3,-7.5,8.8,-3.3,-1.1,0,70878,0,45,0, 
39.3800,-1.2,-2.3,3.8,-6.8,5.4,-11.0,0.8,0,70884,0,46,0, 
39.3833,2.6,0.1,6.7,-7.0,4.0,-14.5,3.0,0,70890,0,47,0, 
39.3867,6.8,2.7,8.9,-8.4,5.3,-10.3,4.7,0,70896,0,48,0, 
39.3900,10.4,3.5,10.0,-10.2,7.6,0.0,5.9,0,70902,0,49,0, 
39.3933,12.4,1.7,10.2,-11.1,9.0,9.9,6.2,0,70908,0,50,0, 
39.3967,12.1,-1.4,10.2,-9.9,8.1,12.3,5.0,0,70914,0,51,0, 
39.4000,9.7,-4.4,10.5,-6.3,5.5,4.9,2.3,0,70920,0,52,0, 
39.4033,5.8,-6.2,10.9,-1.1,2.7,-8.2,-1.5,0,70926,0,53,0, 
39.4067,1.3,-7.1,10.2,4.4,0.8,-19.3,-5.7,0,70932,0,54,0, 
39.4100,-3.0,-8.2,7.5,8.5,0.0,-23.5,-9.2,0,70938,0,55,0, 
39.4133,-7.0,-10.0,2.4,10.7,-0.8,-21.3,-11.6,0,70944,0,56,0, 
39.4167,-10.2,-12.5,-4.2,10.9,-2.2,-17.5,-12.9,0,70950,0,57,0, 
39.4200,-12.8,-14.7,-10.2,9.9,-3.6,-16.5,-13.3,0,70956,0,58,0, 
39.4233,-14.6,-16.1,-13.6,8.3,-4.1,-18.4,-12.8,0,70962,0,59,0, 
39.4267,-15.9,-16.6,-13.3,6.6,-2.9,-20.0,-11.7,0,70968,0,60,0, 
39.4300,-16.6,-16.2,-10.2,5.1,-0.6,-17.8,-9.9,0,70974,0,61,0, 
39.4333,-17.2,-14.9,-6.2,3.7,1.3,-11.7,-7.5,0,70980,0,62,0, 
39.4367,-17.7,-12.9,-3.5,2.3,2.2,-4.6,-4.6,0,70986,0,63,0, 
39.4400,-18.3,-10.6,-3.1,0.9,3.0,0.1,-1.3,0,70992,0,64,0, 
39.4433,-19.0,-9.0,-4.5,-0.5,5.6,1.3,1.4,0,70998,0,65,0, 
39.4467,-19.1,-9.2,-5.6,-1.3,11.0,0.7,2.8,0,71004,0,66,0, 
39.4500,-18.0,-11.5,-5.0,-1.2,17.5,1.0,2.2,0,71010,0,67,0, 
39.4533,-15.2,-14.3,-2.3,0.1,21.3,3.0,-0.2,0,71016,0,68,0, 
39.4567,-10.6,-15.3,1.2,2.4,19.5,5.1,-2.8,0,71022,0,69,0, 
39.4600,-5.2,-13.1,3.8,4.4,12.2,4.6,-4.0,0,71028,0,70,0, 
39.4633,-0.3,-8.2,4.7,5.1,3.0,-0.2,-3.5,0,71034,0,71,0, 
39.4667,3.1,-3.5,3.9,3.9,-3.6,-8.4,-2.2,0,71040,0,72,0, 
39.4700,4.3,-1.7,2.5,1.3,-5.3,-16.8,-2.2,0,71046,0,73,0, 
39.4733,3.7,-4.3,1.0,-1.1,-3.4,-22.0,-4.9,0,71052,0,74,0, 
39.4767,1.8,-9.7,-0.3,-1.8,-1.1,-22.5,-9.8,0,71058,0,75,0, 
39.4800,-1.3,-14.7,-1.5,-0.5,-0.9,-20.0,-15.1,0,71064,0,76,0, 
39.4833,-5.2,-16.6,-2.2,2.1,-2.9,-17.9,-18.6,0,71070,0,77,0, 
39.4867,-9.7,-15.0,-1.6,4.6,-5.3,-18.5,-19.2,0,71076,0,78,0, 
39.4900,-13.7,-11.7,0.4,6.2,-6.6,-21.5,-17.6,0,71082,0,79,0, 
39.4933,-16.3,-9.3,2.9,6.9,-6.3,-23.8,-15.3,0,71088,0,80,0, 
39.4967,-16.9,-8.9,4.2,7.5,-5.1,-22.4,-13.6,0,71094,0,81,0, 
39.5000,-15.9,-10.2,2.6,8.5,-3.5,-17.5,-13.0,0,71100,0,82,0, 
39.5033,-14.6,-11.3,-1.9,9.7,-1.3,-12.4,-13.1,0,71106,0,83,0, 
39.5067,-13.8,-10.9,-7.4,10.3,1.4,-10.8,-13.4,0,71112,0,84,0, 
39.5100,-13.7,-8.7,-10.8,9.8,3.8,-13.0,-13.1,0,71118,0,85,0, 
39.5133,-13.5,-5.7,-10.2,8.4,4.2,-15.2,-11.8,0,71124,0,86,0, 
39.5167,-12.3,-2.8,-5.9,6.9,2.2,-12.2,-9.2,0,71130,0,87,0, 
39.5200,-9.9,-0.3,0.2,6.4,-1.2,-2.7,-5.3,0,71136,0,88,0, 
39.5233,-7.0,2.1,5.6,6.8,-3.8,9.4,-1.0,0,71142,0,89,0, 
39.5267,-4.7,4.2,8.7,7.6,-4.0,17.3,2.7,0,71148,0,90,0, 
39.5300,-3.6,5.8,9.3,7.7,-1.8,17.0,5.0,0,71154,0,91,0, 
39.5333,-3.1,5.9,7.7,6.3,1.0,10.6,6.0,0,71160,0,92,0, 
39.5367,-2.1,4.1,4.8,3.8,2.9,4.6,6.1,0,71166,0,93,0, 
39.5400,0.3,1.2,1.9,0.9,3.6,3.9,6.2,0,71172,0,94,0, 
39.5433,4.0,-1.3,0.5,-1.3,4.2,8.3,6.5,0,71178,0,95,0, 
39.5467,8.1,-1.7,1.9,-2.0,5.5,13.0,7.1,0,71184,0,96,0, 
39.5500,11.1,0.2,6.3,-1.4,6.9,13.7,7.5,0,71190,0,97,0, 
39.5533,12.2,2.8,11.5,-0.1,7.0,9.8,7.7,0,71196,0,98,0, 
39.5567,11.3,3.6,14.2,1.2,4.9,4.7,7.4,0,71202,0,99,0, 
39.5600,9.0,1.0,11.6,1.7,1.4,1.9,6.3,0,71208,0,100,0, 
39.5633,5.6,-4.2,4.2,1.6,-1.3,1.7,4.0,0,71214,0,101,0, 
39.5667,1.3,-9.5,-4.5,1.1,-1.5,1.6,0.6,0,71220,0,102,0, 
39.5700,-3.6,-12.3,-10.2,0.8,0.8,-0.6,-3.0,0,71226,0,103,0, 
39.5733,-8.8,-12.1,-10.8,0.8,3.3,-4.4,-5.6,0,71232,0,104,1, sound 
39.5767,-13.5,-10.6,-8.4,0.8,3.3,-6.9,-6.9,0,71238,0,105,0, 
39.5800,-16.9,-10.9,-7.2,0.1,0.5,-6.4,-7.6,0,71244,0,106,0, 
39.5833,-19.1,-14.7,-10.3,-1.7,-3.5,-3.9,-9.0,0,71250,0,107,0, 
39.5867,-20.8,-20.9,-17.0,-4.5,-5.6,-2.2,-11.8,0,71256,0,108,0, 
39.5900,-23.0,-26.6,-23.6,-7.6,-4.3,-3.4,-15.3,0,71262,0,109,0, 
39.5933,-25.9,-28.8,-26.2,-10.3,-1.1,-6.8,-18.1,0,71268,0,110,0, 
39.5967,-29.0,-27.2,-23.9,-12.4,0.8,-10.6,-19.4,0,71274,0,111,0, 
39.6000,-31.0,-23.7,-19.7,-13.9,-1.5,-13.4,-19.5,0,71280,0,112,0, 
39.6033,-31.1,-21.2,-17.7,-15.1,-7.3,-15.9,-19.9,0,71286,0,113,0, 
39.6067,-30.1,-21.3,-19.9,-15.9,-12.9,-19.1,-21.5,0,71292,0,114,0, 
39.6100,-29.9,-23.4,-24.7,-16.3,-14.2,-22.4,-23.8,0,71298,0,115,0, 
39.6133,-32.1,-25.9,-28.4,-15.9,-10.0,-23.9,-25.9,0,71304,0,116,0, 
39.6167,-37.2,-27.5,-28.1,-14.8,-3.5,-22.3,-27.3,0,71310,0,117,0, 
39.6200,-43.8,-28.6,-24.4,-13.3,0.0,-19.6,-28.7,0,71316,0,118,0, 
39.6233,-49.5,-30.1,-20.4,-11.7,-2.8,-19.7,-31.6,0,71322,0,119,0, 
39.6267,-52.9,-32.6,-19.6,-10.2,-10.6,-25.0,-36.2,0,71328,0,120,0, 
39.6300,-54.1,-35.6,-22.7,-8.9,-18.6,-33.3,-41.2,0,71334,0,121,0, 
39.6333,-54.4,-38.0,-27.4,-7.5,-22.0,-38.9,-44.2,0,71340,0,122,0, 
39.6367,-55.5,-39.3,-30.4,-6.2,-19.7,-37.3,-44.3,0,71346,0,123,0, 
39.6400,-57.6,-40.3,-30.1,-5.4,-15.0,-30.0,-42.8,0,71352,0,124,0, 
39.6433,-59.9,-42.3,-28.3,-5.5,-12.3,-23.9,-42.7,0,71358,0,125,0, 
39.6467,-61.3,-46.1,-28.4,-6.8,-13.7,-25.7,-46.0,0,71364,0,126,0, 
39.6500,-61.1,-50.5,-32.4,-8.8,-17.2,-35.7,-51.7,0,71370,0,127,0, 
39.6533,-60.0,-53.6,-39.0,-10.5,-19.3,-46.7,-56.5,0,71376,0,128,0, 
39.6567,-58.5,-53.3,-44.0,-11.3,-17.9,-49.0,-56.6,0,71382,0,129,0, 
39.6600,-56.8,-49.4,-43.7,-10.9,-13.8,-38.6,-50.8,0,71388,0,130,0, 
39.6633,-54.2,-43.3,-37.8,-10.1,-9.8,-21.1,-41.4,0,71394,0,131,0, 
39.6667,-50.0,-37.4,-30.0,-10.0,-7.9,-7.6,-32.5,0,71400,0,132,0, 
39.6700,-44.1,-33.7,-25.2,-11.5,-7.5,-6.8,-27.3,0,71406,0,133,0, 
39.6733,-37.6,-32.8,-25.7,-14.2,-6.7,-17.8,-26.3,0,71412,0,134,0, 
39.6767,-31.9,-33.4,-29.5,-17.1,-4.8,-31.3,-27.1,0,71418,0,135,0, 
39.6800,-28.1,-34.0,-32.6,-18.7,-3.3,-37.2,-26.7,0,71424,0,136,0, 
39.6833,-26.1,-33.4,-32.0,-18.4,-4.4,-32.2,-23.9,0,71430,0,137,0, 
39.6867,-25.0,-31.7,-28.3,-16.1,-8.5,-22.2,-19.9,0,71436,0,138,0, 
39.6900,-24.0,-29.4,-24.7,-13.0,-13.6,-16.2,-17.2,0,71442,0,139,0, 
39.6933,-23.0,-27.4,-23.7,-9.9,-16.4,-18.7,-17.4,0,71448,0,140,0, 
39.6967,-22.3,-25.6,-24.5,-7.4,-15.0,-25.3,-19.7,0,71454,0,141,0, 
39.7000,-22.2,-22.8,-23.5,-5.3,-10.4,-27.3,-21.7,0,71460,0,142,0, 
39.7033,-22.2,-18.0,-17.7,-3.1,-5.9,-19.6,-20.6,0,71466,0,143,0, 
39.7067,-21.6,-10.9,-7.7,-0.5,-4.0,-5.7,-15.9,0,71472,0,144,0, 
39.7100,-19.8,-2.5,2.6,2.4,-4.7,5.2,-9.7,0,71478,0,145,0, 
39.7133,-17.0,5.0,8.5,5.1,-6.1,5.4,-5.1,0,71484,0,146,0, 
39.7167,-13.8,9.7,8.5,6.9,-5.8,-4.3,-4.3,0,71490,0,147,0, 
39.7200,-11.0,11.1,5.1,7.4,-3.4,-15.6,-7.0,0,71496,0,148,0, 
39.7233,-8.6,10.5,2.6,6.7,-0.5,-19.6,-10.6,0,71502,0,149,0, 
39.7267,-5.9,9.8,3.6,5.6,1.2,-13.6,-12.0,0,71508,0,150,0, 
39.7300,-2.3,10.7,7.5,4.5,0.8,-2.5,-10.0,0,71514,0,151,0, 
39.7333,2.1,13.5,11.2,4.0,-0.8,6.4,-5.3,0,71520,0,152,0, 
39.7367,6.3,17.1,12.6,4.0,-1.9,9.7,-0.3,0,71526,0,153,0, 
39.7400,9.2,19.9,11.5,3.9,-1.7,9.5,3.4,0,71532,0,154,0, 
39.7433,10.4,21.0,9.4,3.4,-0.3,10.0,5.4,0,71538,0,155,0, 
39.7467,10.7,20.4,7.8,2.8,1.2,12.5,6.5,0,71544,0,156,0, 
39.7500,11.1,18.5,7.0,2.6,2.0,14.2,7.7,0,71550,0,157,0, 
39.7533,12.4,16.1,6.2,3.2,2.3,12.3,9.4,0,71556,0,158,0, 
39.7567,14.2,13.5,4.8,4.3,2.7,7.4,10.8,0,71562,0,159,0, 
39.7600,15.5,10.8,3.3,5.6,3.4,3.8,10.9,0,71568,0,160,0, 
39.7633,15.2,8.1,2.1,6.2,3.9,5.3,9.2,0,71574,0,161,0, 
39.7667,13.5,6.0,1.6,6.1,3.1,10.6,6.1,0,71580,0,162,0, 
39.7700,11.4,5.1,1.5,5.7,0.6,14.0,3.1,0,71586,0,163,0, 
39.7733,10.1,5.8,1.6,5.5,-2.9,10.7,2.3,0,71592,0,164,0, 
39.7767,10.1,8.0,2.3,5.6,-5.6,1.8,4.7,0,71598,0,165,0, 
39.7800,11.0,10.8,4.1,5.5,-5.5,-5.6,10.1,0,71604,0,166,0, 
39.7833,12.4,13.4,6.4,4.8,-2.0,-4.3,16.5,0,71610,0,167,0, 
39.7867,14.2,15.2,8.1,3.7,3.7,6.9,21.6,0,71616,0,168,0, 
39.7900,17.0,16.6,7.4,2.7,9.2,22.0,23.9,0,71622,0,169,0, 
39.7933,20.9,18.3,4.7,2.3,12.4,33.0,23.8,0,71628,0,170,0, 
39.7967,24.9,20.9,1.8,2.5,12.8,35.8,23.1,0,71634,0,171,0, 
39.8000,27.4,24.1,1.7,2.4,11.6,32.7,23.6,0,71640,0,172,0, 
39.8033,26.8,26.6,5.5,1.5,10.2,28.7,25.4,0,71646,0,173,0, 
39.8067,23.0,26.8,11.5,0.0,9.4,26.0,26.9,0,71652,0,174,0, 
39.8100,17.6,23.9,15.6,-1.1,8.8,22.4,25.9,0,71658,0,175,0, 
39.8133,13.0,18.2,14.7,-0.7,7.7,15.0,21.8,0,71664,0,176,0, 
39.8167,10.6,11.6,8.7,1.5,5.8,4.5,15.9,0,71670,0,177,0, 
39.8200,10.3,6.1,1.0,4.6,4.1,-3.4,10.6,0,71676,0,178,0, 
39.8233,10.7,3.4,-3.9,7.2,3.6,-2.6,7.7,0,71682,0,179,0, 
39.8267,10.7,3.6,-3.4,8.6,4.1,7.2,7.2,0,71688,0,180,0, 
39.8300,10.5,5.9,1.2,8.6,4.9,19.1,7.8,0,71694,0,181,0, 
39.8333,10.8,9.0,5.9,7.9,4.5,23.3,8.2,0,71700,0,182,0, 
39.8367,12.3,12.1,7.4,7.4,2.9,15.6,8.5,0,71706,0,183,0, 
39.8400,14.8,15.1,5.3,7.1,1.1,0.8,9.5,0,71712,0,184,0, 
39.8433,17.1,18.7,2.4,7.0,1.1,-10.5,12.0,0,71718,0,185,0, 
39.8467,18.6,23.1,2.3,6.7,3.7,-9.8,15.4,0,71724,0,186,0, 
39.8500,19.8,28.2,6.6,6.2,7.8,2.3,18.6,0,71730,0,187,0, 
39.8533,21.9,32.7,13.6,5.8,11.4,17.3,20.6,0,71736,0,188,0, 
39.8567,25.7,35.2,19.9,5.7,12.6,25.8,21.8,0,71742,0,189,0, 
39.8600,30.4,35.1,22.7,6.0,11.6,24.4,23.5,0,71748,0,190,0, 
39.8633,34.0,32.8,22.2,6.3,10.2,17.7,26.2,0,71754,0,191,0, 
39.8667,34.8,29.0,19.7,6.3,10.3,13.5,29.0,0,71760,0,192,0, 
39.8700,32.5,24.5,16.7,5.4,12.6,15.9,29.6,0,71766,0,193,0, 
39.8733,28.5,18.9,12.7,3.9,15.6,22.0,26.1,0,71772,0,194,0, 
39.8767,24.4,11.7,6.3,2.2,16.7,25.0,18.6,0,71778,0,195,0, 
39.8800,21.0,3.0,-2.7,1.3,13.9,19.9,9.1,0,71784,0,196,0, 
39.8833,17.8,-5.9,-11.7,1.4,7.2,8.0,0.5,0,71790,0,197,0, 
39.8867,13.4,-12.7,-17.0,2.3,-1.5,-4.7,-5.3,0,71796,0,198,0, 
39.8900,8.0,-15.4,-16.2,3.2,-9.2,-12.0,-8.2,0,71802,0,199,0, 
39.8933,2.8,-14.0,-10.7,3.1,-13.6,-12.4,-9.1,0,71808,0,200,0, 
39.8967,0.1,-10.3,-4.7,1.7,-14.1,-9.3,-8.9,0,71814,0,201,0, 
39.9000,1.0,-6.8,-2.5,-0.2,-11.9,-7.2,-7.8,0,71820,0,202,0, 
39.9033,5.1,-4.6,-4.8,-1.5,-8.8,-8.4,-5.7,0,71826,0,203,0, 
39.9067,10.5,-3.3,-8.4,-1.3,-6.3,-11.2,-2.6,0,71832,0,204,0, 
39.9100,15.1,-1.1,-8.8,0.1,-4.6,-12.4,0.6,0,71838,0,205,0, 
39.9133,18.3,3.4,-3.9,1.9,-3.0,-10.0,3.0,0,71844,0,206,0, 
39.9167,20.4,9.5,3.9,2.9,-0.2,-4.8,4.5,0,71850,0,207,0, 
39.9200,22.2,15.0,9.9,2.7,4.1,1.0,5.8,0,71856,0,208,0, 
39.9233,24.2,17.8,10.3,1.8,9.0,5.5,7.7,0,71862,0,209,0, 
39.9267,26.0,17.0,5.6,1.2,12.5,7.8,10.0,0,71868,0,210,0, 
39.9300,26.8,13.6,-0.4,1.5,12.9,7.5,10.9,0,71874,0,211,0, 
39.9333,26.2,9.5,-3.5,2.9,9.7,4.2,8.9,0,71880,0,212,0, 
39.9367,24.0,6.3,-2.6,4.7,4.1,-1.8,3.8,0,71886,0,213,0, 
39.9400,20.9,4.5,0.0,6.0,-0.9,-8.7,-2.4,0,71892,0,214,0, 
39.9433,17.1,3.7,0.8,6.3,-2.8,-13.2,-6.5,0,71898,0,215,0, 
39.9467,13.2,3.5,-1.1,5.5,-0.8,-12.0,-6.4,0,71904,0,216,0, 
39.9500,9.6,4.2,-3.5,4.7,3.6,-4.6,-2.5,0,71910,0,217,0, 
39.9533,6.9,5.9,-2.5,4.6,7.7,6.4,2.8,0,71916,0,218,0, 
39.9567,5.9,8.7,3.8,5.8,9.0,15.9,6.8,0,71922,0,219,0, 
39.9600,6.9,11.8,12.9,7.4,7.6,19.9,8.1,0,71928,0,220,0, 
39.9633,9.8,14.2,19.4,8.1,5.2,17.6,7.6,0,71934,0,221,0, 
39.9667,13.8,15.3,19.0,6.7,4.1,11.3,7.3,0,71940,0,222,0, 
39.9700,17.6,15.4,12.1,3.5,5.3,4.4,8.4,0,71946,0,223,0, 
39.9733,19.7,15.6,3.6,0.5,7.8,-0.1,10.9,0,71952,0,224,0, 
39.9767,19.8,16.6,-0.8,-0.3,9.8,-1.0,13.8,0,71958,0,225,0, 
39.9800,18.1,18.3,1.7,1.8,10.2,1.7,16.1,0,71964,0,226,0, 
39.9833,15.7,20.0,9.0,5.5,9.5,7.2,17.2,0,71970,0,227,0, 
39.9867,13.9,20.8,16.2,8.3,8.9,13.5,17.4,0,71976,0,228,0, 
39.9900,13.3,20.9,19.4,8.5,9.2,18.3,17.1,0,71982,0,229,0, 
39.9933,13.6,21.4,18.4,6.6,9.7,19.1,16.2,0,71988,0,230,0, 
39.9967,13.7,23.0,15.6,5.2,8.8,14.9,14.4,0,71994,0,231,0, 
40.0000,12.9,25.6,14.0,6.3,5.7,7.0,11.4,0,72000,0,232,0, 
40.0033,11.1,28.0,14.8,10.1,1.6,-1.2,7.7,0,72006,0,233,0, 
40.0067,8.9,28.7,16.9,14.6,-1.3,-6.4,4.4,0,72012,0,234,0, 
40.0100,7.2,27.5,18.9,17.2,-1.1,-7.0,2.7,0,72018,0,235,0, 
40.0133,6.3,25.2,20.3,16.8,2.0,-3.3,3.7,0,72024,0,236,0, 
40.0167,6.2,23.6,21.8,14.6,6.3,3.0,7.0,0,72030,0,237,0, 
40.0200,6.8,23.9,24.0,12.8,9.3,10.0,11.6,0,72036,0,238,0, 
40.0233,8.3,25.5,26.1,12.8,9.7,15.9,15.6,0,72042,0,239,0, 
40.0267,11.1,26.6,26.2,14.0,8.2,19.3,17.7,0,72048,0,240,0, 
40.0300,15.1,25.2,22.9,14.7,6.8,20.0,17.6,0,72054,0,241,0, 
40.0333,19.0,20.7,16.2,13.4,7.0,18.6,16.3,0,72060,0,242,0, 
40.0367,21.0,14.2,8.0,10.2,9.4,17.3,15.3,0,72066,0,243,0, 
40.0400,20.0,7.7,1.2,6.5,12.7,17.5,15.1,0,72072,0,244,0, 
40.0433,16.1,3.2,-2.2,4.2,15.1,19.2,15.0,0,72078,0,245,0, 
40.0467,11.2,1.4,-1.7,4.3,14.8,19.8,13.7,0,72084,0,246,0, 
40.0500,7.4,1.8,1.5,6.1,11.4,17.1,10.8,0,72090,0,247,0, 
40.0533,5.8,3.3,5.4,8.4,6.4,10.7,7.2,0,72096,0,248,0, 
40.0567,6.0,5.0,7.9,10.1,2.0,3.9,4.9,0,72102,0,249,0, 
40.0600,6.7,6.7,8.3,10.7,0.1,0.6,4.9,0,72108,0,250,0, 
40.0633,6.7,8.4,7.0,10.6,1.2,2.3,6.6,0,72114,0,251,0, 
40.0667,6.3,10.2,5.5,10.2,3.5,6.2,7.9,0,72120,0,252,0, 
40.0700,6.5,12.0,5.0,9.8,4.9,7.6,7.2,0,72126,0,253,0, 
40.0733,7.9,13.4,5.6,9.6,4.5,4.3,4.5,0,72132,0,254,0, 
40.0767,10.0,14.7,6.5,9.5,3.1,-1.2,1.8,0,72138,0,255,0, 
40.0800,11.2,16.6,7.1,9.5,2.7,-3.0,1.5,0,72144,0,0,0, 
40.0833,10.2,19.4,7.8,9.6,4.5,2.9,3.8,0,72150,0,1,0, 
40.0867,7.0,22.8,9.7,9.9,7.3,14.3,7.2,0,72156,0,2,0, 
40.0900,3.0,25.4,12.7,10.2,8.8,24.2,9.2,0,72162,0,3,0, 
40.0933,0.1,25.6,15.1,10.3,7.5,25.4,8.4,0,72168,0,4,0, 
40.0967,-0.7,22.3,14.0,9.5,4.2,16.1,5.4,0,72174,0,5,0, 
40.1000,0.1,16.4,8.1,8.0,1.5,1.4,1.9,0,72180,0,6,0, 
40.1033,0.9,10.0,-0.3,6.0,1.2,-10.7,-0.5,0,72186,0,7,0, 
40.1067,0.3,5.5,-6.3,4.4,3.2,-14.7,-1.6,0,72192,0,8,0, 
40.1100,-2.1,3.7,-5.7,3.8,5.0,-11.1,-2.0,0,72198,0,9,0, 
40.1133,-5.0,3.8,0.8,4.5,4.5,-4.7,-2.6,0,72204,0,10,0, 
40.1167,-7.0,3.5,8.1,5.7,1.6,-0.8,-3.4,0,72210,0,11,0, 
40.1200,-6.8,1.6,10.0,6.3,-1.5,-1.1,-4.0,0,72216,0,12,0, 
40.1233,-4.5,-1.5,4.8,5.9,-2.8,-3.8,-4.2,0,72222,0,13,0, 
40.1267,-1.2,-3.8,-3.1,4.8,-2.2,-5.9,-4.2,0,72228,0,14,0, 
40.1300,1.9,-3.6,-6.6,4.1,-1.8,-6.3,-4.6,0,72234,0,15,0, 
40.1333,3.9,-0.5,-1.6,4.6,-3.3,-5.9,-5.2,0,72240,0,16,0, 
40.1367,4.8,3.9,9.3,6.0,-5.9,-6.3,-5.4,0,72246,0,17,0, 
40.1400,5.2,7.4,18.4,7.5,-6.9,-7.5,-4.2,0,72252,0,18,0, 
40.1433,5.8,8.4,18.9,7.9,-4.0,-8.0,-1.6,0,72258,0,19,0, 
40.1467,6.6,7.3,10.6,7.1,1.8,-5.9,2.0,0,72264,0,20,0, 
40.1500,7.5,5.9,-0.5,5.9,6.6,-1.6,5.0,0,72270,0,21,0, 
40.1533,8.3,5.7,-6.8,5.4,6.7,3.0,6.5,0,72276,0,22,0, 
40.1567,8.8,7.0,-5.1,6.4,1.7,6.0,6.2,0,72282,0,23,0, 
40.1600,9.1,8.8,1.4,8.4,-4.5,6.8,5.2,0,72288,0,24,0, 
40.1633,9.4,9.8,6.7,10.1,-6.7,6.6,4.5,0,72294,0,25,0, 
40.1667,9.9,9.7,7.3,10.7,-3.1,6.8,4.7,0,72300,0,26,0, 
40.1700,10.4,9.2,4.9,10.2,3.6,7.0,5.3,0,72306,0,27,0, 
40.1733,10.8,9.5,4.4,9.4,8.3,6.0,5.5,0,72312,0,28,0, 
40.1767,11.0,10.9,8.5,9.1,7.6,2.8,4.7,0,72318,0,29,0, 
40.1800,10.7,12.2,15.1,9.5,2.6,-1.1,2.9,0,72324,0,30,0, 
40.1833,10.1,11.5,18.6,9.6,-2.1,-2.9,0.9,0,72330,0,31,0, 
40.1867,9.3,7.6,14.7,8.3,-2.6,-0.9,-0.9,0,72336,0,32,0, 
40.1900,8.4,1.1,4.5,5.1,1.2,3.6,-2.7,0,72342,0,33,0, 
40.1933,7.8,-5.7,-6.1,1.2,5.7,6.9,-4.7,0,72348,0,34,0, 
40.1967,7.6,-10.0,-10.9,-1.8,6.7,6.2,-6.9,0,72354,0,35,0, 
40.2000,7.7,-10.5,-8.0,-2.3,3.2,1.8,-8.3,0,72360,0,36,0, 
40.2033,8.2,-8.2,-1.2,-0.1,-2.0,-3.0,-7.8,0,72366,0,37,0, 
40.2067,8.9,-5.4,3.8,3.5,-4.8,-4.5,-4.9,0,72372,0,38,0, 
40.2100,9.8,-4.2,3.9,6.3,-3.2,-2.1,-0.9,0,72378,0,39,0, 
40.2133,10.4,-4.9,0.8,7.0,1.2,1.7,1.9,0,72384,0,40,0, 
40.2167,10.0,-6.5,-0.9,5.5,4.5,3.6,1.7,0,72390,0,41,0, 
40.2200,7.8,-7.4,1.3,3.1,3.7,2.7,-1.2,0,72396,0,42,0, 
40.2233,4.0,-7.1,5.6,1.1,-0.5,1.3,-4.7,0,72402,0,43,0, 
40.2267,-0.4,-6.4,7.7,0.3,-5.2,2.1,-6.1,0,72408,0,44,0, 
40.2300,-3.6,-6.0,4.7,0.7,-7.0,5.1,-4.5,0,72414,0,45,0, 
40.2333,-4.0,-5.9,-1.6,1.8,-5.1,7.6,-0.9,0,72420,0,46,0, 
40.2367,-1.9,-5.3,-5.5,3.0,-1.4,6.4,2.1,0,72426,0,47,0, 
40.2400,1.0,-3.2,-2.7,4.1,1.0,0.8,2.9,0,72432,0,48,0, 
40.2433,2.4,0.0,6.3,5.3,0.5,-6.3,1.4,0,72438,0,49,0, 
40.2467,1.2,2.7,15.8,6.1,-2.0,-11.0,-0.8,0,72444,0,50,0, 
40.2500,-1.5,2.8,19.2,6.2,-4.3,-10.9,-2.1,0,72450,0,51,0, 
40.2533,-3.6,0.1,13.9,5.2,-4.3,-6.7,-2.2,0,72456,0,52,0, 
40.2567,-3.3,-3.7,3.3,3.3,-2.2,-0.9,-1.5,0,72462,0,53,0, 
40.2600,-0.3,-6.0,-6.1,1.0,0.4,4.2,-0.8,0,72468,0,54,0, 
40.2633,3.8,-5.5,-9.6,-0.9,1.7,7.1,-0.7,0,72474,0,55,0, 
40.2667,6.9,-2.9,-6.9,-1.8,1.1,7.6,-1.2,0,72480,0,56,0, 
40.2700,7.7,-0.4,-1.6,-1.8,-0.4,5.6,-2.1,0,72486,0,57,0, 
40.2733,6.2,0.4,2.2,-1.2,-1.3,1.6,-3.5,0,72492,0,58,0, 
40.2767,3.5,-0.3,2.9,-0.5,-0.3,-2.4,-4.9,0,72498,0,59,0, 
40.2800,0.8,-1.3,1.7,-0.3,2.1,-4.0,-5.9,0,72504,0,60,0, 
40.2833,-0.8,-1.2,1.2,-0.8,4.6,-2.1,-5.5,0,72510,0,61,0, 
40.2867,-1.0,-0.5,2.2,-1.6,5.3,1.8,-3.6,0,72516,0,62,0, 
40.2900,0.4,-0.3,3.7,-2.3,3.6,4.0,-1.3,0,72522,0,63,0, 
40.2933,2.8,-1.6,3.7,-2.5,-0.1,1.8,0.0,0,72528,0,64,0, 
40.2967,5.0,-4.3,1.3,-1.8,-3.7,-3.5,-0.2,0,72534,0,65,0, 
40.3000,5.8,-6.9,-2.6,-0.8,-5.2,-7.0,-1.5,0,72540,0,66,0, 
40.3033,4.4,-8.1,-5.7,-0.1,-3.8,-4.0,-2.3,0,72546,0,67,0, 
40.3067,1.3,-8.1,-5.9,-0.1,0.1,5.6,-1.9,0,72552,0,68,0, 
40.3100,-1.8,-7.7,-3.3,-0.7,4.4,16.4,-0.9,0,72558,0,69,0, 
40.3133,-3.4,-8.0,0.2,-1.1,7.4,20.8,-0.8,0,72564,0,70,0, 
40.3167,-2.9,-9.0,2.5,-0.5,8.3,15.0,-2.7,0,72570,0,71,0, 
40.3200,-0.9,-9.8,2.5,1.2,7.6,1.4,-6.0,0,72576,0,72,0, 
40.3233,0.8,-9.5,1.2,3.7,6.3,-12.4,-8.5,0,72582,0,73,0, 
40.3267,1.0,-8.2,0.5,5.9,5.0,-19.4,-8.5,0,72588,0,74,0, 
40.3300,-0.6,-6.8,1.4,7.1,3.5,-17.1,-6.0,0,72594,0,75,0, 
40.3333,-3.1,-6.7,3.0,6.9,1.9,-8.7,-2.7,0,72600,0,76,0, 
40.3367,-5.6,-8.3,2.8,5.6,0.7,-0.1,-1.1,0,72606,0,77,0, 
40.3400,-7.3,-11.0,-1.0,3.8,1.2,3.6,-2.5,0,72612,0,78,0, 
40.3433,-8.0,-13.6,-7.8,2.1,3.8,0.9,-6.1,0,72618,0,79,0, 
40.3467,-7.3,-14.7,-14.0,1.2,7.2,-5.7,-9.4,0,72624,0,80,0, 
40.3500,-5.2,-13.9,-15.9,1.7,8.8,-12.0,-10.7,0,72630,0,81,0, 
40.3533,-2.1,-11.1,-11.8,3.4,6.4,-13.9,-9.3,0,72636,0,82,0, 
40.3567,1.0,-7.3,-4.0,5.6,0.3,-10.5,-6.2,0,72642,0,83,0, 
40.3600,3.2,-3.6,3.3,7.1,-6.7,-3.8,-3.0,0,72648,0,84,0, 
40.3633,3.6,-1.1,6.0,7.0,-10.8,1.8,-1.0,0,72654,0,85,0, 
40.3667,2.9,-0.3,3.5,5.3,-9.8,2.5,-0.3,0,72660,0,86,0, 
40.3700,2.2,-1.1,-1.9,3.0,-5.0,-2.7,-0.3,0,72666,0,87,0, 
40.3733,2.4,-2.8,-6.3,1.5,0.0,-10.6,-0.2,0,72672,0,88,0, 
40.3767,3.6,-4.3,-7.5,1.5,2.1,-16.4,0.3,0,72678,0,89,0, 
40.3800,4.6,-5.5,-5.5,2.6,0.7,-17.2,0.4,0,72684,0,90,0, 
40.3833,4.4,-6.7,-2.5,3.8,-2.1,-13.8,-0.5,0,72690,0,91,0, 
40.3867,2.8,-8.5,-1.1,4.0,-3.9,-9.8,-2.9,0,72696,0,92,0, 
40.3900,1.2,-10.9,-2.1,3.4,-3.4,-9.0,-6.1,0,72702,0,93,0, 
40.3933,1.0,-13.1,-4.7,2.6,-1.8,-11.9,-8.7,0,72708,0,94,0, 
40.3967,2.9,-13.8,-6.5,2.5,-0.8,-16.1,-9.6,0,72714,0,95,0, 
40.4000,6.0,-12.4,-5.2,3.3,-1.2,-17.6,-8.4,0,72720,0,96,0, 
40.4033,8.4,-9.2,-0.1,4.5,-2.1,-14.7,-5.8,0,72726,0,97,0, 
40.4067,8.9,-5.5,7.4,5.4,-1.6,-8.3,-3.2,0,72732,0,98,0, 
40.4100,7.3,-3.1,14.1,5.9,1.0,-1.3,-1.6,0,72738,0,99,0, 
40.4133,5.3,-2.7,16.9,6.4,4.7,3.6,-1.3,0,72744,0,100,0, 
40.4167,4.5,-3.7,14.3,7.3,7.5,5.1,-1.5,0,72750,0,101,0, 
40.4200,5.4,-4.9,7.7,8.3,7.7,3.5,-1.7,0,72756,0,102,0, 
40.4233,7.4,-4.8,0.3,8.9,5.6,0.1,-1.4,0,72762,0,103,0, 
40.4267,8.7,-3.2,-4.3,8.4,2.6,-3.2,-1.0,0,72768,0,104,0, 
40.4300,7.9,-0.9,-4.5,7.1,0.5,-4.3,-0.9,0,72774,0,105,0, 
40.4333,4.6,0.9,-1.2,5.7,0.1,-1.8,-1.2,0,72780,0,106,0, 
40.4367,0.1,1.1,3.1,5.0,0.6,3.3,-1.9,0,72786,0,107,0, 
40.4400,-3.9,-0.3,5.6,5.1,0.8,7.7,-3.0,0,72792,0,108,0, 
40.4433,-6.1,-2.3,5.1,5.5,-0.2,8.1,-4.8,0,72798,0,109,0, 
40.4467,-6.1,-3.8,2.0,5.2,-2.0,3.3,-7.1,0,72804,0,110,0, 
40.4500,-4.5,-3.8,-1.9,3.8,-3.4,-3.4,-9.4,0,72810,0,111,0, 
40.4533,-2.4,-2.5,-4.5,1.8,-3.3,-6.6,-10.6,0,72816,0,112,0, 
40.4567,-0.8,-0.5,-4.7,0.3,-1.7,-2.7,-9.9,0,72822,0,113,0, 
40.4600,0.5,1.4,-2.6,0.0,0.7,6.6,-7.2,0,72828,0,114,0, 
40.4633,2.0,2.9,0.6,1.1,2.8,15.5,-3.7,0,72834,0,115,0, 
40.4667,4.3,3.9,3.2,2.7,3.9,18.3,-0.7,0,72840,0,116,0, 
40.4700,7.4,4.6,4.1,3.9,4.2,14.0,1.0,0,72846,0,117,0, 
40.4733,10.6,4.7,3.3,4.1,4.6,6.8,1.5,0,72852,0,118,0, 
40.4767,12.6,4.2,1.8,3.3,5.4,2.5,1.7,0,72858,0,119,0, 
40.4800,12.6,2.9,0.0,2.1,6.3,3.4,2.1,0,72864,0,120,0, 
40.4833,10.8,1.1,-1.9,1.1,6.4,7.2,2.8,0,72870,0,121,0, 
40.4867,7.8,-0.8,-4.6,0.6,5.0,9.0,2.8,0,72876,0,122,0, 
40.4900,4.6,-2.4,-8.0,0.6,2.2,6.3,1.7,0,72882,0,123,0, 
40.4933,1.7,-3.0,-10.8,0.6,-0.9,0.5,-0.4,0,72888,0,124,0, 
40.4967,-1.0,-2.5,-11.4,0.1,-3.0,-4.1,-2.8,0,72894,0,125,0, 
40.5000,-3.5,-1.1,-9.4,-0.9,-3.4,-4.7,-4.5,0,72900,0,126,0, 
40.5033,-5.4,0.4,-6.0,-2.4,-2.6,-2.2,-5.2,0,72906,0,127,0, 
40.5067,-6.2,0.9,-4.1,-3.7,-2.0,0.0,-5.6,0,72912,0,128,0, 
40.5100,-5.8,-0.8,-5.7,-4.5,-2.7,-1.1,-6.7,0,72918,0,129,0, 
40.5133,-4.9,-4.9,-10.5,-4.8,-5.1,-5.7,-9.3,0,72924,0,130,0, 
40.5167,-4.8,-10.2,-16.1,-5.0,-8.6,-11.2,-13.4,0,72930,0,131,0, 
40.5200,-6.8,-14.7,-19.5,-5.5,-11.9,-15.2,-18.1,0,72936,0,132,0, 
40.5233,-10.8,-16.4,-19.4,-6.4,-13.8,-16.7,-22.2,0,72942,0,133,0, 
40.5267,-15.5,-14.8,-16.9,-7.5,-13.8,-17.0,-24.5,0,72948,0,134,0, 
40.5300,-19.2,-11.4,-14.4,-8.5,-12.6,-17.7,-24.9,0,72954,0,135,0, 
40.5333,-20.6,-9.1,-14.0,-9.0,-11.3,-19.0,-24.0,0,72960,0,136,0, 
40.5367,-20.1,-10.0,-16.2,-9.5,-11.1,-20.5,-23.2,0,72966,0,137,0, 
40.5400,-19.4,-14.4,-20.5,-10.2,-12.3,-21.3,-23.7,0,72972,0,138,0, 
40.5433,-20.1,-20.5,-25.6,-11.4,-14.4,-21.5,-25.9,0,72978,0,139,0, 
40.5467,-23.3,-26.0,-29.8,-12.8,-16.4,-22.0,-29.3,0,72984,0,140,0, 
40.5500,-28.5,-29.3,-32.1,-13.5,-17.3,-23.5,-32.7,0,72990,0,141,0, 
40.5533,-34.1,-30.5,-31.8,-13.1,-17.0,-25.7,-35.5,0,72996,0,142,0, 
40.5567,-38.8,-30.9,-29.5,-11.8,-16.3,-28.0,-37.7,0,73002,0,143,0, 
40.5600,-42.0,-32.2,-27.1,-10.3,-16.2,-29.7,-40.1,0,73008,0,144,0, 
40.5633,-44.1,-34.9,-27.1,-9.7,-17.3,-31.6,-43.2,0,73014,0,145,0, 
40.5667,-45.8,-38.6,-31.1,-10.2,-19.1,-34.9,-47.3,0,73020,0,146,0, 
40.5700,-47.8,-42.4,-38.0,-11.7,-20.7,-39.8,-52.0,0,73026,0,147,0, 
40.5733,-50.1,-45.6,-44.7,-13.3,-21.3,-45.4,-56.4,0,73032,0,148,0, 
40.5767,-52.6,-48.0,-47.9,-14.4,-21.0,-49.6,-59.7,0,73038,0,149,0, 
40.5800,-54.9,-49.6,-46.3,-15.2,-20.6,-50.6,-61.5,0,73044,0,150,0, 
40.5833,-57.2,-50.5,-41.9,-16.0,-21.0,-48.4,-61.9,0,73050,0,151,0, 
40.5867,-59.2,-50.6,-38.4,-17.1,-22.4,-44.9,-61.0,0,73056,0,152,0, 
40.5900,-60.5,-50.1,-38.6,-18.7,-24.1,-42.1,-59.1,0,73062,0,153,0, 
40.5933,-60.7,-49.2,-42.5,-20.3,-24.9,-41.1,-56.8,0,73068,0,154,0, 
40.5967,-59.4,-48.4,-47.5,-21.6,-24.3,-41.5,-54.5,0,73074,0,155,0, 
40.6000,-57.1,-47.8,-50.5,-22.3,-22.8,-41.9,-52.6,0,73080,0,156,0, 
40.6033,-55.3,-47.5,-50.0,-22.5,-21.4,-41.3,-51.4,0,73086,0,157,0, 
40.6067,-55.5,-47.3,-47.1,-22.5,-21.0,-40.1,-50.5,0,73092,0,158,0, 
40.6100,-58.1,-47.1,-44.0,-22.5,-21.8,-39.2,-49.7,0,73098,0,159,0, 
40.6133,-62.1,-46.9,-42.0,-22.7,-23.1,-39.2,-48.5,0,73104,0,160,0, 
40.6167,-64.9,-46.6,-41.0,-23.1,-24.0,-39.6,-47.0,0,73110,0,161,0, 
40.6200,-64.6,-45.8,-39.7,-23.2,-24.1,-39.5,-45.5,0,73116,0,162,0, 
40.6233,-60.3,-44.2,-37.3,-22.9,-23.3,-38.2,-43.9,0,73122,0,163,0, 
40.6267,-53.5,-41.6,-33.9,-22.0,-22.0,-35.5,-42.3,0,73128,0,164,0, 
40.6300,-46.6,-38.5,-30.7,-20.6,-20.3,-31.6,-40.3,0,73134,0,165,0, 
40.6333,-41.7,-35.5,-28.7,-19.1,-18.6,-27.0,-37.6,0,73140,0,166,0, 
40.6367,-39.5,-33.1,-28.0,-18.1,-17.0,-22.2,-34.7,0,73146,0,167,0, 
40.6400,-38.8,-31.4,-27.8,-17.7,-15.8,-18.4,-32.1,0,73152,0,168,0, 
40.6433,-38.3,-29.9,-27.2,-17.8,-15.0,-16.9,-30.6,0,73158,0,169,0, 
40.6467,-36.7,-28.2,-26.1,-17.8,-14.4,-18.3,-30.1,0,73164,0,170,0, 
40.6500,-34.0,-26.1,-24.7,-17.0,-13.7,-21.1,-29.9,0,73170,0,171,0, 
40.6533,-31.2,-23.6,-23.0,-15.3,-12.6,-22.4,-28.7,0,73176,0,172,0, 
40.6567,-29.0,-20.8,-20.5,-13.1,-10.9,-19.4,-25.6,0,73182,0,173,0, 
40.6600,-27.6,-17.5,-16.5,-11.3,-9.0,-12.1,-20.9,0,73188,0,174,0, 
40.6633,-26.4,-13.5,-11.3,-10.5,-6.8,-4.0,-16.0,0,73194,0,175,0, 
40.6667,-24.7,-9.1,-6.5,-11.0,-4.7,0.6,-12.3,0,73200,0,176,0, 
40.6700,-21.9,-5.2,-4.1,-12.2,-2.9,-1.0,-10.8,0,73206,0,177,0, 
40.6733,-18.3,-2.9,-5.1,-13.1,-1.8,-6.7,-11.0,0,73212,0,178,0, 
40.6767,-14.9,-2.6,-8.2,-12.9,-1.5,-12.1,-12.0,0,73218,0,179,0, 
40.6800,-12.6,-4.1,-10.5,-11.6,-2.2,-13.4,-12.7,0,73224,0,180,0, 
40.6833,-11.9,-6.1,-10.0,-9.4,-3.6,-10.7,-12.5,0,73230,0,181,0, 
40.6867,-12.4,-7.4,-6.7,-7.3,-5.0,-7.6,-11.2,0,73236,0,182,0, 
40.6900,-13.2,-7.5,-3.2,-5.8,-6.1,-7.3,-8.9,0,73242,0,183,0, 
40.6933,-13.0,-6.6,-2.1,-5.4,-6.5,-9.8,-5.6,0,73248,0,184,0, 
40.6967,-11.1,-5.3,-4.4,-5.8,-6.3,-11.8,-1.6,0,73254,0,185,0, 
40.7000,-7.7,-4.4,-8.2,-6.2,-5.4,-9.9,2.0,0,73260,0,186,0, 
40.7033,-3.4,-4.2,-10.2,-6.0,-4.0,-4.1,4.0,0,73266,0,187,0, 
40.7067,0.5,-4.2,-8.1,-4.8,-1.9,2.0,3.9,0,73272,0,188,0, 
40.7100,3.3,-3.4,-2.0,-2.7,0.4,4.6,2.5,0,73278,0,189,0, 
40.7133,5.1,-0.7,5.7,-0.3,2.6,3.2,1.6,0,73284,0,190,0, 
40.7167,6.2,3.9,12.2,1.9,3.7,1.0,2.7,0,73290,0,191,0, 
40.7200,7.4,9.2,15.8,3.2,3.3,1.3,5.3,0,73296,0,192,0, 
40.7233,8.9,13.0,16.4,3.6,1.5,4.7,7.4,0,73302,0,193,0, 
40.7267,10.4,13.4,14.9,3.2,-1.0,7.6,6.7,0,73308,0,194,0, 
40.7300,11.2,10.6,12.4,2.6,-3.2,6.3,3.1,0,73314,0,195,0, 
40.7333,11.2,6.7,9.8,2.1,-4.6,0.3,-1.2,0,73320,0,196,0, 
40.7367,10.9,5.0,7.9,1.9,-4.8,-5.7,-2.9,0,73326,0,197,0, 
40.7400,11.0,7.3,7.5,2.1,-4.2,-5.6,-0.3,0,73332,0,198,0, 
40.7433,12.0,12.7,8.8,2.3,-3.0,2.8,5.8,0,73338,0,199,0, 
40.7467,13.5,18.1,11.3,2.4,-1.4,15.6,12.0,0,73344,0,200,0, 
40.7500,14.7,20.1,13.6,2.4,0.3,24.9,15.1,0,73350,0,201,0, 
40.7533,15.1,17.6,14.1,2.6,1.6,24.1,13.9,0,73356,0,202,0, 
40.7567,14.7,12.4,12.2,2.9,1.9,13.0,10.1,0,73362,0,203,0, 
40.7600,14.2,7.9,8.8,3.5,1.1,-1.9,6.5,0,73368,0,204,0, 
40.7633,13.9,6.6,6.1,4.0,0.1,-11.9,5.4,0,73374,0,205,0, 
40.7667,13.5,8.7,6.5,4.4,0.0,-11.4,7.2,0,73380,0,206,0, 
40.7700,12.5,12.6,10.6,4.6,1.6,-2.2,10.4,0,73386,0,207,0, 
40.7733,10.4,16.0,17.3,4.9,4.3,8.8,13.3,0,73392,0,208,0, 
40.7767,8.4,17.9,23.5,5.7,6.1,13.5,14.3,0,73398,0,209,0, 
40.7800,8.1,18.6,26.3,7.0,5.4,8.8,13.3,0,73404,0,210,0, 
40.7833,10.6,18.7,24.5,8.5,2.2,-1.7,11.3,0,73410,0,211,0, 
40.7867,15.5,18.9,19.2,9.8,-1.3,-10.0,9.8,0,73416,0,212,0, 
40.7900,21.1,19.1,13.3,10.4,-2.4,-9.4,10.2,0,73422,0,213,0, 
40.7933,25.2,19.1,9.5,10.3,0.2,0.9,12.8,0,73428,0,214,0, 
40.7967,27.2,18.6,8.9,9.5,4.9,14.4,16.6,0,73434,0,215,0, 
40.8000,27.6,18.2,10.3,8.5,8.5,22.8,19.8,0,73440,0,216,0, 
40.8033,27.7,18.0,11.8,7.6,9.0,21.6,21.1,0,73446,0,217,0, 
40.8067,27.8,18.3,12.3,7.3,6.8,14.1,20.4,0,73452,0,218,0, 
40.8100,26.8,18.7,12.0,7.6,5.0,8.5,18.8,0,73458,0,219,0, 
40.8133,23.4,18.7,12.2,8.3,6.7,11.2,17.7,0,73464,0,220,0, 
40.8167,17.7,17.9,13.5,8.9,12.0,21.3,17.3,0,73470,0,221,0, 
40.8200,11.5,16.2,15.1,8.6,17.4,31.1,16.8,0,73476,0,222,0, 
40.8233,7.3,13.5,15.1,7.1,19.0,31.9,15.0,0,73482,0,223,0, 
40.8267,6.8,10.3,12.3,5.1,14.7,21.6,11.6,0,73488,0,224,0, 
40.8300,9.8,7.4,7.1,3.6,6.8,6.1,8.2,0,73494,0,225,0, 
40.8333,14.4,6.0,1.9,3.5,-0.3,-5.3,6.8,0,73500,0,226,0, 
40.8367,18.7,7.0,-0.8,4.9,-2.9,-7.0,8.6,0,73506,0,227,0, 
40.8400,22.0,10.4,-0.1,7.0,-0.9,-0.7,13.3,0,73512,0,228,0, 
40.8433,24.5,15.2,3.5,8.7,3.1,7.2,19.2,0,73518,0,229,0, 
40.8467,26.6,19.5,7.9,9.6,5.7,11.8,24.5,0,73524,0,230,0, 
40.8500,28.0,21.9,11.4,10.0,5.9,13.3,28.4,0,73530,0,231,0, 
40.8533,27.9,22.1,13.3,10.5,5.1,15.2,30.5,0,73536,0,232,0, 
40.8567,25.7,21.1,13.9,11.4,5.4,19.4,30.8,0,73542,0,233,0, 
40.8600,22.3,20.2,14.0,12.4,7.3,23.7,29.0,0,73548,0,234,0, 
40.8633,19.6,20.5,14.3,12.7,9.2,24.0,25.2,0,73554,0,235,0, 
40.8667,18.9,21.9,14.9,11.9,9.1,18.8,20.5,0,73560,0,236,0, 
40.8700,20.7,23.5,15.8,10.4,6.6,11.4,16.6,0,73566,0,237,0, 
40.8733,23.5,24.3,16.4,8.9,3.1,6.9,15.0,0,73572,0,238,0, 
40.8767,25.3,23.9,16.6,8.0,1.2,7.6,15.7,0,73578,0,239,0, 
40.8800,24.9,22.8,16.2,7.7,2.0,10.7,17.0,0,73584,0,240,0, 
40.8833,22.4,21.6,15.6,8.0,4.1,11.1,17.2,0,73590,0,241,0, 
40.8867,19.1,20.8,15.2,8.3,5.0,6.7,15.9,0,73596,0,242,0, 
40.8900,16.4,20.3,15.3,8.5,3.4,1.1,14.7,0,73602,0,243,0, 
40.8933,15.0,20.1,15.5,8.6,0.6,0.5,15.5,0,73608,0,244,0, 
40.8967,15.1,20.3,15.5,8.7,-0.9,7.8,19.3,0,73614,0,245,0, 
40.9000,16.8,21.4,14.9,8.9,0.9,19.3,24.9,0,73620,0,246,0, 
40.9033,19.7,23.9,14.3,9.2,5.6,27.8,29.9,0,73626,0,247,0, 
40.9067,23.6,27.3,15.0,9.9,10.6,27.9,32.3,0,73632,0,248,0, 
40.9100,27.4,30.7,17.5,10.8,13.4,20.8,31.6,0,73638,0,249,0, 
40.9133,30.0,32.5,21.2,11.5,13.6,13.2,29.1,0,73644,0,250,0, 
40.9167,30.3,32.1,24.5,11.5,12.7,11.3,26.5,0,73650,0,251,0, 
40.9200,28.1,30.0,25.5,10.3,12.5,16.3,24.7,0,73656,0,252,0, 
40.9233,24.0,27.3,23.9,8.3,13.6,24.0,23.6,0,73662,0,253,0, 
40.9267,19.2,24.9,20.4,6.1,14.6,28.6,22.4,0,73668,0,254,0, 
40.9300,14.6,22.8,16.6,4.7,13.9,27.0,20.3,0,73674,0,255,0, 
40.9333,10.4,20.4,13.3,4.4,11.4,20.4,16.9,0,73680,0,0,0, 
40.9367,6.4,17.0,10.1,4.5,8.0,12.1,12.8,0,73686,0,1,0, 
40.9400,2.6,12.6,6.1,4.7,5.1,4.4,8.8,0,73692,0,2,0, 
40.9433,-0.5,8.8,1.7,4.5,2.9,-2.3,5.7,0,73698,0,3,0, 
40.9467,-2.2,7.1,-1.4,4.4,0.9,-8.2,4.3,0,73704,0,4,0, 
40.9500,-2.4,8.4,-0.9,4.9,-1.5,-12.1,5.1,0,73710,0,5,0, 
40.9533,-1.0,11.9,3.5,6.1,-3.6,-11.7,8.0,0,73716,0,6,0, 
40.9567,1.3,15.8,9.6,7.6,-3.7,-5.5,12.7,0,73722,0,7,0, 
40.9600,4.0,18.2,14.2,8.8,-0.8,5.1,18.2,0,73728,0,8,0, 
40.9633,6.8,18.4,15.7,9.1,4.2,16.2,23.3,0,73734,0,9,0, 
40.9667,9.4,17.6,15.1,8.9,8.8,23.2,26.8,0,73740,0,10,0, 
40.9700,11.8,17.5,15.5,8.5,10.8,24.0,27.8,0,73746,0,11,0, 
40.9733,13.8,19.1,18.9,8.4,9.9,20.0,26.0,0,73752,0,12,0, 
40.9767,15.1,22.0,24.3,8.5,7.6,14.3,21.9,0,73758,0,13,0, 
40.9800,15.5,24.0,27.8,8.5,5.6,9.6,16.6,0,73764,0,14,0, 
40.9833,14.8,23.1,26.2,8.1,4.6,6.4,11.0,0,73770,0,15,0, 
40.9867,12.6,18.4,19.0,6.9,3.8,3.8,5.8,0,73776,0,16,0, 
40.9900,8.6,11.2,9.6,5.2,2.2,1.0,1.2,0,73782,0,17,0, 
40.9933,3.2,4.1,2.2,3.2,0.0,-1.7,-2.6,0,73788,0,18,0, 
40.9967,-2.4,-0.5,-0.5,1.6,-1.7,-3.3,-5.1,0,73794,0,19,0, 
41.0000,-6.9,-1.5,1.2,0.9,-1.9,-2.9,-5.8,0,73800,0,20,0, 
41.0033,-8.9,0.7,5.0,1.3,-0.8,-0.8,-4.5,0,73806,0,21,0, 
41.0067,-8.3,4.2,8.7,2.8,0.2,2.1,-1.7,0,73812,0,22,0, 
41.0100,-5.5,7.7,11.4,4.7,0.0,5.2,1.7,0,73818,0,23,0, 
41.0133,-1.7,10.2,13.4,5.9,-0.9,8.3,4.8,0,73824,0,24,0, 
41.0167,2.7,12.0,14.9,5.8,-1.2,11.6,7.4,0,73830,0,25,0, 
41.0200,7.6,13.6,15.2,4.4,0.6,15.0,9.7,0,73836,0,26,0, 
41.0233,12.6,14.9,13.7,2.7,3.9,17.6,12.3,0,73842,0,27,0, 
41.0267,16.9,15.5,10.5,1.5,6.8,18.9,14.7,0,73848,0,28,0, 
41.0300,19.1,14.9,7.1,1.2,7.2,19.0,16.1,0,73854,0,29,0, 
41.0333,17.9,13.2,5.2,1.7,4.8,18.9,15.8,0,73860,0,30,0, 
41.0367,13.9,10.8,6.1,2.4,1.4,19.6,14.3,0,73866,0,31,0, 
41.0400,8.5,8.7,9.0,2.8,-0.7,20.7,12.7,0,73872,0,32,0, 
41.0433,3.8,7.2,12.0,3.0,-0.2,20.9,12.1,0,73878,0,33,0, 
41.0467,1.1,6.2,13.4,3.0,2.1,18.2,12.2,0,73884,0,34,0, 
41.0500,0.2,4.9,12.5,2.7,4.4,12.3,11.8,0,73890,0,35,0, 
41.0533,-0.3,3.1,10.4,1.7,5.3,4.6,9.7,0,73896,0,36,0, 
41.0567,-1.0,1.3,8.6,0.0,4.7,-1.6,6.4,0,73902,0,37,0, 
41.0600,-1.7,0.4,7.8,-2.1,3.5,-3.8,3.7,0,73908,0,38,0, 
41.0633,-1.5,0.8,7.5,-3.8,2.5,-1.7,3.5,0,73914,0,39,0, 
41.0667,0.7,2.0,6.4,-4.5,1.8,2.7,5.8,0,73920,0,40,0, 
41.0700,4.3,3.0,3.5,-4.1,0.7,5.9,8.8,0,73926,0,41,0, 
41.0733,8.2,3.3,-0.4,-3.1,-1.2,5.7,10.3,0,73932,0,42,0, 
41.0767,10.7,3.2,-3.5,-2.0,-3.6,2.6,9.4,0,73938,0,43,0, 
41.0800,11.3,4.0,-3.8,-1.2,-5.2,-0.1,7.6,0,73944,0,44,0, 
41.0833,10.8,6.2,-1.0,-0.2,-5.0,0.9,7.1,0,73950,0,45,0, 
41.0867,10.6,9.2,3.6,1.2,-3.0,6.4,8.7,0,73956,0,46,0, 
41.0900,11.8,11.4,8.1,2.8,-0.1,13.6,11.0,0,73962,0,47,0, 
41.0933,14.1,11.6,11.1,4.3,2.2,17.8,11.7,0,73968,0,48,0, 
41.0967,16.4,10.0,12.3,5.0,3.0,15.6,9.3,0,73974,0,49,0, 
41.1000,16.9,8.0,12.6,5.1,2.8,8.7,5.3,0,73980,0,50,0, 
41.1033,15.0,7.3,12.6,4.8,2.7,2.5,2.7,0,73986,0,51,0, 
41.1067,11.2,8.2,12.3,4.7,3.9,2.7,3.8,0,73992,0,52,0, 
41.1100,7.0,9.5,11.5,4.5,6.7,10.2,8.0,0,73998,0,53,0, 
41.1133,4.1,9.9,9.9,3.9,9.8,20.0,12.5,0,74004,0,54,0, 
41.1167,3.0,8.6,7.8,2.5,11.7,24.4,14.2,0,74010,0,55,0, 
41.1200,3.1,6.5,5.5,0.6,11.1,19.4,12.0,0,74016,0,56,0, 
41.1233,2.7,4.7,3.4,-0.9,8.0,7.9,7.8,0,74022,0,57,0, 
41.1267,1.0,4.0,1.1,-1.4,4.0,-1.9,4.5,0,74028,0,58,0, 
41.1300,-2.1,3.8,-1.3,-1.2,0.9,-3.5,3.5,0,74034,0,59,0, 
41.1333,-5.4,2.9,-3.7,-1.0,0.0,2.8,4.0,0,74040,0,60,0, 
41.1367,-7.6,0.6,-5.4,-1.5,0.9,9.8,3.7,0,74046,0,61,0, 
41.1400,-8.0,-2.6,-6.0,-2.7,2.2,9.5,0.7,0,74052,0,62,0, 
41.1433,-7.0,-5.4,-5.6,-3.7,2.1,-0.2,-4.4,0,74058,0,63,0, 
41.1467,-5.7,-6.8,-4.9,-3.6,0.0,-13.7,-9.5,0,74064,0,64,0, 
41.1500,-4.7,-6.7,-4.8,-2.5,-3.4,-22.1,-12.1,0,74070,0,65,0, 
41.1533,-4.2,-6.1,-5.5,-1.2,-6.4,-19.9,-11.5,0,74076,0,66,0, 
41.1567,-3.5,-6.0,-6.8,-1.0,-7.6,-9.4,-8.8,0,74082,0,67,0, 
41.1600,-2.3,-6.7,-7.7,-2.2,-6.5,2.2,-6.3,0,74088,0,68,0, 
41.1633,-0.9,-7.5,-7.7,-4.0,-4.0,7.8,-5.6,0,74094,0,69,0, 
41.1667,-0.1,-7.6,-6.7,-5.4,-1.2,5.5,-6.7,0,74100,0,70,0, 
41.1700,-0.4,-6.6,-5.3,-5.6,0.5,-1.0,-8.4,0,74106,0,71,0, 
41.1733,-2.1,-4.9,-4.2,-4.9,1.2,-6.7,-9.2,0,74112,0,72,0, 
41.1767,-4.5,-3.4,-3.7,-4.2,1.3,-8.4,-8.1,0,74118,0,73,0, 
41.1800,-6.6,-2.3,-4.0,-4.2,1.5,-6.4,-5.5,0,74124,0,74,0, 
41.1833,-7.8,-1.5,-4.3,-4.6,2.4,-2.5,-2.6,0,74130,0,75,0, 
41.1867,-7.7,-0.5,-3.8,-4.8,3.5,1.5,-0.5,0,74136,0,76,0, 
41.1900,-6.4,0.7,-2.2,-4.1,4.3,4.8,0.2,0,74142,0,77,0, 
41.1933,-4.3,1.2,-0.3,-2.7,4.0,6.4,-0.5,0,74148,0,78,0, 
41.1967,-2.1,0.0,0.7,-1.3,2.6,5.4,-2.0,0,74154,0,79,0, 
41.2000,-0.3,-3.5,-0.6,-0.7,0.5,1.3,-3.9,0,74160,0,80,0, 
41.2033,0.4,-8.1,-3.7,-1.3,-1.3,-4.8,-6.1,0,74166,0,81,0, 
41.2067,0.1,-12.3,-7.0,-2.6,-2.2,-10.5,-8.6,0,74172,0,82,0, 
41.2100,-0.7,-14.5,-8.5,-4.1,-2.1,-13.7,-11.7,0,74178,0,83,0, 
41.2133,-0.8,-14.8,-7.7,-5.4,-1.4,-14.1,-15.2,0,74184,0,84,0, 
41.2167,0.2,-14.6,-6.3,-6.3,-0.6,-13.2,-18.7,0,74190,0,85,0, 
41.2200,2.3,-15.4,-6.5,-7.0,0.1,-12.7,-21.2,0,74196,0,86,0, 
41.2233,4.7,-17.8,-9.6,-7.4,0.7,-12.5,-21.6,0,74202,0,87,0, 
41.2267,6.1,-20.4,-14.3,-7.4,1.5,-11.4,-19.6,0,74208,0,88,0, 
41.2300,6.2,-21.3,-17.3,-7.0,2.6,-8.5,-15.9,0,74214,0,89,0, 
41.2333,5.6,-19.4,-16.3,-6.4,3.7,-4.4,-11.9,0,74220,0,90,0, 
41.2367,4.9,-15.6,-11.8,-6.0,4.5,-1.4,-9.1,0,74226,0,91,0, 
41.2400,4.9,-11.9,-6.4,-6.2,5.1,-0.4,-8.1,0,74232,0,92,0, 
41.2433,5.4,-9.9,-3.4,-6.7,5.8,-0.2,-8.1,0,74238,0,93,0, 
41.2467,5.6,-9.7,-4.1,-7.4,6.7,1.4,-7.8,0,74244,0,94,0, 
41.2500,5.1,-10.1,-7.0,-7.8,7.8,5.2,-6.3,0,74250,0,95,0, 
41.2533,4.1,-9.9,-9.5,-7.9,8.5,9.3,-4.1,0,74256,0,96,0, 
41.2567,2.7,-8.8,-10.1,-7.8,8.3,10.4,-2.8,0,74262,0,97,0, 
41.2600,1.2,-8.1,-8.9,-7.7,7.1,7.5,-3.7,0,74268,0,98,0, 
41.2633,-0.6,-8.8,-7.3,-7.7,5.3,4.1,-6.2,0,74274,0,99,0, 
41.2667,-3.0,-10.6,-6.6,-7.8,3.8,5.0,-8.0,0,74280,0,100,0, 
41.2700,-5.3,-11.8,-6.5,-7.9,3.2,12.5,-6.7,0,74286,0,101,0, 
41.2733,-6.3,-10.7,-5.6,-7.7,3.3,22.6,-1.7,0,74292,0,102,0, 
41.2767,-4.7,-6.7,-3.1,-7.4,3.7,27.4,4.9,0,74298,0,103,0, 
41.2800,-0.3,-1.1,0.4,-7.1,3.6,21.0,9.6,0,74304,0,104,0, 
41.2833,5.4,3.5,2.9,-6.9,3.0,5.1,9.9,0,74310,0,105,0, 
41.2867,10.2,5.0,2.3,-6.9,2.2,-11.6,6.2,0,74316,0,106,0, 
41.2900,12.5,3.1,-2.1,-7.0,1.5,-19.8,1.2,0,74322,0,107,0, 
41.2933,12.0,-0.7,-8.2,-7.2,1.0,-16.6,-1.9,0,74328,0,108,0, 
41.2967,9.6,-4.1,-12.5,-7.3,0.5,-7.4,-2.3,0,74334,0,109,0, 
41.3000,6.5,-5.6,-11.7,-7.1,-0.4,-0.9,-1.5,0,74340,0,110,0, 
41.3033,3.3,-5.1,-5.4,-6.3,-1.7,-2.0,-1.8,0,74346,0,111,0, 
41.3067,-0.2,-3.7,3.7,-4.8,-2.9,-7.3,-4.2,0,74352,0,112,0, 
41.3100,-3.9,-2.6,10.7,-3.2,-3.6,-9.3,-7.3,0,74358,0,113,0, 
41.3133,-6.9,-2.5,11.3,-2.1,-3.6,-3.3,-8.3,0,74364,0,114,0, 
41.3167,-8.0,-3.3,5.0,-2.0,-3.3,7.7,-5.8,0,74370,0,115,0, 
41.3200,-6.1,-4.3,-5.2,-3.1,-3.0,15.9,-0.4,0,74376,0,116,0, 
41.3233,-1.8,-4.5,-13.7,-5.0,-3.1,15.4,5.4,0,74382,0,117,0, 
41.3267,3.0,-3.1,-16.1,-6.6,-3.1,7.6,9.1,0,74388,0,118,0, 
41.3300,6.2,-0.1,-11.7,-7.4,-2.4,0.2,9.9,0,74394,0,119,0, 
41.3333,7.1,3.6,-3.5,-7.0,-0.6,0.3,9.0,0,74400,0,120,0, 
41.3367,6.2,6.8,3.5,-5.7,1.9,8.5,7.9,0,74406,0,121,0, 
41.3400,5.6,7.7,5.2,-4.4,4.0,17.9,7.7,0,74412,0,122,0, 
41.3433,6.3,5.8,0.8,-3.9,4.6,21.1,7.8,0,74418,0,123,0, 
41.3467,8.3,1.8,-6.8,-4.3,3.7,16.1,7.0,0,74424,0,124,0, 
41.3500,10.0,-2.4,-13.2,-5.4,2.0,7.9,4.9,0,74430,0,125,0, 
41.3533,9.9,-4.6,-14.4,-6.4,0.9,4.4,2.1,0,74436,0,126,0, 
41.3567,7.7,-3.8,-9.6,-6.4,1.1,8.7,0.0,0,74442,0,127,0, 
41.3600,4.8,-0.7,-1.6,-5.3,2.5,16.7,-0.4,0,74448,0,128,0, 
41.3633,3.3,2.6,4.8,-3.5,3.8,20.3,0.7,0,74454,0,129,0, 
41.3667,4.6,4.0,6.0,-1.7,3.9,14.6,2.2,0,74460,0,130,0, 
41.3700,8.5,3.0,1.2,-0.7,2.4,1.8,2.7,0,74466,0,131,0, 
41.3733,12.9,0.6,-6.5,-0.7,-0.1,-10.7,1.7,0,74472,0,132,0, 
41.3767,15.6,-1.7,-12.7,-1.3,-2.5,-15.7,-0.2,0,74478,0,133,0, 
41.3800,15.0,-2.5,-14.3,-1.6,-4.0,-11.9,-1.9,0,74484,0,134,0, 
41.3833,11.4,-2.0,-11.6,-1.5,-4.2,-4.0,-2.9,0,74490,0,135,0, 
41.3867,6.4,-1.1,-7.7,-1.2,-3.5,1.7,-3.3,0,74496,0,136,0, 
41.3900,2.1,-0.7,-5.6,-1.0,-2.1,2.0,-3.6,0,74502,0,137,0, 
41.3933,-0.4,-1.0,-5.8,-1.3,-0.4,-1.2,-4.0,0,74508,0,138,0, 
41.3967,-1.4,-1.3,-6.0,-1.7,1.2,-3.6,-4.4,0,74514,0,139,0, 
41.4000,-1.6,-0.8,-3.5,-1.6,2.6,-2.1,-4.0,0,74520,0,140,0, 
41.4033,-1.9,0.5,1.9,-0.7,3.4,2.4,-2.8,0,74526,0,141,0, 
41.4067,-2.3,1.5,6.8,0.8,3.4,6.5,-1.3,0,74532,0,142,0, 
41.4100,-2.2,1.3,7.2,1.9,2.6,7.3,-0.3,0,74538,0,143,0, 
41.4133,-1.1,-0.6,1.6,2.1,1.3,4.5,-0.3,0,74544,0,144,0, 
41.4167,1.0,-3.3,-7.1,1.7,0.2,0.7,-0.9,0,74550,0,145,0, 
41.4200,3.6,-5.4,-13.5,1.5,-0.2,-1.1,-1.4,0,74556,0,146,0, 
41.4233,5.6,-5.8,-13.6,2.2,0.1,0.3,-1.4,0,74562,0,147,0, 
41.4267,6.3,-4.5,-8.1,3.6,0.9,3.4,-1.1,0,74568,0,148,0, 
41.4300,5.6,-3.0,-1.6,4.5,1.6,5.5,-1.5,0,74574,0,149,0, 
41.4333,4.2,-2.7,1.0,4.0,1.7,4.7,-3.1,0,74580,0,150,0, 
41.4367,2.6,-4.1,-1.6,2.2,0.9,1.5,-5.6,0,74586,0,151,0, 
41.4400,1.3,-6.5,-6.5,0.3,-0.3,-2.0,-8.2,0,74592,0,152,0, 
41.4433,0.4,-8.4,-9.1,-0.1,-1.4,-3.6,-9.7,0,74598,0,153,0, 
41.4467,-0.3,-9.0,-7.3,1.6,-1.5,-3.1,-9.9,0,74604,0,154,0, 
41.4500,-0.6,-8.1,-2.7,4.3,-0.7,-2.1,-9.2,0,74610,0,155,0, 
41.4533,-0.7,-6.5,1.2,6.4,0.3,-2.9,-8.1,0,74616,0,156,0, 
41.4567,-0.6,-4.8,2.1,6.7,0.8,-6.1,-7.1,0,74622,0,157,0, 
41.4600,-0.3,-3.3,0.8,5.9,0.1,-10.4,-6.3,0,74628,0,158,0, 
41.4633,-0.2,-1.8,-0.1,5.5,-1.5,-13.3,-5.5,0,74634,0,159,0, 
41.4667,-0.4,-0.2,1.1,6.9,-3.0,-13.0,-5.1,0,74640,0,160,0, 
41.4700,-0.9,0.9,3.8,9.8,-3.6,-10.3,-5.4,0,74646,0,161,0, 
41.4733,-1.1,1.1,5.5,12.7,-3.0,-7.3,-6.4,0,74652,0,162,0, 
41.4767,-0.8,0.4,4.9,13.8,-1.6,-5.6,-7.1,0,74658,0,163,0, 
41.4800,0.0,-0.4,2.8,12.5,-0.1,-5.0,-6.6,0,74664,0,164,0, 
41.4833,1.2,-0.5,1.8,10.3,1.2,-3.5,-4.4,0,74670,0,165,0, 
41.4867,2.1,0.2,3.0,9.2,2.4,0.1,-1.1,0,74676,0,166,0, 
41.4900,2.3,0.5,5.0,10.1,3.6,4.7,1.3,0,74682,0,167,0, 
41.4933,1.8,-0.9,4.6,11.8,4.5,7.2,1.3,0,74688,0,168,0, 
41.4967,0.8,-4.5,-0.4,12.4,4.5,5.1,-1.8,0,74694,0,169,0, 
41.5000,-0.1,-9.2,-8.4,10.2,3.0,-1.7,-6.9,0,74700,0,170,0, 
41.5033,-0.5,-12.6,-15.2,5.7,0.4,-10.2,-11.8,0,74706,0,171,0, 
41.5067,-0.1,-13.1,-16.3,0.9,-2.4,-16.1,-15.0,0,74712,0,172,0, 
41.5100,0.9,-10.7,-10.8,-1.7,-4.1,-16.8,-15.7,0,74718,0,173,0, 
41.5133,2.3,-7.1,-2.3,-1.3,-4.2,-12.9,-14.8,0,74724,0,174,0, 
41.5167,3.6,-4.8,3.8,1.0,-3.2,-7.4,-13.6,0,74730,0,175,0, 
41.5200,4.6,-4.8,3.5,3.0,-2.0,-3.8,-12.7,0,74736,0,176,0, 
41.5233,5.0,-6.3,-2.7,3.3,-1.6,-3.3,-12.1,0,74742,0,177,0, 
41.5267,4.8,-7.5,-10.7,2.1,-1.9,-4.8,-11.2,0,74748,0,178,0, 
41.5300,4.3,-7.0,-15.5,1.0,-2.4,-6.0,-9.5,0,74754,0,179,0, 
41.5333,3.3,-5.1,-14.7,1.6,-2.7,-5.2,-7.5,0,74760,0,180,0, 
41.5367,1.8,-3.2,-9.4,4.3,-2.5,-2.5,-5.9,0,74766,0,181,0, 
41.5400,-0.4,-2.8,-3.7,7.5,-2.5,-0.1,-5.7,0,74772,0,182,0, 
41.5433,-3.3,-4.2,-1.3,9.3,-3.2,-0.3,-6.9,0,74778,0,183,0, 
41.5467,-6.3,-6.2,-3.2,8.8,-5.0,-3.8,-8.8,0,74784,0,184,0, 
41.5500,-8.9,-7.2,-7.2,6.8,-7.1,-9.2,-10.2,0,74790,0,185,0, 
41.5533,-10.3,-6.3,-9.5,4.9,-8.4,-13.3,-10.0,0,74796,0,186,0, 
41.5567,-10.3,-4.1,-7.7,4.9,-7.8,-13.0,-8.5,0,74802,0,187,0, 
41.5600,-8.9,-2.1,-2.8,6.6,-5.1,-8.2,-6.4,0,74808,0,188,0, 
41.5633,-6.7,-1.5,2.0,8.5,-1.2,-1.4,-5.1,0,74814,0,189,0, 
41.5667,-4.6,-2.2,3.4,8.8,1.8,2.9,-5.4,0,74820,0,190,0, 
41.5700,-3.3,-3.0,1.1,6.8,2.2,1.9,-6.9,0,74826,0,191,0, 
41.5733,-2.9,-2.6,-2.6,3.5,-0.5,-3.9,-8.3,0,74832,0,192,0, 
41.5767,-3.0,-0.8,-4.5,0.6,-5.0,-10.7,-8.3,0,74838,0,193,0, 
41.5800,-3.0,1.3,-3.5,-0.5,-8.9,-14.0,-6.6,0,74844,0,194,0, 
41.5833,-2.5,2.3,-1.2,0.2,-10.3,-11.9,-4.2,0,74850,0,195,0, 
41.5867,-1.7,1.5,-0.2,1.6,-8.7,-6.2,-2.8,0,74856,0,196,0, 
41.5900,-1.3,-0.4,-1.1,2.6,-5.4,-0.8,-3.2,0,74862,0,197,0, 
41.5933,-1.7,-1.9,-1.7,3.2,-2.5,1.8,-5.1,0,74868,0,198,0, 
41.5967,-3.0,-1.7,0.1,3.6,-1.3,1.7,-7.0,0,74874,0,199,0, 
41.6000,-4.4,-0.3,4.3,4.2,-1.6,1.5,-7.3,0,74880,0,200,0, 
41.6033,-5.0,1.3,7.9,4.6,-1.9,3.7,-5.7,0,74886,0,201,0, 
41.6067,-4.5,1.9,7.9,4.3,-1.0,7.6,-3.1,0,74892,0,202,0, 
41.6100,-3.1,1.6,4.4,3.0,0.9,10.1,-1.3,0,74898,0,203,0, 
41.6133,-1.9,1.8,1.2,1.5,2.4,7.7,-1.3,0,74904,0,204,0, 
41.6167,-1.4,3.4,2.7,0.8,2.2,-0.4,-2.6,0,74910,0,205,0, 
41.6200,-1.6,6.5,9.1,1.4,0.1,-10.8,-3.8,0,74916,0,206,0, 
41.6233,-1.8,9.4,15.7,2.7,-2.4,-17.6,-3.6,0,74922,0,207,0, 
41.6267,-1.7,10.3,16.3,3.3,-3.4,-16.5,-2.1,0,74928,0,208,0, 
41.6300,-1.6,8.3,8.8,2.4,-1.7,-7.6,0.0,0,74934,0,209,0, 
41.6333,-2.1,4.6,-2.2,0.1,1.8,4.4,1.2,0,74940,0,210,0, 
41.6367,-3.4,1.2,-9.2,-2.1,5.1,12.8,1.3,0,74946,0,211,0, 
41.6400,-5.2,-0.3,-7.2,-2.9,6.6,13.3,0.7,0,74952,0,212,0, 
41.6433,-6.2,0.2,1.7,-2.2,6.1,6.2,0.4,0,74958,0,213,0, 
41.6467,-5.5,1.2,10.2,-0.7,4.7,-3.7,0.8,0,74964,0,214,0, 
41.6500,-2.9,0.9,11.6,0.3,3.9,-10.3,1.7,0,74970,0,215,0, 
41.6533,0.7,-1.1,5.1,0.3,4.4,-10.6,2.3,0,74976,0,216,0, 
41.6567,3.7,-4.0,-4.2,-0.3,5.8,-5.7,2.1,0,74982,0,217,0, 
41.6600,5.0,-6.1,-9.8,-0.4,7.2,0.3,1.5,0,74988,0,218,0, 
41.6633,4.2,-6.4,-8.8,0.3,8.1,3.5,1.2,0,74994,0,219,0, 
41.6667,2.0,-5.1,-3.3,1.6,8.1,2.9,1.4,0,75000,0,220,0, 
41.6700,-0.7,-3.4,1.8,2.6,7.5,0.4,1.6,0,75006,0,221,0, 
41.6733,-2.9,-2.4,3.3,2.7,6.2,-1.2,0.9,0,75012,0,222,0, 
41.6767,-4.1,-2.6,1.1,1.6,4.8,-0.9,-1.2,0,75018,0,223,0, 
41.6800,-4.2,-3.3,-2.3,-0.1,3.6,0.3,-4.3,0,75024,0,224,0, 
41.6833,-3.7,-3.6,-4.3,-1.7,3.3,0.4,-7.0,0,75030,0,225,0, 
41.6867,-3.4,-3.0,-4.0,-2.8,3.9,-1.2,-8.1,0,75036,0,226,0, 
41.6900,-3.9,-1.8,-1.9,-3.3,4.6,-3.4,-7.1,0,75042,0,227,0, 
41.6933,-5.2,-0.9,0.4,-3.5,4.2,-3.7,-4.8,0,75048,0,228,0, 
41.6967,-6.6,-1.2,1.8,-3.7,2.2,-1.1,-2.8,0,75054,0,229,0, 
41.7000,-7.1,-2.9,1.4,-4.3,-0.7,3.0,-2.0,0,75060,0,230,0, 
41.7033,-6.3,-5.2,-0.7,-5.1,-2.2,5.7,-2.5,0,75066,0,231,0, 
41.7067,-4.3,-6.5,-3.5,-5.6,-0.9,5.0,-3.4,0,75072,0,232,0, 
41.7100,-2.1,-5.9,-5.7,-5.3,3.2,1.5,-3.5,0,75078,0,233,0, 
41.7133,-0.9,-3.6,-6.3,-4.2,7.8,-1.8,-2.2,0,75084,0,234,0, 
41.7167,-0.8,-1.0,-5.7,-2.6,10.1,-2.3,-0.2,0,75090,0,235,0, 
41.7200,-1.3,0.3,-5.1,-1.5,8.8,0.3,1.4,0,75096,0,236,0, 
41.7233,-1.6,-0.4,-5.8,-1.5,4.8,3.1,1.8,0,75102,0,237,0, 
41.7267,-1.6,-2.6,-7.3,-2.7,0.9,2.9,0.9,0,75108,0,238,0, 
41.7300,-2.1,-4.7,-7.7,-4.4,-0.8,-1.4,-0.6,0,75114,0,239,0, 
41.7333,-3.9,-5.9,-5.9,-5.8,0.1,-7.5,-1.9,0,75120,0,240,0, 
41.7367,-7.1,-6.2,-2.8,-6.5,2.2,-11.3,-2.3,0,75126,0,241,0, 
41.7400,-10.5,-7.0,-1.0,-6.9,3.8,-10.6,-2.0,0,75132,0,242,0, 
41.7433,-12.1,-8.7,-2.4,-7.3,3.8,-6.4,-1.6,0,75138,0,243,0, 
41.7467,-10.9,-10.8,-5.9,-7.9,2.8,-2.8,-1.3,0,75144,0,244,0, 
41.7500,-7.6,-11.8,-7.8,-8.2,1.5,-2.8,-1.3,0,75150,0,245,0, 
41.7533,-4.4,-10.4,-4.9,-7.7,0.8,-5.9,-1.4,0,75156,0,246,0, 
41.7567,-3.2,-7.1,2.1,-6.3,0.6,-8.8,-1.4,0,75162,0,247,0, 
41.7600,-4.5,-3.6,8.7,-4.5,0.8,-7.5,-1.4,0,75168,0,248,0, 
41.7633,-6.5,-2.0,9.8,-3.3,1.2,-1.7,-1.6,0,75174,0,249,0, 
41.7667,-6.7,-2.5,3.9,-3.3,1.7,5.2,-2.1,0,75180,0,250,0, 
41.7700,-3.4,-4.1,-5.8,-4.4,1.9,8.1,-2.8,0,75186,0,251,0, 
41.7733,3.0,-5.1,-13.7,-5.6,1.5,4.6,-3.4,0,75192,0,252,0, 
41.7767,10.5,-4.8,-16.1,-6.0,0.6,-3.3,-3.5,0,75198,0,253,0, 
41.7800,16.3,-3.8,-13.4,-5.3,-0.2,-10.3,-2.8,0,75204,0,254,0, 
41.7833,18.8,-2.8,-8.9,-4.0,-0.1,-11.7,-1.0,0,75210,0,255,0, 
41.7867,18.0,-2.3,-5.5,-2.7,1.5,-6.3,1.9,0,75216,0,0,0, 
41.7900,15.1,-1.8,-4.0,-2.1,3.9,2.5,5.4,0,75222,0,1,0, 
41.7933,11.7,-1.0,-3.0,-2.2,6.1,10.0,8.6,0,75228,0,2,0, 
41.7967,8.3,0.1,-1.5,-2.5,7.0,13.1,10.7,0,75234,0,3,0, 
41.8000,5.3,0.9,0.1,-2.8,6.5,12.3,11.3,0,75240,0,4,0, 
41.8033,2.3,1.0,0.4,-2.6,5.4,10.1,10.7,0,75246,0,5,0, 
41.8067,-0.5,1.1,-1.0,-2.1,4.7,8.9,9.8,0,75252,0,6,0, 
41.8100,-2.7,1.7,-3.4,-1.6,5.0,9.0,9.4,0,75258,0,7,0, 
41.8133,-3.8,2.9,-5.1,-1.1,5.3,8.5,9.2,0,75264,0,8,0, 
41.8167,-3.6,3.3,-5.6,-1.0,4.7,5.5,8.2,0,75270,0,9,0, 
41.8200,-2.5,1.6,-5.7,-1.0,2.6,-0.1,5.5,0,75276,0,10,0, 
41.8233,-1.6,-2.4,-6.6,-1.1,-0.2,-6.1,1.5,0,75282,0,11,0, 
41.8267,-2.3,-7.0,-8.2,-1.2,-2.2,-9.3,-2.4,0,75288,0,12,0, 
41.8300,-5.0,-9.4,-9.5,-1.2,-2.4,-7.8,-4.3,0,75294,0,13,0, 
41.8333,-8.7,-8.0,-9.3,-1.2,-0.3,-2.5,-3.4,0,75300,0,14,0, 
41.8367,-11.7,-4.0,-7.7,-1.6,3.0,3.4,-0.4,0,75306,0,15,0, 
41.8400,-12.3,0.0,-6.0,-2.3,6.0,6.4,2.6,0,75312,0,16,0, 
41.8433,-9.9,1.5,-5.0,-2.9,7.4,4.5,4.0,0,75318,0,17,0, 
41.8467,-5.4,0.4,-4.1,-2.7,6.3,-1.7,3.2,0,75324,0,18,0, 
41.8500,-1.0,-1.2,-1.9,-1.5,3.0,-9.5,1.3,0,75330,0,19,0, 
41.8533,2.1,-1.2,2.0,0.6,-1.4,-15.2,-0.1,0,75336,0,20,0, 
41.8567,3.3,0.8,5.6,2.8,-5.4,-16.7,0.2,0,75342,0,21,0, 
41.8600,3.6,3.2,6.3,4.0,-7.6,-13.3,2.0,0,75348,0,22,0, 
41.8633,3.5,4.1,2.6,3.7,-7.6,-6.7,4.3,0,75354,0,23,0, 
41.8667,3.1,2.9,-3.4,2.5,-5.6,0.4,5.8,0,75360,0,24,0, 
41.8700,1.8,1.0,-7.6,1.1,-2.9,5.3,5.7,0,75366,0,25,0, 
41.8733,-1.1,0.3,-6.7,0.6,-0.8,6.2,4.3,0,75372,0,26,0, 
41.8767,-4.7,1.7,-1.3,1.1,-0.1,3.4,2.2,0,75378,0,27,0, 
41.8800,-7.5,4.1,5.2,2.1,-0.7,-1.4,0.7,0,75384,0,28,0, 
41.8833,-7.7,5.9,8.8,3.0,-1.8,-5.5,0.5,0,75390,0,29,0, 
41.8867,-5.3,6.3,8.8,3.2,-2.1,-7.0,2.1,0,75396,0,30,0, 
41.8900,-1.7,6.0,7.1,3.0,-1.3,-5.5,4.6,0,75402,0,31,0, 
41.8933,0.8,6.7,6.8,2.8,0.5,-2.2,6.8,0,75408,0,32,0, 
41.8967,0.9,8.7,8.9,3.1,2.5,1.2,7.7,0,75414,0,33,0, 
41.9000,-1.0,11.2,11.6,3.8,3.9,3.2,7.0,0,75420,0,34,0, 
41.9033,-3.4,12.0,12.0,4.9,4.3,3.5,5.4,0,75426,0,35,0, 
41.9067,-4.4,10.1,9.4,5.9,4.0,2.7,4.3,0,75432,0,36,0, 
41.9100,-3.2,6.5,5.8,6.9,3.4,1.6,4.3,0,75438,0,37,0, 
41.9133,-0.4,3.3,4.3,7.5,3.1,0.9,5.5,0,75444,0,38,0, 
41.9167,2.7,2.2,5.9,7.6,3.3,0.5,6.8,0,75450,0,39,0, 
41.9200,4.9,3.2,8.8,6.8,3.6,0.0,7.1,0,75456,0,40,0, 
41.9233,5.8,4.5,9.3,5.0,3.6,-1.0,5.7,0,75462,0,41,0, 
41.9267,5.4,4.3,5.8,2.7,2.8,-2.5,2.7,0,75468,0,42,0, 
41.9300,3.9,2.2,-0.3,0.4,1.2,-4.6,-1.2,0,75474,0,43,0, 
41.9333,1.5,-0.8,-5.1,-1.1,-0.8,-6.7,-5.1,0,75480,0,44,0, 
41.9367,-1.4,-3.2,-5.7,-1.4,-2.5,-8.4,-8.6,0,75486,0,45,0, 
41.9400,-4.2,-3.9,-2.3,-1.0,-3.5,-9.3,-11.2,0,75492,0,46,0, 
41.9433,-6.4,-3.5,1.6,-0.5,-3.6,-9.8,-13.0,0,75498,0,47,0, 
41.9467,-7.9,-2.8,2.7,-0.3,-3.2,-10.0,-13.9,0,75504,0,48,0, 
41.9500,-8.8,-2.0,0.2,-0.4,-2.4,-10.3,-14.2,0,75510,0,49,0, 
41.9533,-9.8,-1.0,-3.2,-0.3,-1.7,-10.2,-13.8,0,75516,0,50,0, 
41.9567,-11.0,0.4,-4.1,0.5,-1.3,-8.8,-12.7,0,75522,0,51,0, 
41.9600,-12.0,1.8,-1.0,2.2,-1.8,-5.8,-10.9,0,75528,0,52,0, 
41.9633,-12.3,2.1,4.5,4.2,-3.3,-2.3,-8.5,0,75534,0,53,0, 
41.9667,-11.6,0.8,8.9,5.7,-5.6,-0.6,-6.1,0,75540,0,54,0, 
41.9700,-9.9,-1.6,9.8,6.2,-7.4,-2.5,-4.4,0,75546,0,55,0, 
41.9733,-7.8,-3.5,7.6,5.6,-7.5,-7.4,-4.0,0,75552,0,56,0, 
41.9767,-5.5,-3.2,5.1,4.6,-5.2,-12.2,-4.5,0,75558,0,57,0, 
41.9800,-3.2,-0.6,5.1,3.9,-1.5,-12.7,-4.9,0,75564,0,58,0, 
41.9833,-0.6,3.4,8.4,3.9,1.8,-7.4,-3.8,0,75570,0,59,0, 
41.9867,2.2,7.0,13.2,4.6,3.0,1.0,-0.7,0,75576,0,60,0, 
41.9900,4.7,9.2,16.8,5.5,1.6,7.0,3.7,0,75582,0,61,0, 
41.9933,6.5,10.0,17.1,6.1,-1.2,6.0,7.5,0,75588,0,62,0, 
41.9967,7.2,10.2,13.7,6.0,-3.5,-2.1,9.1,0,75594,0,63,0, 
42.0000,7.0,10.0,8.4,5.4,-3.8,-12.6,8.0,0,75600,0,64,0, 
42.0033,6.7,9.2,3.5,4.6,-2.1,-19.1,5.2,0,75606,0,65,0, 
42.0067,6.4,7.3,0.9,4.0,0.4,-18.0,2.6,0,75612,0,66,0, 
42.0100,6.0,4.2,1.2,3.7,2.2,-10.8,1.2,0,75618,0,67,0, 
42.0133,5.2,0.8,3.8,3.7,2.9,-2.8,0.9,0,75624,0,68,0, 
42.0167,3.6,-1.9,6.7,3.4,2.7,0.9,0.5,0,75630,0,69,0, 
42.0200,1.3,-3.4,7.7,2.6,2.1,-1.3,-1.1,0,75636,0,70,0, 
42.0233,-1.0,-4.2,5.8,1.6,1.5,-7.4,-4.1,0,75642,0,71,0, 
42.0267,-2.8,-4.9,1.8,0.7,0.9,-13.3,-7.7,0,75648,0,72,0, 
42.0300,-3.8,-5.7,-2.1,0.6,0.5,-16.0,-10.3,0,75654,0,73,0, 
42.0333,-4.0,-6.1,-3.3,1.4,0.8,-15.0,-11.1,0,75660,0,74,0, 
42.0367,-3.9,-5.5,-1.0,2.7,2.2,-11.9,-10.0,0,75666,0,75,0, 
42.0400,-3.7,-3.6,3.6,3.5,4.6,-8.6,-8.0,0,75672,0,76,0, 
42.0433,-3.6,-1.0,7.8,3.3,6.8,-6.2,-6.0,0,75678,0,77,0, 
42.0467,-3.3,1.0,9.5,2.3,7.5,-5.0,-4.8,0,75684,0,78,0, 
42.0500,-2.5,1.5,8.2,1.3,5.8,-4.1,-4.8,0,75690,0,79,0, 
42.0533,-1.0,0.4,5.3,1.1,2.3,-3.4,-5.6,0,75696,0,80,0, 
42.0567,0.7,-1.6,2.7,1.9,-1.6,-2.9,-7.2,0,75702,0,81,0, 
42.0600,1.9,-3.8,1.1,3.1,-4.6,-3.1,-9.3,0,75708,0,82,0, 
42.0633,2.0,-5.7,0.2,3.5,-6.2,-4.6,-11.6,0,75714,0,83,0, 
42.0667,0.7,-7.2,-0.9,2.7,-6.8,-7.2,-13.8,0,75720,0,84,0, 
42.0700,-1.1,-8.2,-2.1,1.2,-7.0,-9.8,-15.3,0,75726,0,85,0, 
42.0733,-2.2,-8.7,-2.5,-0.2,-7.1,-10.9,-15.4,0,75732,0,86,0, 
42.0767,-1.9,-8.5,-1.5,-0.7,-6.7,-9.3,-14.2,0,75738,0,87,0, 
42.0800,0.0,-7.6,0.6,-0.5,-5.5,-5.1,-11.9,0,75744,0,88,0, 
42.0833,2.4,-6.2,2.1,-0.2,-3.8,0.1,-9.5,0,75750,0,89,0, 
42.0867,4.2,-4.6,1.6,-0.3,-2.3,4.8,-7.6,0,75756,0,90,0, 
42.0900,4.8,-3.0,-0.7,-0.9,-1.5,7.6,-6.4,0,75762,0,91,0, 
42.0933,4.8,-1.4,-3.0,-1.3,-1.2,8.8,-5.6,0,75768,0,92,0, 
42.0967,5.0,0.4,-2.6,-0.7,-0.7,9.0,-4.3,0,75774,0,93,0, 
42.1000,5.9,2.4,1.6,0.8,0.5,9.2,-2.1,0,75780,0,94,0, 
42.1033,7.0,4.7,8.0,2.6,2.5,9.6,1.1,0,75786,0,95,0, 
42.1067,7.6,7.0,13.3,3.9,4.3,10.4,5.0,0,75792,0,96,0, 
42.1100,6.8,9.0,14.7,4.1,5.1,11.6,9.0,0,75798,0,97,0, 
42.1133,5.1,10.4,12.0,3.3,4.5,13.4,12.5,0,75804,0,98,0, 
42.1167,3.4,11.0,7.6,2.4,3.2,15.0,14.8,0,75810,0,99,0, 
42.1200,2.7,10.9,5.1,1.9,2.0,14.9,15.1,0,75816,0,100,0, 
42.1233,2.8,10.6,6.7,2.3,1.3,11.8,13.0,0,75822,0,101,0, 
42.1267,2.9,10.0,11.2,3.1,1.0,6.4,9.0,0,75828,0,102,0, 
42.1300,2.1,9.3,15.2,3.6,0.5,1.1,4.5,0,75834,0,103,0, 
42.1333,0.5,7.8,15.1,3.0,-0.5,-0.9,1.0,0,75840,0,104,0, 
42.1367,-1.0,5.3,9.9,1.2,-1.4,1.7,-0.4,0,75846,0,105,0, 
42.1400,-1.3,2.2,1.9,-1.3,-1.6,6.7,0.3,0,75852,0,106,0, 
42.1433,-0.1,0.1,-4.8,-3.6,-0.9,10.6,2.4,0,75858,0,107,0, 
42.1467,1.9,0.6,-6.6,-4.5,0.3,10.9,5.0,0,75864,0,108,0, 
42.1500,3.6,4.4,-2.9,-3.6,1.1,8.7,7.9,0,75870,0,109,0, 
42.1533,4.1,10.3,3.6,-1.6,1.0,7.2,11.3,0,75876,0,110,0, 
42.1567,3.5,16.0,9.3,0.5,0.3,8.8,14.7,0,75882,0,111,0, 
42.1600,2.4,19.2,11.8,1.4,-0.3,13.0,17.4,0,75888,0,112,0, 
42.1633,1.4,19.3,10.9,0.7,0.2,16.6,18.2,0,75894,0,113,0, 
42.1667,0.8,17.6,8.4,-0.8,1.8,17.1,17.2,0,75900,0,114,0, 
42.1700,0.6,16.5,6.7,-2.1,3.8,15.3,15.4,0,75906,0,115,0, 
42.1733,0.6,16.8,7.0,-2.1,5.1,14.6,14.7,0,75912,0,116,0, 
42.1767,0.9,18.0,8.9,-0.7,5.5,17.6,16.0,0,75918,0,117,0, 
42.1800,1.4,18.1,10.9,1.3,5.1,23.4,18.7,0,75924,0,118,0, 
42.1833,1.7,16.1,11.5,2.7,4.5,27.6,21.1,0,75930,0,119,0, 
42.1867,1.2,12.7,10.4,3.0,4.1,26.3,21.9,0,75936,0,120,0, 
42.1900,-0.4,10.3,8.6,2.3,3.6,19.2,21.0,0,75942,0,121,0, 
42.1933,-3.0,10.6,7.2,1.2,2.8,10.8,19.6,0,75948,0,122,0, 
42.1967,-5.3,13.3,6.9,0.0,1.5,6.1,18.7,0,75954,0,123,0, 
42.2000,-6.3,16.0,7.0,-1.5,0.2,6.6,18.1,0,75960,0,124,0, 
42.2033,-5.2,16.3,6.5,-3.4,-0.7,9.9,16.7,0,75966,0,125,0, 
42.2067,-2.8,13.8,5.0,-5.7,-0.9,11.8,13.9,0,75972,0,126,0, 
42.2100,-0.4,10.4,3.4,-7.6,-0.7,10.5,10.6,0,75978,0,127,0, 
42.2133,0.8,8.8,3.5,-8.3,-0.4,7.9,8.8,0,75984,0,128,0, 
42.2167,0.3,10.2,6.0,-7.3,-0.3,7.2,9.8,0,75990,0,129,0, 
42.2200,-0.9,13.5,9.4,-5.2,-0.1,9.8,12.8,0,75996,0,130,0, 
42.2233,-1.6,16.0,10.8,-3.1,0.6,13.4,15.7,0,76002,0,131,0, 
42.2267,-1.3,16.2,8.6,-2.2,1.6,15.0,16.1,0,76008,0,132,0, 
42.2300,0.0,14.6,3.9,-2.4,2.5,13.7,14.0,0,76014,0,133,0, 
42.2333,1.4,13.5,0.6,-3.1,2.7,11.8,11.5,0,76020,0,134,0, 
42.2367,2.3,14.8,2.2,-3.2,2.3,12.9,11.0,0,76026,0,135,0, 
42.2400,2.6,17.9,9.1,-2.2,1.8,17.4,13.3,0,76032,0,136,0, 
42.2433,2.9,20.6,17.4,-0.4,2.1,22.0,16.6,0,76038,0,137,0, 
42.2467,3.6,20.8,21.6,1.1,3.2,22.1,18.1,0,76044,0,138,0, 
42.2500,4.6,18.1,18.9,1.7,4.6,16.0,16.4,0,76050,0,139,0, 
42.2533,5.5,14.6,11.2,0.9,5.3,7.5,12.6,0,76056,0,140,0, 
42.2567,6.1,12.7,3.4,-0.6,5.1,3.1,9.5,0,76062,0,141,0, 
42.2600,6.3,13.2,0.0,-2.0,4.7,6.5,9.0,0,76068,0,142,0, 
42.2633,6.4,14.7,1.7,-2.4,4.6,15.3,10.8,0,76074,0,143,0, 
42.2667,6.5,15.0,5.6,-1.7,4.5,22.6,12.2,0,76080,0,144,0, 
42.2700,6.3,12.5,7.8,-0.2,3.0,21.6,10.9,0,76086,0,145,0, 
42.2733,5.3,7.6,6.6,1.0,-0.9,11.7,6.7,0,76092,0,146,0, 
42.2767,3.4,2.6,2.8,1.1,-6.9,-1.4,1.8,0,76098,0,147,0, 
42.2800,1.0,-0.4,-0.9,0.1,-12.6,-9.9,-0.8,0,76104,0,148,0, 
42.2833,-1.0,-0.5,-2.5,-1.5,-15.1,-9.6,-0.1,0,76110,0,149,0, 
42.2867,-1.7,1.6,-1.2,-2.4,-13.3,-2.5,2.6,0,76116,0,150,0, 
42.2900,-1.1,4.3,2.0,-2.0,-8.5,5.0,4.9,0,76122,0,151,0, 
42.2933,0.1,6.2,5.7,-0.6,-4.0,7.7,5.1,0,76128,0,152,0, 
42.2967,1.6,6.6,8.2,0.8,-2.3,5.4,3.8,0,76134,0,153,0, 
42.3000,3.1,6.0,8.2,1.2,-3.5,2.0,2.8,0,76140,0,154,0, 
42.3033,4.6,5.2,5.7,0.2,-5.3,1.9,3.5,0,76146,0,155,0, 
42.3067,6.2,5.1,1.9,-1.1,-5.6,6.2,5.7,0,76152,0,156,0, 
42.3100,7.6,5.9,-0.8,-1.5,-3.6,11.6,7.8,0,76158,0,157,0, 
42.3133,8.1,7.5,-0.7,-0.4,-0.9,13.8,8.1,0,76164,0,158,0, 
42.3167,7.5,9.0,2.0,1.7,0.5,11.1,6.7,0,76170,0,159,0, 
42.3200,6.3,9.5,5.3,3.7,-0.2,5.5,5.2,0,76176,0,160,0, 
42.3233,5.2,8.8,7.0,4.8,-1.9,1.0,5.0,0,76182,0,161,0, 
42.3267,4.7,7.4,6.2,5.0,-3.0,0.3,6.2,0,76188,0,162,0, 
42.3300,4.4,6.2,4.3,5.0,-2.8,2.5,7.6,0,76194,0,163,0, 
42.3333,3.9,6.0,3.3,5.3,-2.1,4.5,7.7,0,76200,0,164,0, 
42.3367,2.7,6.4,3.9,6.0,-2.5,3.3,5.9,0,76206,0,165,0, 
42.3400,1.5,6.8,5.1,6.5,-4.3,-0.8,3.5,0,76212,0,166,0, 
42.3433,1.1,6.7,5.4,6.4,-6.5,-4.9,2.3,0,76218,0,167,0, 
42.3467,2.0,6.2,4.6,6.0,-7.5,-5.6,3.3,0,76224,0,168,0, 
42.3500,4.0,5.9,3.9,5.7,-6.4,-2.2,5.8,0,76230,0,169,0, 
42.3533,6.2,6.2,4.9,5.6,-4.0,2.9,8.1,0,76236,0,170,0, 
42.3567,7.8,6.6,7.4,5.4,-1.9,5.7,8.6,0,76242,0,171,0, 
42.3600,8.5,6.1,9.7,4.7,-1.0,4.1,7.1,0,76248,0,172,0, 
42.3633,8.8,4.2,9.8,3.7,-1.2,-1.1,4.4,0,76254,0,173,0, 
42.3667,9.3,1.6,7.4,3.1,-1.2,-6.1,1.9,0,76260,0,174,0, 
42.3700,10.0,0.1,4.3,3.3,-0.1,-7.5,0.5,0,76266,0,175,0, 
42.3733,10.7,1.1,2.3,4.4,1.7,-4.7,0.2,0,76272,0,176,0, 
42.3767,11.4,4.4,2.1,5.5,3.1,-0.1,0.9,0,76278,0,177,0, 
42.3800,12.1,8.5,2.7,5.4,3.0,2.8,2.1,0,76284,0,178,0, 
42.3833,12.8,11.4,2.6,4.0,1.4,2.2,3.6,0,76290,0,179,0, 
42.3867,13.6,11.8,1.6,2.0,-0.6,-0.8,5.1,0,76296,0,180,0, 
42.3900,14.0,10.0,0.5,0.3,-1.3,-2.7,5.9,0,76302,0,181,0, 
42.3933,13.9,7.5,0.4,-0.4,0.0,-1.0,5.4,0,76308,0,182,0, 
42.3967,13.3,5.7,1.4,-0.3,2.8,4.1,3.6,0,76314,0,183,0, 
42.4000,12.7,5.3,2.8,0.1,5.9,9.5,1.6,0,76320,0,184,0, 
42.4033,12.6,6.2,4.3,0.2,8.2,11.7,0.9,0,76326,0,185,0, 
42.4067,13.3,7.5,5.9,0.3,9.0,9.2,2.3,0,76332,0,186,0, 
42.4100,14.6,8.7,7.6,0.8,8.3,3.4,5.6,0,76338,0,187,0, 
42.4133,16.0,9.1,8.8,1.6,6.8,-2.1,9.1,0,76344,0,188,0, 
42.4167,17.0,9.0,8.3,2.3,4.6,-4.6,11.1,0,76350,0,189,0, 
42.4200,17.4,8.7,6.3,2.5,2.2,-3.4,10.8,0,76356,0,190,0, 
42.4233,16.8,8.9,4.7,1.8,-0.4,-0.4,8.8,0,76362,0,191,0, 
42.4267,15.2,9.7,5.9,0.7,-2.6,2.2,6.5,0,76368,0,192,0, 
42.4300,12.9,10.8,10.8,-0.2,-4.0,2.6,5.3,0,76374,0,193,0, 
42.4333,10.6,11.3,16.6,-0.5,-4.2,0.9,5.4,0,76380,0,194,0, 
42.4367,8.8,10.4,18.8,-0.8,-3.0,-2.0,6.0,0,76386,0,195,0, 
42.4400,8.1,7.9,14.2,-1.4,-1.1,-4.9,5.8,0,76392,0,196,0, 
42.4433,8.4,4.7,4.0,-2.8,0.8,-6.7,4.4,0,76398,0,197,0, 
42.4467,8.9,2.3,-6.9,-4.3,1.8,-6.9,2.5,0,76404,0,198,0, 
42.4500,9.3,1.7,-12.9,-5.1,1.8,-5.3,1.0,0,76410,0,199,0, 
42.4533,9.3,3.0,-11.8,-4.5,1.2,-2.1,1.0,0,76416,0,200,0, 
42.4567,9.5,5.3,-5.6,-2.4,0.6,1.8,2.1,0,76422,0,201,0, 
42.4600,10.0,7.4,1.5,-0.1,0.4,4.6,3.4,0,76428,0,202,0, 
42.4633,10.4,8.2,5.9,1.4,0.5,4.3,3.5,0,76434,0,203,0, 
42.4667,9.7,7.5,6.9,1.3,0.3,0.2,1.6,0,76440,0,204,0, 
42.4700,7.0,5.6,5.4,-0.1,-0.5,-6.8,-2.1,0,76446,0,205,0, 
42.4733,2.2,3.0,2.7,-1.9,-1.9,-14.4,-6.7,0,76452,0,206,0, 
42.4767,-3.6,0.5,-0.8,-2.9,-3.5,-19.8,-10.7,0,76458,0,207,0, 
42.4800,-8.6,-1.6,-4.8,-2.5,-4.9,-21.7,-13.3,0,76464,0,208,0, 
42.4833,-11.8,-3.2,-8.8,-1.3,-5.8,-20.8,-14.3,0,76470,0,209,0, 
42.4867,-13.2,-4.3,-11.6,0.2,-6.4,-19.1,-14.4,0,76476,0,210,0, 
42.4900,-13.6,-5.1,-12.2,1.1,-7.0,-18.9,-14.8,0,76482,0,211,0, 
42.4933,-13.7,-5.9,-11.1,1.2,-8.0,-20.6,-16.3,0,76488,0,212,0, 
42.4967,-13.7,-6.6,-9.4,0.7,-9.4,-22.8,-18.5,0,76494,0,213,0, 
42.5000,-12.8,-6.5,-8.4,0.0,-11.0,-23.2,-20.1,0,76500,0,214,0, 
42.5033,-10.4,-5.2,-8.0,-0.7,-12.4,-20.4,-19.4,0,76506,0,215,0, 
42.5067,-6.4,-2.7,-7.4,-1.1,-13.0,-15.2,-15.9,0,76512,0,216,0, 
42.5100,-2.1,0.2,-5.7,-1.0,-12.3,-10.4,-10.6,0,76518,0,217,0, 
42.5133,1.2,2.0,-3.2,-0.4,-10.3,-8.5,-6.1,0,76524,0,218,0, 
42.5167,2.6,1.8,-1.2,0.6,-7.4,-9.9,-4.0,0,76530,0,219,0, 
42.5200,2.5,0.2,-0.6,1.5,-4.3,-12.0,-4.1,0,76536,0,220,0, 
42.5233,2.4,-1.5,-1.7,1.7,-1.7,-11.0,-4.5,0,76542,0,221,0, 
42.5267,3.4,-1.6,-3.3,0.9,0.3,-5.0,-2.7,0,76548,0,222,0, 
42.5300,5.6,0.1,-4.1,-0.4,1.9,4.2,1.7,0,76554,0,223,0, 
42.5333,8.0,2.5,-3.6,-1.4,3.6,12.1,6.7,0,76560,0,224,0, 
42.5367,9.2,4.0,-2.0,-1.6,5.5,14.1,9.3,0,76566,0,225,0, 
42.5400,8.7,3.6,-0.4,-1.1,7.0,9.0,7.5,0,76572,0,226,0, 
42.5433,7.2,1.7,0.3,-0.8,7.1,-0.6,2.7,0,76578,0,227,0, 
42.5467,6.2,-0.4,-0.5,-1.4,5.5,-9.4,-2.1,0,76584,0,228,0, 
42.5500,6.5,-1.2,-2.8,-3.0,2.6,-13.1,-3.9,0,76590,0,229,0, 
42.5533,7.5,-0.5,-5.9,-4.9,-0.3,-10.8,-2.3,0,76596,0,230,0, 
42.5567,7.6,1.1,-8.3,-6.4,-1.9,-4.5,0.5,0,76602,0,231,0, 
42.5600,5.6,2.4,-8.6,-7.0,-1.6,1.8,1.5,0,76608,0,232,0, 
42.5633,2.2,3.1,-5.8,-6.7,0.1,4.8,-0.7,0,76614,0,233,0, 
42.5667,-0.7,3.1,-0.5,-5.9,1.8,3.0,-5.1,0,76620,0,234,0, 
42.5700,-1.3,3.0,5.0,-5.0,2.5,-2.3,-9.4,0,76626,0,235,0, 
42.5733,0.6,3.0,8.4,-3.9,1.9,-8.1,-11.5,0,76632,0,236,0, 
42.5767,3.3,2.7,8.2,-2.6,1.0,-10.9,-11.3,0,76638,0,237,0, 
42.5800,4.1,1.8,5.1,-1.3,0.7,-8.6,-9.8,0,76644,0,238,0, 
42.5833,1.7,0.0,1.2,-0.4,1.4,-2.3,-8.8,0,76650,0,239,0, 
42.5867,-3.4,-2.3,-1.2,-0.3,2.9,4.1,-8.8,0,76656,0,240,0, 
42.5900,-8.6,-4.7,-1.4,-0.8,4.4,6.2,-9.6,0,76662,0,241,0, 
42.5933,-11.7,-6.4,-0.6,-1.7,5.3,2.0,-10.3,0,76668,0,242,0, 
42.5967,-12.1,-7.4,-0.8,-2.6,5.3,-6.7,-10.0,0,76674,0,243,0, 
42.6000,-10.8,-7.8,-3.2,-3.6,4.9,-14.9,-8.6,0,76680,0,244,0, 
42.6033,-9.7,-8.1,-7.4,-5.0,4.6,-18.4,-6.4,0,76686,0,245,1, sound 
42.6067,-9.7,-8.5,-11.5,-6.7,4.6,-16.1,-3.9,0,76692,0,246,0, 
42.6100,-10.7,-8.4,-13.5,-8.2,4.4,-10.6,-1.2,0,76698,0,247,0, 
42.6133,-11.4,-7.2,-11.9,-9.0,3.5,-5.7,1.6,0,76704,0,248,0, 
42.6167,-11.1,-4.3,-7.2,-8.5,1.9,-3.5,4.5,0,76710,0,249,0, 
42.6200,-9.6,-0.3,-1.3,-6.8,-0.1,-2.9,7.6,0,76716,0,250,0, 
42.6233,-7.5,3.6,3.3,-4.5,-1.8,-1.3,10.3,0,76722,0,251,0, 
42.6267,-5.2,6.4,4.8,-2.6,-2.8,2.6,12.1,0,76728,0,252,0, 
42.6300,-3.0,7.5,3.4,-1.1,-3.2,7.2,12.5,0,76734,0,253,0, 
42.6333,-0.8,7.6,1.1,-0.2,-3.2,9.6,11.5,0,76740,0,254,0, 
42.6367,1.0,8.0,0.8,0.7,-3.2,7.1,9.1,0,76746,0,255,0, 
42.6400,2.0,9.0,3.8,1.5,-3.3,-0.2,5.5,0,76752,0,0,0, 
42.6433,1.8,9.9,8.9,2.3,-3.4,-9.1,1.0,0,76758,0,1,0, 
42.6467,0.5,9.3,13.1,2.9,-3.2,-16.0,-4.1,0,76764,0,2,0, 
42.6500,-1.2,5.9,13.0,3.3,-2.8,-18.3,-8.7,0,76770,0,3,0, 
42.6533,-2.6,0.1,7.7,3.5,-2.2,-15.8,-12.3,0,76776,0,4,0, 
42.6567,-3.7,-6.2,-0.3,3.8,-1.6,-10.8,-14.1,0,76782,0,5,0, 
42.6600,-4.9,-10.8,-7.2,3.8,-0.8,-6.3,-14.8,0,76788,0,6,0, 
42.6633,-6.5,-12.4,-9.8,3.2,0.2,-4.3,-15.4,0,76794,0,7,0, 
42.6667,-8.3,-11.7,-7.9,1.7,1.4,-5.6,-16.7,0,76800,0,8,0, 
42.6700,-9.7,-10.2,-4.3,-0.1,2.3,-9.2,-18.8,0,76806,0,9,0, 
42.6733,-10.1,-9.6,-2.0,-1.8,2.6,-12.8,-20.7,0,76812,0,10,0, 
42.6767,-9.6,-10.1,-2.7,-2.5,1.8,-14.6,-21.0,0,76818,0,11,0, 
42.6800,-9.0,-11.1,-5.3,-2.0,0.1,-14.0,-19.3,0,76824,0,12,0, 
42.6833,-9.3,-11.3,-7.4,-0.5,-1.8,-12.0,-16.6,0,76830,0,13,0, 
42.6867,-10.5,-10.0,-7.3,1.1,-3.2,-10.3,-14.4,0,76836,0,14,0, 
42.6900,-11.6,-7.3,-4.6,2.3,-3.4,-10.5,-13.8,0,76842,0,15,0, 
42.6933,-11.5,-4.2,-1.0,2.7,-2.4,-12.4,-14.5,0,76848,0,16,0, 
42.6967,-9.6,-1.9,1.9,2.2,-0.6,-14.4,-15.1,0,76854,0,17,0, 
42.7000,-6.8,-1.2,3.0,1.2,1.2,-14.7,-14.7,0,76860,0,18,0, 
42.7033,-4.8,-2.3,2.1,-0.2,2.2,-12.6,-13.3,0,76866,0,19,0, 
42.7067,-5.3,-4.7,0.1,-1.4,2.1,-9.5,-12.1,0,76872,0,20,0, 
42.7100,-8.5,-7.3,-2.3,-2.3,0.9,-7.4,-12.2,0,76878,0,21,0, 
42.7133,-13.5,-9.2,-4.5,-2.7,-0.9,-7.6,-13.7,0,76884,0,22,0, 
42.7167,-18.0,-10.1,-6.2,-2.5,-2.6,-9.6,-15.8,0,76890,0,23,0, 
42.7200,-20.4,-10.4,-7.8,-2.0,-3.6,-11.8,-17.6,0,76896,0,24,0, 
42.7233,-20.1,-11.1,-9.7,-1.8,-3.9,-12.4,-18.8,0,76902,0,25,0, 
42.7267,-18.1,-13.1,-12.2,-2.3,-3.7,-11.7,-19.9,0,76908,0,26,0, 
42.7300,-16.1,-16.4,-14.9,-3.5,-3.3,-11.3,-21.8,0,76914,0,27,0, 
42.7333,-15.7,-20.4,-16.8,-5.2,-2.8,-12.5,-24.3,0,76920,0,28,0, 
42.7367,-17.2,-23.8,-17.1,-6.8,-2.2,-14.8,-26.5,0,76926,0,29,0, 
42.7400,-19.6,-25.6,-16.3,-8.3,-1.1,-15.5,-27.4,0,76932,0,30,0, 
42.7433,-21.0,-25.9,-15.8,-9.7,0.7,-11.9,-26.6,0,76938,0,31,0, 
42.7467,-20.3,-25.5,-17.3,-11.4,3.0,-3.8,-24.8,0,76944,0,32,0, 
42.7500,-17.3,-25.5,-20.9,-13.5,5.5,5.4,-23.4,0,76950,0,33,0, 
42.7533,-13.6,-26.6,-25.0,-15.4,7.5,10.6,-23.5,0,76956,0,34,0, 
42.7567,-10.8,-28.5,-27.2,-16.8,8.7,8.3,-25.4,0,76962,0,35,0, 
42.7600,-9.7,-30.6,-26.1,-17.2,9.6,0.1,-28.0,0,76968,0,36,0, 
42.7633,-10.1,-32.0,-22.7,-16.8,10.9,-8.7,-30.2,0,76974,0,37,0, 
42.7667,-10.7,-32.5,-19.8,-16.3,13.2,-12.3,-30.6,0,76980,0,38,0, 
42.7700,-11.0,-32.2,-19.9,-16.4,16.1,-8.6,-28.9,0,76986,0,39,0, 
42.7733,-10.9,-32.0,-23.4,-17.1,18.4,-0.3,-25.6,0,76992,0,40,0, 
42.7767,-11.1,-32.1,-28.3,-18.1,18.8,7.2,-21.8,0,76998,0,41,0, 
42.7800,-12.3,-32.8,-31.7,-18.9,17.3,9.8,-18.6,0,77004,0,42,0, 
42.7833,-14.3,-33.7,-31.7,-19.2,15.2,7.1,-17.1,0,77010,0,43,0, 
42.7867,-16.6,-34.3,-29.1,-19.3,14.5,1.7,-17.8,0,77016,0,44,0, 
42.7900,-18.6,-34.4,-26.5,-19.5,16.1,-3.1,-20.1,0,77022,0,45,0, 
42.7933,-20.0,-34.3,-26.2,-20.0,19.1,-5.6,-23.0,0,77028,0,46,0, 
42.7967,-21.0,-34.1,-28.6,-20.5,21.4,-5.5,-24.7,0,77034,0,47,0, 
42.8000,-21.8,-33.7,-32.2,-20.4,21.3,-3.4,-23.9,0,77040,0,48,0, 
42.8033,-22.1,-32.4,-34.8,-19.5,18.9,0.4,-20.7,0,77046,0,49,0, 
42.8067,-21.4,-29.6,-34.9,-18.0,16.3,5.3,-16.3,0,77052,0,50,0, 
42.8100,-19.5,-25.5,-32.5,-16.8,15.4,10.3,-12.7,0,77058,0,51,0, 
42.8133,-16.5,-20.7,-28.9,-16.6,16.7,13.9,-11.2,0,77064,0,52,0, 
42.8167,-13.2,-16.6,-25.4,-17.2,18.8,14.6,-11.9,0,77070,0,53,0, 
42.8200,-10.2,-14.3,-22.9,-18.0,20.0,12.7,-13.5,0,77076,0,54,0, 
42.8233,-7.7,-14.3,-21.8,-18.3,19.7,9.4,-14.3,0,77082,0,55,0, 
42.8267,-5.5,-16.0,-21.8,-17.7,18.6,6.6,-13.5,0,77088,0,56,0, 
42.8300,-3.5,-18.4,-22.3,-16.8,18.1,5.6,-11.3,0,77094,0,57,0, 
42.8333,-1.5,-20.3,-22.7,-16.3,18.5,7.0,-8.7,0,77100,0,58,0, 
42.8367,0.3,-20.9,-22.5,-16.6,18.8,10.4,-6.1,0,77106,0,59,0, 
42.8400,1.8,-19.7,-21.8,-17.4,17.8,15.0,-3.2,0,77112,0,60,0, 
42.8433,2.7,-16.7,-20.7,-17.9,15.6,19.6,0.5,0,77118,0,61,0, 
42.8467,3.2,-12.5,-19.2,-17.2,13.4,22.4,4.9,0,77124,0,62,0, 
42.8500,3.6,-7.6,-17.2,-15.4,12.6,21.9,9.3,0,77130,0,63,0, 
42.8533,4.2,-2.9,-14.0,-13.2,13.4,18.3,12.7,0,77136,0,64,0, 
42.8567,5.2,1.1,-10.0,-11.8,14.8,13.5,14.4,0,77142,0,65,0, 
42.8600,6.6,3.8,-6.4,-11.8,15.5,10.4,14.8,0,77148,0,66,0, 
42.8633,8.5,5.3,-4.9,-12.8,14.7,10.7,14.5,0,77154,0,67,0, 
42.8667,10.7,5.8,-6.2,-13.7,13.1,13.7,13.9,0,77160,0,68,0, 
42.8700,12.9,5.6,-8.7,-13.2,11.7,16.4,12.9,0,77166,0,69,0, 
42.8733,14.7,5.1,-9.5,-11.3,11.1,16.1,11.3,0,77172,0,70,0, 
42.8767,15.3,4.5,-6.5,-8.8,11.4,12.6,9.3,0,77178,0,71,0, 
42.8800,14.4,3.7,-0.8,-7.3,12.1,8.2,7.4,0,77184,0,72,0, 
42.8833,12.0,2.7,3.5,-7.8,12.9,6.1,6.2,0,77190,0,73,0, 
42.8867,9.0,1.3,2.5,-10.0,13.9,7.7,5.8,0,77196,0,74,0, 
42.8900,6.6,-0.2,-4.3,-12.4,14.8,12.2,6.1,0,77202,0,75,0, 
42.8933,5.8,-1.1,-12.8,-13.0,15.2,16.5,6.9,0,77208,0,76,0, 
42.8967,7.0,-0.9,-16.9,-11.2,14.5,18.3,8.0,0,77214,0,77,0, 
42.9000,9.7,0.7,-13.5,-7.6,13.1,16.5,9.2,0,77220,0,78,0, 
42.9033,13.0,3.0,-4.6,-4.1,11.9,12.3,10.2,0,77226,0,79,0, 
42.9067,15.9,5.1,3.7,-2.6,11.9,8.0,10.5,0,77232,0,80,0, 
42.9100,18.0,5.9,5.7,-3.5,13.1,5.6,9.7,0,77238,0,81,0, 
42.9133,19.2,5.0,0.4,-5.7,14.3,6.5,8.4,0,77244,0,82,0, 
42.9167,19.4,3.0,-8.2,-7.7,13.9,10.1,7.3,0,77250,0,83,0, 
42.9200,18.9,1.1,-14.1,-8.3,11.6,14.4,7.2,0,77256,0,84,0, 
42.9233,17.6,0.6,-13.7,-7.5,8.3,16.8,7.9,0,77262,0,85,0, 
42.9267,15.9,2.2,-7.8,-6.3,5.9,15.7,8.6,0,77268,0,86,0, 
42.9300,14.4,5.4,-0.4,-5.4,5.8,12.0,8.4,0,77274,0,87,0, 
42.9333,13.2,8.9,4.5,-4.9,7.7,8.4,7.5,0,77280,0,88,0, 
42.9367,12.1,11.2,5.5,-4.6,10.2,8.0,6.9,0,77286,0,89,0, 
42.9400,10.6,11.4,3.5,-4.0,11.8,11.1,7.6,0,77292,0,90,0, 
42.9433,8.0,9.5,0.3,-3.1,11.9,15.0,9.6,0,77298,0,91,0, 
42.9467,4.6,6.4,-2.9,-2.7,10.7,16.0,11.7,0,77304,0,92,0, 
42.9500,1.2,3.3,-5.7,-3.1,9.4,12.2,12.5,0,77310,0,93,0, 
42.9533,-1.4,1.0,-8.1,-4.3,8.8,5.5,11.4,0,77316,0,94,0, 
42.9567,-2.9,0.1,-9.3,-5.7,9.0,0.4,9.3,0,77322,0,95,0, 
42.9600,-3.8,0.6,-8.5,-6.3,9.8,0.4,8.0,0,77328,0,96,0, 
42.9633,-4.7,2.1,-6.0,-5.8,10.8,5.1,8.4,0,77334,0,97,0, 
42.9667,-5.7,4.2,-3.0,-4.7,11.5,10.9,10.1,0,77340,0,98,0, 
42.9700,-5.9,6.2,-1.3,-3.7,11.9,13.2,11.9,0,77346,0,99,0, 
42.9733,-4.8,7.7,-1.9,-3.5,11.7,10.3,12.5,0,77352,0,100,0, 
42.9767,-2.4,8.5,-4.0,-4.0,11.2,4.2,11.5,0,77358,0,101,0, 
42.9800,0.0,8.8,-5.3,-4.5,10.4,-1.2,9.9,0,77364,0,102,0, 
42.9833,1.2,9.3,-3.9,-4.3,9.5,-3.2,8.8,0,77370,0,103,0, 
42.9867,0.7,10.4,0.8,-2.9,8.7,-1.0,9.1,0,77376,0,104,0, 
42.9900,-0.6,12.1,7.5,-1.0,8.4,3.6,10.9,0,77382,0,105,0, 
42.9933,-1.0,14.3,13.4,0.6,8.7,8.8,14.0,0,77388,0,106,0, 
42.9967,0.7,16.5,16.3,1.2,9.6,13.1,17.7,0,77394,0,107,0, 
43.0000,4.1,18.2,15.5,0.5,10.8,16.1,21.3,0,77400,0,108,0, 
43.0033,7.7,19.2,11.7,-0.7,11.8,17.3,23.7,0,77406,0,109,0, 
43.0067,9.5,19.1,6.7,-1.9,12.3,16.0,23.9,0,77412,0,110,0, 
43.0100,8.3,17.5,1.8,-2.5,12.1,12.3,21.2,0,77418,0,111,0, 
43.0133,4.7,14.5,-2.1,-3.0,11.5,7.4,16.0,0,77424,0,112,0, 
43.0167,0.2,10.9,-4.9,-3.6,11.0,3.6,10.2,0,77430,0,113,0, 
43.0200,-3.3,8.0,-6.4,-4.8,11.0,2.7,5.7,0,77436,0,114,0, 
43.0233,-4.9,6.7,-6.5,-6.2,11.4,5.1,4.1,0,77442,0,115,0, 
43.0267,-4.1,7.1,-5.2,-7.1,11.4,9.2,5.0,0,77448,0,116,0, 
43.0300,-1.7,8.0,-3.4,-6.9,10.7,12.2,7.5,0,77454,0,117,0, 
43.0333,1.4,8.3,-2.0,-5.5,9.1,12.4,10.0,0,77460,0,118,0, 
43.0367,4.3,7.6,-1.6,-3.6,7.4,10.0,12.0,0,77466,0,119,0, 
43.0400,6.2,6.3,-2.0,-2.1,6.2,6.7,13.5,0,77472,0,120,0, 
43.0433,6.7,5.2,-2.0,-1.6,5.8,4.5,14.7,0,77478,0,121,0, 
43.0467,5.9,4.6,-1.3,-1.8,5.9,4.6,15.1,0,77484,0,122,0, 
43.0500,4.1,4.2,-0.2,-2.1,5.9,6.5,14.3,0,77490,0,123,0, 
43.0533,1.8,3.3,0.1,-1.8,5.8,9.0,12.3,0,77496,0,124,0, 
43.0567,-0.2,2.4,-0.9,-1.1,5.8,10.3,9.8,0,77502,0,125,0, 
43.0600,-1.5,2.5,-2.2,-0.4,6.3,9.4,7.9,0,77508,0,126,0, 
43.0633,-2.1,4.6,-2.0,-0.3,7.1,6.5,7.3,0,77514,0,127,0, 
43.0667,-2.3,8.1,0.5,-0.9,7.5,2.9,7.5,0,77520,0,128,0, 
43.0700,-2.4,11.2,4.1,-2.0,6.8,0.1,7.2,0,77526,0,129,0, 
43.0733,-2.6,12.0,5.9,-2.9,4.9,-0.7,5.4,0,77532,0,130,0, 
43.0767,-3.2,9.4,4.0,-3.4,2.4,-0.1,2.3,0,77538,0,131,0, 
43.0800,-4.0,4.1,-1.2,-3.5,0.4,0.1,-1.6,0,77544,0,132,0, 
43.0833,-5.0,-2.1,-6.7,-3.3,-0.4,-1.7,-5.2,0,77550,0,133,0, 
43.0867,-6.2,-7.7,-9.7,-3.1,0.1,-5.6,-8.4,0,77556,0,134,0, 
43.0900,-7.6,-12.2,-9.4,-3.0,1.3,-9.8,-11.0,0,77562,0,135,0, 
43.0933,-9.2,-15.5,-7.9,-3.3,2.3,-12.1,-13.4,0,77568,0,136,0, 
43.0967,-11.0,-17.9,-7.9,-4.2,2.6,-11.6,-15.3,0,77574,0,137,0, 
43.1000,-12.9,-19.5,-10.5,-5.7,2.2,-9.9,-16.5,0,77580,0,138,0, 
43.1033,-15.1,-20.3,-14.4,-7.4,1.1,-9.7,-16.9,0,77586,0,139,0, 
43.1067,-17.3,-20.6,-17.2,-8.3,-0.2,-12.3,-16.9,0,77592,0,140,0, 
43.1100,-19.1,-20.8,-17.5,-8.2,-1.6,-16.6,-16.8,0,77598,0,141,0, 
43.1133,-19.8,-20.7,-16.3,-7.4,-2.6,-19.6,-16.2,0,77604,0,142,0, 
43.1167,-19.1,-19.6,-15.2,-6.7,-2.8,-19.0,-14.7,0,77610,0,143,0, 
43.1200,-17.3,-16.6,-14.6,-6.8,-1.6,-14.8,-11.9,0,77616,0,144,0, 
43.1233,-15.4,-11.8,-13.2,-7.7,0.6,-9.6,-7.9,0,77622,0,145,0, 
43.1267,-14.6,-6.4,-9.4,-8.2,3.2,-6.0,-3.9,0,77628,0,146,0, 
43.1300,-14.8,-2.2,-3.5,-7.4,5.2,-4.5,-0.8,0,77634,0,147,0, 
43.1333,-15.3,-0.3,2.2,-5.1,5.6,-3.3,1.2,0,77640,0,148,0, 
43.1367,-15.0,-0.2,4.4,-2.5,4.7,-0.5,2.8,0,77646,0,149,0, 
43.1400,-13.3,-0.4,2.3,-0.9,3.3,4.2,4.2,0,77652,0,150,0, 
43.1433,-11.2,0.2,-2.0,-1.0,2.5,8.6,5.6,0,77658,0,151,0, 
43.1467,-10.1,1.9,-4.9,-2.0,2.9,9.7,5.8,0,77664,0,152,0, 
43.1500,-10.8,3.7,-4.1,-2.4,4.0,5.8,4.4,0,77670,0,153,0, 
43.1533,-12.9,4.7,-0.2,-1.5,4.8,-1.5,1.7,0,77676,0,154,0, 
43.1567,-14.5,4.8,4.3,0.3,4.2,-8.9,-1.1,0,77682,0,155,0, 
43.1600,-14.2,4.7,6.9,1.8,2.4,-13.1,-2.4,0,77688,0,156,0, 
43.1633,-12.2,4.6,7.2,1.9,0.5,-12.7,-1.7,0,77694,0,157,0, 
43.1667,-10.0,4.1,6.0,0.8,-0.3,-8.9,0.3,0,77700,0,158,0, 
43.1700,-9.1,2.2,4.3,-0.6,0.5,-3.9,2.1,0,77706,0,159,0, 
43.1733,-10.1,-1.3,2.4,-1.0,2.4,0.3,2.8,0,77712,0,160,0, 
43.1767,-11.8,-5.0,-0.1,-0.1,3.8,2.9,2.2,0,77718,0,161,0, 
43.1800,-12.6,-7.0,-2.9,1.6,3.7,4.2,1.4,0,77724,0,162,0, 
43.1833,-11.3,-6.0,-4.7,3.4,2.3,4.8,1.2,0,77730,0,163,0, 
43.1867,-8.4,-2.4,-4.3,4.6,0.5,5.6,2.2,0,77736,0,164,0, 
43.1900,-5.5,1.8,-1.7,5.0,-0.5,7.0,3.8,0,77742,0,165,0, 
43.1933,-3.8,4.5,1.7,5.0,-0.2,9.2,5.4,0,77748,0,166,0, 
43.1967,-4.0,4.5,4.3,4.7,1.1,11.2,5.9,0,77754,0,167,0, 
43.2000,-5.5,2.5,5.0,4.4,2.4,12.0,5.0,0,77760,0,168,0, 
43.2033,-7.7,-0.3,4.1,4.1,3.1,10.7,2.9,0,77766,0,169,0, 
43.2067,-10.0,-2.8,2.8,4.0,3.4,7.7,0.1,0,77772,0,170,0, 
43.2100,-11.9,-4.7,1.4,3.9,3.6,4.5,-2.4,0,77778,0,171,0, 
43.2133,-13.0,-5.9,-0.1,3.6,3.9,2.7,-3.7,0,77784,0,172,0, 
43.2167,-12.8,-6.3,-1.8,2.7,4.3,2.9,-3.6,0,77790,0,173,0, 
43.2200,-11.3,-5.6,-3.2,1.0,4.4,4.0,-2.6,0,77796,0,174,0, 
43.2233,-9.0,-3.8,-3.4,-1.0,4.0,4.4,-1.6,0,77802,0,175,0, 
43.2267,-7.2,-1.5,-1.9,-2.6,3.2,3.4,-1.2,0,77808,0,176,0, 
43.2300,-6.8,0.4,0.6,-3.3,2.5,2.5,-1.2,0,77814,0,177,0, 
43.2333,-7.9,1.0,2.5,-3.2,2.3,3.9,-0.9,0,77820,0,178,0, 
43.2367,-9.5,0.2,2.7,-2.4,2.9,8.4,0.4,0,77826,0,179,0, 
43.2400,-10.2,-1.2,1.1,-1.6,4.0,14.6,2.5,0,77832,0,180,0, 
43.2433,-9.0,-2.4,-0.8,-0.8,4.9,18.8,4.7,0,77838,0,181,0, 
43.2467,-6.3,-2.8,-1.7,0.0,5.2,18.3,6.0,0,77844,0,182,0, 
43.2500,-3.8,-2.5,-1.0,0.9,4.7,13.3,6.3,0,77850,0,183,0, 
43.2533,-2.8,-1.9,1.0,1.7,3.8,7.3,6.0,0,77856,0,184,0, 
43.2567,-4.0,-1.0,3.7,2.3,2.9,4.6,6.0,0,77862,0,185,0, 
43.2600,-6.9,-0.1,6.9,2.6,2.7,6.6,6.2,0,77868,0,186,0, 
43.2633,-10.1,0.5,9.8,2.7,3.1,11.2,6.1,0,77874,0,187,0, 
43.2667,-12.6,0.7,11.5,2.9,3.9,14.2,4.9,0,77880,0,188,0, 
43.2700,-14.2,0.1,10.5,2.8,4.5,12.8,2.4,0,77886,0,189,0, 
43.2733,-15.0,-1.1,6.3,2.3,4.4,7.3,-0.6,0,77892,0,190,0, 
43.2767,-15.2,-2.4,0.4,1.3,3.6,1.3,-2.8,0,77898,0,191,0, 
43.2800,-14.9,-2.9,-4.0,0.2,2.4,-1.6,-3.4,0,77904,0,192,0, 
43.2833,-13.9,-2.4,-4.0,-0.2,1.1,-0.2,-2.2,0,77910,0,193,0, 
43.2867,-12.1,-0.9,0.5,0.3,0.0,4.3,-0.1,0,77916,0,194,0, 
43.2900,-10.0,0.7,6.4,1.6,-0.7,8.7,1.9,0,77922,0,195,0, 
43.2933,-8.1,1.6,9.1,2.9,-1.1,10.9,2.9,0,77928,0,196,0, 
43.2967,-6.8,1.1,6.5,3.6,-1.2,10.2,2.4,0,77934,0,197,0, 
43.3000,-6.4,-0.9,0.3,3.5,-1.2,7.5,0.3,0,77940,0,198,0, 
43.3033,-7.1,-4.1,-4.8,3.0,-1.2,4.1,-2.7,0,77946,0,199,0, 
43.3067,-9.1,-7.1,-5.0,2.7,-1.3,1.4,-5.3,0,77952,0,200,0, 
43.3100,-12.1,-8.7,0.0,2.7,-1.3,0.3,-6.1,0,77958,0,201,0, 
43.3133,-15.1,-8.1,6.2,2.7,-1.1,1.1,-4.5,0,77964,0,202,0, 
43.3167,-17.0,-5.6,8.8,2.3,-0.7,3.4,-1.2,0,77970,0,203,0, 
43.3200,-16.7,-2.8,5.7,1.4,-0.4,5.6,2.0,0,77976,0,204,0, 
43.3233,-14.8,-1.4,-1.5,0.1,-0.7,6.1,2.8,0,77982,0,205,0, 
43.3267,-13.1,-2.8,-8.8,-1.1,-2.0,4.0,0.2,0,77988,0,206,0, 
43.3300,-14.2,-6.7,-13.1,-2.1,-4.2,-0.3,-4.8,0,77994,0,207,0, 
43.3333,-19.0,-11.8,-14.3,-2.8,-6.6,-5.2,-10.3,0,78000,0,208,0, 
43.3367,-26.4,-16.6,-14.5,-3.5,-8.5,-9.2,-14.7,0,78006,0,209,0, 
43.3400,-33.7,-20.2,-15.7,-4.1,-10.1,-11.7,-18.0,0,78012,0,210,0, 
43.3433,-38.4,-22.9,-17.9,-4.8,-11.9,-13.9,-21.4,0,78018,0,211,0, 
43.3467,-40.2,-25.2,-19.4,-5.6,-14.5,-17.0,-26.2,0,78024,0,212,0, 
43.3500,-40.6,-27.6,-19.1,-6.2,-18.0,-21.5,-32.0,0,78030,0,213,0, 
43.3533,-42.0,-30.0,-17.3,-6.5,-21.4,-26.2,-37.3,0,78036,0,214,0, 
43.3567,-45.1,-32.0,-16.2,-6.3,-23.5,-29.2,-40.1,0,78042,0,215,0, 
43.3600,-48.9,-33.3,-17.4,-5.9,-23.9,-29.4,-39.7,0,78048,0,216,0, 
43.3633,-51.4,-34.0,-20.1,-5.6,-23.4,-27.6,-37.3,0,78054,0,217,0, 
43.3667,-52.0,-34.0,-21.8,-5.7,-23.5,-25.8,-35.2,0,78060,0,218,0, 
43.3700,-51.6,-33.6,-19.9,-6.2,-24.7,-25.8,-35.0,0,78066,0,219,0, 
43.3733,-51.7,-32.6,-14.7,-6.5,-26.5,-28.0,-36.5,0,78072,0,220,0, 
43.3767,-53.2,-31.0,-9.3,-6.2,-27.4,-31.0,-38.0,0,78078,0,221,0, 
43.3800,-55.1,-29.0,-7.6,-5.2,-26.5,-33.0,-37.6,0,78084,0,222,0, 
43.3833,-55.6,-27.0,-10.5,-4.1,-24.1,-33.1,-34.7,0,78090,0,223,0, 
43.3867,-53.2,-25.1,-15.8,-3.3,-22.0,-32.2,-30.3,0,78096,0,224,0, 
43.3900,-48.7,-23.3,-18.9,-3.2,-22.0,-32.4,-26.4,0,78102,0,225,0, 
43.3933,-43.8,-21.5,-17.2,-3.2,-24.3,-34.9,-24.3,0,78108,0,226,0, 
43.3967,-40.6,-19.7,-11.6,-2.6,-27.7,-38.9,-24.0,0,78114,0,227,0, 
43.4000,-39.7,-18.2,-5.8,-1.2,-30.1,-42.2,-24.5,0,78120,0,228,0, 
43.4033,-40.6,-17.0,-3.2,0.7,-30.1,-42.7,-24.7,0,78126,0,229,0, 
43.4067,-42.1,-16.5,-4.3,2.2,-28.0,-40.0,-24.8,0,78132,0,230,0, 
43.4100,-43.3,-16.7,-7.1,2.7,-25.3,-35.9,-25.4,0,78138,0,231,0, 
43.4133,-43.6,-17.8,-8.7,2.6,-23.2,-32.6,-27.3,0,78144,0,232,0, 
43.4167,-42.9,-19.7,-8.3,2.7,-22.4,-31.2,-30.5,0,78150,0,233,0, 
43.4200,-41.0,-22.0,-7.2,3.7,-22.3,-30.9,-33.4,0,78156,0,234,0, 
43.4233,-37.8,-23.8,-6.9,5.4,-22.1,-30.0,-34.5,0,78162,0,235,0, 
43.4267,-33.4,-23.8,-7.2,7.6,-21.4,-27.4,-33.1,0,78168,0,236,0, 
43.4300,-28.4,-21.3,-6.3,9.6,-20.6,-23.8,-29.8,0,78174,0,237,0, 
43.4333,-23.5,-16.4,-2.7,11.4,-20.2,-21.1,-25.8,0,78180,0,238,0, 
43.4367,-19.2,-10.8,3.0,12.7,-20.4,-20.6,-22.6,0,78186,0,239,0, 
43.4400,-15.9,-6.5,7.6,13.5,-21.0,-21.6,-20.8,0,78192,0,240,0, 
43.4433,-13.6,-4.8,8.5,13.2,-21.4,-22.5,-20.2,0,78198,0,241,0, 
43.4467,-12.4,-5.9,5.5,12.0,-21.3,-21.7,-20.5,0,78204,0,242,0, 
43.4500,-12.3,-8.3,1.6,10.2,-20.9,-19.4,-21.0,0,78210,0,243,0, 
43.4533,-12.7,-10.4,0.5,8.8,-20.2,-17.2,-21.3,0,78216,0,244,0, 
43.4567,-12.9,-11.0,3.3,8.4,-19.4,-16.6,-20.7,0,78222,0,245,0, 
43.4600,-12.4,-9.8,7.9,9.1,-18.3,-17.7,-18.7,0,78228,0,246,0, 
43.4633,-11.3,-7.5,10.5,10.2,-16.8,-18.4,-15.5,0,78234,0,247,0, 
43.4667,-9.9,-5.1,9.4,11.0,-15.1,-16.6,-12.1,0,78240,0,248,0, 
43.4700,-9.1,-3.0,5.9,11.2,-13.7,-11.6,-9.8,0,78246,0,249,0, 
43.4733,-9.1,-1.3,2.9,11.1,-13.0,-5.5,-9.0,0,78252,0,250,0, 
43.4767,-9.9,-0.1,2.6,11.1,-13.2,-1.9,-9.4,0,78258,0,251,0, 
43.4800,-11.2,0.6,4.2,11.2,-13.7,-2.9,-9.6,0,78264,0,252,0, 
43.4833,-12.9,0.8,5.2,11.1,-13.8,-7.8,-8.7,0,78270,0,253,0, 
43.4867,-14.6,0.5,3.9,10.3,-12.9,-13.0,-6.4,0,78276,0,254,0, 
43.4900,-15.9,-0.2,1.1,8.8,-11.1,-14.6,-3.4,0,78282,0,255,0, 
43.4933,-16.0,-1.0,-0.8,6.9,-8.9,-11.1,-0.9,0,78288,0,0,0, 
43.4967,-14.2,-1.5,-0.3,5.2,-7.3,-5.3,0.3,0,78294,0,1,0, 
43.5000,-10.8,-1.7,2.2,4.0,-7.1,-1.5,0.0,0,78300,0,2,0, 
43.5033,-7.1,-1.6,4.4,3.5,-8.2,-2.5,-1.0,0,78306,0,3,0, 
43.5067,-4.7,-0.9,5.0,3.4,-9.9,-7.0,-1.6,0,78312,0,4,0, 
43.5100,-4.3,0.4,4.3,3.6,-11.0,-10.2,-1.1,0,78318,0,5,0, 
43.5133,-5.2,2.2,3.6,3.9,-10.6,-8.0,1.4,0,78324,0,6,0, 
43.5167,-5.5,4.2,3.9,4.0,-8.4,-0.5,5.8,0,78330,0,7,0, 
43.5200,-3.6,5.7,4.6,4.0,-5.5,8.0,11.0,0,78336,0,8,0, 
43.5233,0.8,6.3,4.5,4.1,-2.9,12.0,15.4,0,78342,0,9,0, 
43.5267,6.3,6.4,3.2,4.7,-1.1,9.5,17.8,0,78348,0,10,0, 
43.5300,10.7,7.0,2.4,5.8,-0.1,3.8,17.6,0,78354,0,11,0, 
43.5333,12.9,8.8,4.1,7.1,0.9,0.4,15.6,0,78360,0,12,0, 
43.5367,13.0,11.4,8.4,8.0,2.1,2.6,13.2,0,78366,0,13,0, 
43.5400,12.1,13.6,12.8,8.2,2.9,8.3,11.2,0,78372,0,14,0, 
43.5433,11.1,13.8,13.8,8.0,2.5,11.8,9.4,0,78378,0,15,0, 
43.5467,10.2,11.5,10.3,8.0,0.5,9.1,7.4,0,78384,0,16,0, 
43.5500,8.7,8.0,4.8,8.7,-2.0,1.6,5.3,0,78390,0,17,0, 
43.5533,6.3,5.6,2.0,10.2,-3.3,-4.8,4.0,0,78396,0,18,0, 
43.5567,3.2,6.0,5.2,11.8,-2.5,-4.6,4.7,0,78402,0,19,0, 
43.5600,0.9,9.4,13.5,12.7,0.1,2.7,7.3,0,78408,0,20,0, 
43.5633,0.5,13.8,22.0,13.1,2.6,11.8,10.7,0,78414,0,21,0, 
43.5667,2.4,16.9,25.5,13.3,3.2,15.6,12.9,0,78420,0,22,0, 
43.5700,5.4,17.3,21.9,14.1,1.2,11.1,12.6,0,78426,0,23,0, 
43.5733,8.0,15.5,13.9,15.4,-2.3,1.1,9.9,0,78432,0,24,0, 
43.5767,8.9,13.2,6.5,16.7,-5.6,-8.2,6.3,0,78438,0,25,0, 
43.5800,7.7,11.9,3.7,17.2,-7.4,-12.3,3.1,0,78444,0,26,0, 
43.5833,5.3,11.8,5.9,16.9,-7.8,-11.2,1.0,0,78450,0,27,0, 
43.5867,3.2,12.3,10.2,16.3,-7.4,-8.0,0.0,0,78456,0,28,0, 
43.5900,2.1,12.5,13.3,16.2,-7.1,-6.1,-0.5,0,78462,0,29,0, 
43.5933,2.4,12.1,13.8,16.5,-6.7,-6.0,-0.4,0,78468,0,30,0, 
43.5967,3.6,12.1,12.8,16.5,-6.1,-5.8,0.5,0,78474,0,31,0, 
43.6000,5.2,13.2,12.2,15.6,-5.1,-4.1,2.3,0,78480,0,32,0, 
43.6033,6.9,15.3,12.8,13.6,-3.7,-1.3,4.2,0,78486,0,33,0, 
43.6067,8.7,17.0,13.3,11.1,-2.5,0.9,5.3,0,78492,0,34,0, 
43.6100,10.3,16.8,12.0,9.2,-1.7,1.4,5.3,0,78498,0,35,0, 
43.6133,11.4,14.3,8.5,8.5,-1.3,1.2,4.4,0,78504,0,36,0, 
43.6167,11.8,10.4,4.5,8.9,-1.5,2.1,3.5,0,78510,0,37,0, 
43.6200,11.8,7.2,2.7,9.7,-2.5,5.0,3.4,0,78516,0,38,0, 
43.6233,12.2,6.6,4.8,10.4,-4.2,8.9,4.3,0,78522,0,39,0, 
43.6267,13.3,8.8,9.9,10.7,-5.9,11.5,5.5,0,78528,0,40,0, 
43.6300,14.8,12.4,15.3,10.6,-6.4,11.8,6.0,0,78534,0,41,0, 
43.6333,15.6,15.1,17.7,10.1,-5.0,10.1,5.2,0,78540,0,42,0, 
43.6367,14.8,15.5,15.8,9.3,-2.2,7.7,3.1,0,78546,0,43,0, 
43.6400,12.5,13.5,10.9,8.4,0.1,5.5,0.4,0,78552,0,44,0, 
43.6433,9.6,10.9,6.0,7.6,0.4,3.7,-1.6,0,78558,0,45,0, 
43.6467,8.1,9.7,4.0,7.4,-1.4,2.4,-1.7,0,78564,0,46,0, 
43.6500,8.7,11.1,5.9,7.6,-3.8,2.6,0.5,0,78570,0,47,0, 
43.6533,11.0,14.7,10.3,8.0,-4.8,5.1,4.3,0,78576,0,48,0, 
43.6567,13.6,18.5,14.5,8.1,-3.4,9.5,8.0,0,78582,0,49,0, 
43.6600,15.0,20.5,16.0,7.8,-0.8,13.7,10.1,0,78588,0,50,0, 
43.6633,14.7,20.0,14.0,7.2,0.9,15.1,10.1,0,78594,0,51,0, 
43.6667,13.5,17.7,10.2,7.0,0.8,13.4,9.0,0,78600,0,52,0, 
43.6700,12.4,15.5,7.4,7.1,-0.4,11.0,8.3,0,78606,0,53,0, 
43.6733,11.9,14.7,7.7,7.2,-0.7,11.5,8.8,0,78612,0,54,0, 
43.6767,11.9,15.6,10.7,6.5,1.0,15.8,9.9,0,78618,0,55,0, 
43.6800,11.6,16.8,13.4,5.0,3.8,21.0,9.9,0,78624,0,56,0, 
43.6833,10.7,16.5,13.1,3.3,5.5,22.3,7.5,0,78630,0,57,0, 
43.6867,9.5,13.9,8.9,2.3,4.4,16.7,3.1,0,78636,0,58,0, 
43.6900,8.6,9.8,3.4,2.7,0.9,6.2,-1.5,0,78642,0,59,0, 
43.6933,8.5,6.1,0.4,4.2,-2.7,-3.6,-4.5,0,78648,0,60,0, 
43.6967,8.9,4.5,2.5,5.9,-4.6,-7.5,-4.9,0,78654,0,61,0, 
43.7000,9.2,5.0,8.1,6.6,-4.2,-4.5,-3.7,0,78660,0,62,0, 
43.7033,8.7,6.4,12.9,5.9,-2.9,1.8,-2.4,0,78666,0,63,0, 
43.7067,7.7,6.9,13.0,4.3,-2.5,6.5,-2.2,0,78672,0,64,0, 
43.7100,6.9,5.7,7.8,2.9,-3.4,7.0,-3.3,0,78678,0,65,0, 
43.7133,7.5,3.4,1.2,2.5,-4.5,4.5,-4.9,0,78684,0,66,0, 
43.7167,9.9,1.6,-1.9,3.1,-4.3,2.1,-6.0,0,78690,0,67,0, 
43.7200,13.3,1.2,1.0,4.1,-2.5,1.9,-6.2,0,78696,0,68,0, 
43.7233,16.0,2.0,7.5,4.5,-0.2,3.7,-5.5,0,78702,0,69,0, 
43.7267,16.7,2.8,12.6,4.0,0.5,5.8,-4.1,0,78708,0,70,0, 
43.7300,15.1,2.4,11.8,3.0,-0.9,7.1,-2.3,0,78714,0,71,0, 
43.7333,12.4,0.5,5.1,2.1,-3.8,7.7,-0.6,0,78720,0,72,0, 
43.7367,10.5,-1.7,-3.5,2.0,-6.3,8.3,0.6,0,78726,0,73,0, 
43.7400,10.4,-2.7,-8.6,2.7,-6.9,9.1,1.1,0,78732,0,74,0, 
43.7433,11.9,-1.7,-7.4,3.5,-5.7,8.8,0.7,0,78738,0,75,0, 
43.7467,13.9,0.9,-1.4,3.9,-3.8,6.4,-0.3,0,78744,0,76,0, 
43.7500,15.1,3.8,4.9,3.4,-2.8,1.9,-1.6,0,78750,0,77,0, 
43.7533,14.6,5.6,7.6,2.4,-3.4,-2.6,-2.6,0,78756,0,78,0, 
43.7567,12.9,5.8,5.7,1.6,-5.0,-4.5,-3.2,0,78762,0,79,0, 
43.7600,10.6,5.4,1.8,1.4,-6.3,-2.0,-3.0,0,78768,0,80,0, 
43.7633,8.5,5.7,-0.5,1.8,-6.2,4.0,-1.7,0,78774,0,81,0, 
43.7667,6.9,7.5,0.6,2.1,-4.3,10.9,0.5,0,78780,0,82,0, 
43.7700,6.1,10.3,4.3,1.8,-1.6,15.2,3.2,0,78786,0,83,0, 
43.7733,6.1,12.9,7.5,0.9,0.4,15.0,5.4,0,78792,0,84,0, 
43.7767,6.8,13.7,7.9,0.3,0.3,10.8,6.5,0,78798,0,85,0, 
43.7800,7.9,12.5,5.2,0.7,-2.0,5.2,6.4,0,78804,0,86,0, 
43.7833,8.7,10.0,1.7,2.2,-5.1,1.2,5.5,0,78810,0,87,0, 
43.7867,9.1,7.7,0.4,4.1,-7.0,1.0,4.9,0,78816,0,88,0, 
43.7900,9.1,6.6,2.6,5.3,-6.0,4.5,4.8,0,78822,0,89,0, 
43.7933,9.5,7.0,7.1,5.0,-2.1,9.5,4.9,0,78828,0,90,0, 
43.7967,10.7,8.0,10.7,3.6,2.9,12.7,4.2,0,78834,0,91,0, 
43.8000,12.2,8.5,10.7,2.2,6.4,12.1,2.2,0,78840,0,92,0, 
43.8033,13.0,8.0,6.5,1.6,6.5,7.6,-0.8,0,78846,0,93,0, 
43.8067,12.1,6.5,0.3,2.0,3.8,1.5,-3.8,0,78852,0,94,0, 
43.8100,9.3,4.6,-4.4,2.7,0.2,-3.5,-5.7,0,78858,0,95,0, 
43.8133,6.0,3.0,-4.7,2.9,-2.1,-5.8,-6.0,0,78864,0,96,0, 
43.8167,3.6,2.0,-0.6,2.5,-2.3,-5.8,-5.3,0,78870,0,97,0, 
43.8200,3.3,1.6,5.5,1.8,-1.1,-4.9,-4.3,0,78876,0,98,0, 
43.8233,4.8,1.8,9.9,1.2,0.1,-4.3,-3.7,0,78882,0,99,0, 
43.8267,6.8,2.7,10.1,1.1,0.5,-4.0,-3.3,0,78888,0,100,0, 
43.8300,8.1,3.9,6.1,1.0,0.3,-2.9,-2.5,0,78894,0,101,0, 
43.8333,8.2,5.0,0.6,0.6,0.5,-0.4,-0.9,0,78900,0,102,0, 
43.8367,7.8,5.3,-3.0,-0.1,1.5,2.7,1.1,0,78906,0,103,0, 
43.8400,7.7,4.7,-2.7,-0.6,3.0,4.4,2.7,0,78912,0,104,0, 
43.8433,8.6,3.7,0.9,-0.2,4.1,3.7,3.3,0,78918,0,105,0, 
43.8467,10.4,2.9,5.2,1.1,4.2,1.2,2.5,0,78924,0,106,0, 
43.8500,12.4,2.8,7.4,2.5,3.5,-1.1,0.9,0,78930,0,107,0, 
43.8533,14.1,3.0,6.4,3.1,2.7,-1.0,-0.7,0,78936,0,108,0, 
43.8567,15.0,2.7,3.1,2.4,2.1,1.3,-1.6,0,78942,0,109,0, 
43.8600,15.3,1.4,-0.3,0.7,1.8,3.9,-1.6,0,78948,0,110,0, 
43.8633,15.2,-0.8,-2.5,-1.1,1.5,4.7,-1.2,0,78954,0,111,0, 
43.8667,15.2,-2.8,-3.7,-2.2,1.3,3.7,-0.7,0,78960,0,112,0, 
43.8700,15.3,-3.6,-5.0,-2.3,1.3,2.3,-0.2,0,78966,0,113,0, 
43.8733,15.5,-3.0,-6.6,-1.8,1.7,2.3,0.3,0,78972,0,114,0, 
43.8767,15.6,-1.7,-7.7,-1.2,2.4,3.4,0.7,0,78978,0,115,0, 
43.8800,15.0,-1.3,-6.8,-1.0,2.8,3.8,0.4,0,78984,0,116,0, 
43.8833,13.8,-2.8,-3.7,-1.3,2.6,1.3,-0.7,0,78990,0,117,0, 
43.8867,12.1,-6.0,-0.1,-1.9,1.9,-3.6,-2.5,0,78996,0,118,0, 
43.8900,10.3,-9.7,1.3,-2.2,1.3,-7.9,-4.2,0,79002,0,119,0, 
43.8933,9.2,-12.3,-1.0,-1.9,1.1,-8.6,-4.9,0,79008,0,120,0, 
43.8967,9.0,-12.7,-5.5,-0.9,1.5,-5.0,-4.1,0,79014,0,121,0, 
43.9000,9.9,-10.7,-8.8,0.6,2.0,0.3,-2.3,0,79020,0,122,0, 
43.9033,11.6,-6.9,-7.8,2.3,2.1,3.4,-0.6,0,79026,0,123,0, 
43.9067,13.4,-2.3,-2.5,3.7,1.7,2.5,0.3,0,79032,0,124,0, 
43.9100,15.0,2.3,4.3,4.5,1.0,-0.9,0.4,0,79038,0,125,0, 
43.9133,16.0,5.8,8.2,4.6,0.2,-3.3,0.4,0,79044,0,126,0, 
43.9167,16.1,7.3,7.3,4.1,-0.2,-2.5,0.9,0,79050,0,127,0, 
43.9200,15.4,6.6,3.0,3.2,0.2,0.8,1.9,0,79056,0,128,0, 
43.9233,14.2,4.2,-0.9,2.0,1.6,3.6,2.9,0,79062,0,129,0, 
43.9267,12.7,1.9,-1.3,0.8,4.0,3.9,3.3,0,79068,0,130,0, 
43.9300,11.5,1.1,2.2,0.0,6.7,2.0,3.1,0,79074,0,131,0, 
43.9333,10.6,2.6,6.8,-0.1,8.5,0.6,3.1,0,79080,0,132,0, 
43.9367,9.6,5.0,9.2,0.2,8.7,1.6,3.7,0,79086,0,133,0, 
43.9400,8.2,6.1,7.9,0.9,7.3,4.6,4.3,0,79092,0,134,0, 
43.9433,6.1,4.3,3.8,1.3,5.6,6.6,3.7,0,79098,0,135,0, 
43.9467,3.7,-0.2,-0.2,1.2,4.6,5.1,0.8,0,79104,0,136,0, 
43.9500,1.6,-5.1,-2.4,0.6,5.0,0.2,-4.1,0,79110,0,137,0, 
43.9533,0.4,-8.1,-2.6,0.1,6.1,-5.3,-9.3,0,79116,0,138,0, 
43.9567,0.4,-8.0,-2.1,0.2,6.4,-7.6,-12.4,0,79122,0,139,0, 
43.9600,1.2,-5.7,-2.1,1.3,5.0,-5.6,-12.4,0,79128,0,140,0, 
43.9633,2.4,-3.1,-2.6,2.9,2.0,-1.2,-10.1,0,79134,0,141,0, 
43.9667,3.4,-2.0,-2.8,4.4,-1.1,1.6,-8.2,0,79140,0,142,0, 
43.9700,3.7,-2.9,-2.5,4.8,-3.0,0.1,-8.8,0,79146,0,143,0, 
43.9733,3.0,-4.8,-2.3,3.7,-2.8,-5.4,-12.6,0,79152,0,144,0, 
43.9767,1.1,-6.7,-3.4,1.4,-0.6,-11.7,-17.9,0,79158,0,145,0, 
43.9800,-2.0,-8.1,-6.3,-1.3,2.4,-15.5,-22.3,0,79164,0,146,0, 
43.9833,-5.8,-9.2,-9.5,-3.5,4.8,-15.8,-24.1,0,79170,0,147,0, 
43.9867,-9.6,-10.3,-11.3,-4.5,5.4,-14.5,-23.4,0,79176,0,148,0, 
43.9900,-12.7,-12.0,-10.8,-4.6,3.8,-14.3,-22.1,0,79182,0,149,0, 
43.9933,-14.4,-14.1,-9.2,-4.1,0.1,-16.8,-21.9,0,79188,0,150,0, 
43.9967,-14.9,-16.5,-8.9,-3.7,-4.4,-21.1,-23.3,0,79194,0,151,0, 
44.0000,-14.3,-18.4,-11.4,-3.6,-8.2,-24.3,-25.1,0,79200,0,152,0, 
44.0033,-12.8,-19.5,-15.7,-4.1,-9.8,-24.5,-26.0,0,79206,0,153,0, 
44.0067,-10.8,-19.3,-19.1,-5.0,-9.1,-21.5,-25.4,0,79212,0,154,0, 
44.0100,-8.8,-18.2,-19.5,-6.2,-6.8,-17.6,-23.7,0,79218,0,155,0, 
44.0133,-7.5,-17.1,-16.8,-7.2,-4.7,-14.8,-22.3,0,79224,0,156,0, 
44.0167,-7.5,-17.1,-13.6,-7.5,-3.6,-14.0,-21.9,0,79230,0,157,0, 
44.0200,-8.7,-18.7,-12.1,-6.9,-3.7,-14.3,-22.1,0,79236,0,158,0, 
44.0233,-10.1,-21.0,-12.5,-5.4,-4.1,-14.5,-21.8,0,79242,0,159,0, 
44.0267,-10.5,-22.3,-12.5,-3.4,-3.8,-14.3,-20.3,0,79248,0,160,0, 
44.0300,-9.1,-21.3,-10.3,-1.9,-2.6,-14.4,-18.0,0,79254,0,161,0, 
44.0333,-6.6,-17.9,-6.1,-1.5,-1.1,-15.4,-16.0,0,79260,0,162,0, 
44.0367,-4.3,-13.9,-2.9,-2.1,-0.3,-17.3,-15.0,0,79266,0,163,0, 
44.0400,-3.1,-10.9,-3.2,-2.9,-0.5,-18.9,-15.0,0,79272,0,164,0, 
44.0433,-3.0,-9.7,-6.9,-2.9,-1.3,-18.9,-15.0,0,79278,0,165,0, 
44.0467,-3.0,-9.1,-10.3,-1.5,-1.9,-17.1,-13.9,0,79284,0,166,0, 
44.0500,-2.2,-7.5,-9.0,0.7,-1.3,-14.2,-11.4,0,79290,0,167,0, 
44.0533,-0.7,-3.9,-1.7,2.9,0.5,-11.5,-8.4,0,79296,0,168,0, 
44.0567,0.8,0.4,8.3,4.1,3.0,-9.6,-6.2,0,79302,0,169,0, 
44.0600,1.4,3.1,14.7,3.8,4.7,-8.5,-6.0,0,79308,0,170,0, 
44.0633,1.0,2.2,13.1,2.6,4.7,-8.1,-7.8,0,79314,0,171,0, 
44.0667,0.5,-2.2,3.7,0.9,2.8,-8.4,-10.7,0,79320,0,172,0, 
44.0700,0.7,-7.9,-8.4,-0.8,-0.2,-9.7,-13.4,0,79326,0,173,0, 
44.0733,1.5,-11.8,-16.7,-2.5,-2.6,-11.8,-14.8,0,79332,0,174,0, 
44.0767,1.8,-12.2,-17.8,-4.1,-3.3,-13.8,-14.6,0,79338,0,175,0, 
44.0800,0.8,-9.5,-12.7,-5.3,-1.7,-14.7,-13.2,0,79344,0,176,0, 
44.0833,-1.1,-6.0,-6.2,-5.4,1.0,-14.1,-11.2,0,79350,0,177,0, 
44.0867,-2.2,-4.1,-2.6,-4.3,3.6,-12.2,-9.0,0,79356,0,178,0, 
44.0900,-1.3,-4.3,-2.8,-2.2,4.6,-9.9,-6.5,0,79362,0,179,0, 
44.0933,1.6,-5.3,-4.4,0.2,3.9,-7.9,-3.8,0,79368,0,180,0, 
44.0967,4.7,-4.7,-3.7,2.0,2.5,-6.2,-0.8,0,79374,0,181,0, 
44.1000,5.8,-1.6,0.9,3.0,1.5,-4.7,2.4,0,79380,0,182,0, 
44.1033,4.0,3.0,7.5,3.4,1.7,-3.2,5.1,0,79386,0,183,0, 
44.1067,0.5,6.8,12.1,3.4,3.1,-1.5,7.0,0,79392,0,184,0, 
44.1100,-2.1,7.9,12.2,3.3,4.9,0.2,7.8,0,79398,0,185,0, 
44.1133,-1.8,6.3,8.4,2.8,6.2,1.8,7.7,0,79404,0,186,0, 
44.1167,1.4,4.2,4.6,1.7,6.7,3.2,6.9,0,79410,0,187,0, 
44.1200,5.8,3.9,4.2,0.3,6.6,4.4,6.3,0,79416,0,188,0, 
44.1233,9.2,6.3,7.9,-0.9,6.3,5.4,6.2,0,79422,0,189,0, 
44.1267,10.4,10.4,12.9,-1.1,6.2,6.0,7.0,0,79428,0,190,0, 
44.1300,9.9,13.9,15.2,-0.1,6.1,6.3,8.2,0,79434,0,191,0, 
44.1333,8.8,15.4,13.5,1.8,5.7,6.3,9.3,0,79440,0,192,0, 
44.1367,8.3,14.8,9.6,3.6,4.9,5.8,9.6,0,79446,0,193,0, 
44.1400,8.6,13.4,7.1,4.9,3.8,5.1,9.0,0,79452,0,194,0, 
44.1433,9.0,12.2,8.0,5.5,2.9,4.6,8.2,0,79458,0,195,0, 
44.1467,9.1,11.4,10.8,5.5,2.7,4.9,8.2,0,79464,0,196,0, 
44.1500,8.7,10.7,12.5,5.5,3.6,6.7,9.5,0,79470,0,197,0, 
44.1533,8.4,9.6,11.2,5.6,5.2,9.5,11.6,0,79476,0,198,0, 
44.1567,8.7,8.8,8.0,5.7,6.8,11.9,13.2,0,79482,0,199,0, 
44.1600,9.6,8.6,6.2,5.7,7.9,12.1,13.1,0,79488,0,200,0, 
44.1633,10.8,9.2,8.3,5.8,8.0,9.1,10.9,0,79494,0,201,0, 
44.1667,11.7,9.9,13.4,5.9,7.5,3.9,7.5,0,79500,0,202,0, 
44.1700,11.9,9.5,18.0,6.2,7.0,-1.4,4.3,0,79506,0,203,0, 
44.1733,11.5,7.6,18.8,6.3,6.8,-4.5,2.2,0,79512,0,204,0, 
44.1767,10.9,4.9,14.8,5.9,7.4,-4.5,1.6,0,79518,0,205,0, 
44.1800,11.0,2.7,8.3,4.9,8.5,-2.4,2.2,0,79524,0,206,0, 
44.1833,12.1,2.2,3.1,3.6,9.7,0.3,3.9,0,79530,0,207,0, 
44.1867,14.3,4.0,2.2,2.8,10.3,2.5,6.7,0,79536,0,208,0, 
44.1900,16.7,7.8,6.8,3.1,10.2,4.4,10.4,0,79542,0,209,0, 
44.1933,18.5,12.7,15.6,4.6,9.4,6.7,14.1,0,79548,0,210,0, 
44.1967,18.7,17.0,25.5,6.5,8.5,9.7,16.6,0,79554,0,211,0, 
44.2000,17.5,19.4,32.3,7.9,8.4,12.7,16.6,0,79560,0,212,0, 
44.2033,15.7,18.6,32.6,7.9,9.1,14.5,14.4,0,79566,0,213,0, 
44.2067,14.4,15.2,25.7,6.5,10.4,14.3,11.2,0,79572,0,214,0, 
44.2100,14.3,10.7,14.6,4.8,11.2,12.1,8.7,0,79578,0,215,0, 
44.2133,14.7,7.6,5.1,3.9,11.0,9.1,8.0,0,79584,0,216,0, 
44.2167,14.5,7.3,2.0,4.7,10.0,6.7,8.9,0,79590,0,217,0, 
44.2200,12.9,9.2,5.7,6.7,8.8,6.1,10.0,0,79596,0,218,0, 
44.2233,10.0,11.1,12.3,8.9,8.5,7.8,10.4,0,79602,0,219,0, 
44.2267,7.1,10.7,16.1,10.2,9.2,11.0,9.6,0,79608,0,220,0, 
44.2300,5.1,7.4,14.6,10.2,10.4,13.9,8.0,0,79614,0,221,0, 
44.2333,4.6,3.0,9.8,9.2,11.2,14.5,6.1,0,79620,0,222,0, 
44.2367,5.0,0.4,6.7,8.1,11.2,12.2,4.6,0,79626,0,223,0, 
44.2400,5.3,1.2,8.0,7.6,10.6,8.8,3.7,0,79632,0,224,0, 
44.2433,5.3,4.6,12.4,7.7,10.0,7.4,3.7,0,79638,0,225,0, 
44.2467,5.1,8.3,15.8,8.0,9.7,10.9,4.5,0,79644,0,226,0, 
44.2500,5.5,10.1,15.5,8.1,9.5,18.6,6.1,0,79650,0,227,0, 
44.2533,6.6,9.6,12.2,8.0,9.0,26.3,7.9,0,79656,0,228,0, 
44.2567,7.7,7.9,9.2,7.9,8.2,28.7,9.1,0,79662,0,229,0, 
44.2600,8.5,6.7,8.9,7.9,7.4,23.3,9.3,0,79668,0,230,0, 
44.2633,8.5,6.7,10.8,7.9,7.2,12.4,8.5,0,79674,0,231,0, 
44.2667,8.5,7.6,11.9,7.8,7.4,2.4,7.5,0,79680,0,232,0, 
44.2700,9.1,8.1,10.5,7.5,7.5,-1.1,7.0,0,79686,0,233,0, 
44.2733,10.5,7.8,7.6,7.4,7.1,2.9,7.4,0,79692,0,234,0, 
44.2767,12.0,6.8,6.2,7.7,5.9,10.6,8.3,0,79698,0,235,0, 
44.2800,12.5,6.2,8.0,8.3,4.4,16.1,9.0,0,79704,0,236,0, 
44.2833,11.8,6.4,11.7,8.8,3.4,16.3,9.1,0,79710,0,237,0, 
44.2867,10.2,7.4,14.5,8.7,2.9,12.7,8.7,0,79716,0,238,0, 
44.2900,8.8,8.8,14.4,8.1,3.0,9.7,8.3,0,79722,0,239,0, 
44.2933,8.5,9.7,12.0,7.4,3.0,11.1,8.4,0,79728,0,240,0, 
44.2967,9.1,9.9,9.5,7.1,3.0,16.4,8.9,0,79734,0,241,0, 
44.3000,9.7,9.7,8.7,7.1,3.3,21.8,9.5,0,79740,0,242,0, 
44.3033,9.6,9.8,9.3,7.0,4.0,22.9,10.1,0,79746,0,243,0, 
44.3067,8.7,10.9,10.6,6.5,5.0,18.7,10.8,0,79752,0,244,0, 
44.3100,8.2,13.5,12.2,5.5,5.8,12.1,12.0,0,79758,0,245,0, 
44.3133,9.2,16.7,15.1,4.6,5.6,8.1,14.2,0,79764,0,246,0, 
44.3167,12.3,19.4,19.6,4.5,4.5,10.0,17.5,0,79770,0,247,0, 
44.3200,16.7,20.2,24.0,5.3,2.9,16.9,21.1,0,79776,0,248,0, 
44.3233,20.4,18.8,25.5,6.3,1.8,24.4,24.1,0,79782,0,249,0, 
44.3267,22.1,16.2,22.3,7.2,1.8,27.9,25.6,0,79788,0,250,0, 
44.3300,21.4,14.3,16.1,7.8,2.7,25.8,25.5,0,79794,0,251,0, 
44.3333,19.4,14.4,11.1,8.4,3.7,20.3,24.2,0,79800,0,252,0, 
44.3367,17.5,16.0,11.3,9.5,4.2,15.4,22.5,0,79806,0,253,0, 
44.3400,16.8,17.5,16.5,10.8,3.6,13.9,20.5,0,79812,0,254,0, 
44.3433,17.3,17.1,22.5,11.9,2.7,15.4,18.2,0,79818,0,255,0, 
44.3467,17.8,14.5,24.5,12.0,2.2,17.0,15.3,0,79824,0,0,0, 
44.3500,17.3,10.9,20.6,11.3,2.7,15.8,12.4,0,79830,0,1,0, 
44.3533,15.4,8.5,13.5,10.3,4.0,11.9,10.3,0,79836,0,2,0, 
44.3567,12.7,8.8,8.1,10.0,5.0,7.9,10.1,0,79842,0,3,0, 
44.3600,10.4,11.2,7.8,10.4,4.6,6.9,11.8,0,79848,0,4,0, 
44.3633,9.0,13.9,11.9,11.2,2.3,10.0,14.4,0,79854,0,5,0, 
44.3667,8.5,15.2,16.7,11.8,-1.5,15.2,16.0,0,79860,0,6,0, 
44.3700,8.0,14.7,18.8,11.5,-5.1,18.7,15.4,0,79866,0,7,0, 
44.3733,6.9,12.9,17.4,10.6,-7.0,17.7,12.7,0,79872,0,8,0, 
44.3767,5.6,11.4,14.3,9.4,-6.6,12.9,9.5,0,79878,0,9,0, 
44.3800,4.8,10.7,12.2,8.5,-4.2,7.4,7.6,0,79884,0,10,0, 
44.3833,5.5,10.9,12.4,7.9,-1.1,4.7,8.0,0,79890,0,11,0, 
44.3867,7.8,11.2,14.4,7.4,1.8,6.3,9.9,0,79896,0,12,0, 
44.3900,10.9,10.9,16.3,6.9,3.9,10.6,11.6,0,79902,0,13,0, 
44.3933,13.6,9.8,16.6,6.2,5.4,14.9,12.1,0,79908,0,14,0, 
44.3967,15.3,8.2,14.9,5.1,6.4,17.3,11.3,0,79914,0,15,0, 
44.4000,15.9,6.5,11.7,3.6,7.2,18.1,10.1,0,79920,0,16,0, 
44.4033,16.1,4.9,8.4,1.7,7.4,18.6,9.4,0,79926,0,17,0, 
44.4067,16.4,3.9,6.5,-0.3,6.9,19.8,9.5,0,79932,0,18,0, 
44.4100,16.8,3.6,6.6,-1.7,5.6,21.1,9.7,0,79938,0,19,0, 
44.4133,16.8,3.8,8.8,-2.1,4.1,21.4,9.2,0,79944,0,20,0, 
44.4167,15.9,4.6,12.2,-1.2,2.7,19.9,7.7,0,79950,0,21,0, 
44.4200,14.1,5.8,15.5,0.7,1.8,16.9,5.7,0,79956,0,22,0, 
44.4233,12.1,7.3,17.4,2.7,1.1,13.7,4.1,0,79962,0,23,0, 
44.4267,10.6,9.1,17.7,4.3,0.3,11.6,3.2,0,79968,0,24,0, 
44.4300,10.4,11.2,16.4,5.1,-0.7,10.9,3.2,0,79974,0,25,0, 
44.4333,11.7,13.1,14.4,5.1,-1.3,12.0,4.3,0,79980,0,26,0, 
44.4367,14.2,14.6,12.2,4.6,-0.8,14.9,6.5,0,79986,0,27,0, 
44.4400,17.9,15.8,10.6,3.6,0.7,19.7,9.9,0,79992,0,28,0, 
44.4433,21.9,17.2,10.1,2.1,2.8,25.6,14.4,0,79998,0,29,0, 
44.4467,25.3,19.5,11.0,0.3,4.6,31.0,19.0,0,80004,0,30,0, 
44.4500,27.0,22.5,13.4,-1.3,5.3,33.3,22.5,0,80010,0,31,0, 
44.4533,26.3,25.5,16.6,-2.4,5.2,31.4,24.1,0,80016,0,32,0, 
44.4567,23.4,26.8,19.4,-2.6,5.1,26.2,23.8,0,80022,0,33,0, 
44.4600,19.6,25.8,20.5,-2.2,5.8,20.5,22.4,0,80028,0,34,0, 
44.4633,16.6,22.4,19.0,-1.5,7.2,17.1,20.9,0,80034,0,35,0, 
44.4667,15.4,17.9,15.1,-0.6,8.4,17.1,19.7,0,80040,0,36,0, 
44.4700,15.6,13.9,9.9,0.3,8.2,18.9,18.4,0,80046,0,37,0, 
44.4733,15.7,11.1,5.5,1.2,6.5,20.4,16.7,0,80052,0,38,0, 
44.4767,14.1,9.4,3.2,2.1,4.2,20.1,14.4,0,80058,0,39,0, 
44.4800,10.5,8.3,3.5,2.7,2.8,18.7,11.9,0,80064,0,40,0, 
44.4833,6.3,7.6,5.6,2.9,2.9,17.9,9.9,0,80070,0,41,0, 
44.4867,3.6,7.5,7.9,3.0,4.0,18.4,8.8,0,80076,0,42,0, 
44.4900,3.5,8.1,9.2,3.0,4.7,19.2,8.2,0,80082,0,43,0, 
44.4933,5.6,9.3,9.3,3.2,4.2,18.3,7.6,0,80088,0,44,0, 
44.4967,7.6,9.9,8.2,3.2,2.4,14.4,6.3,0,80094,0,45,0, 
44.5000,7.6,9.0,5.9,2.3,0.7,8.5,3.9,0,80100,0,46,0, 
44.5033,5.2,6.6,2.5,0.2,0.2,2.9,0.6,0,80106,0,47,0, 
44.5067,1.6,3.6,-1.7,-2.6,1.3,-0.3,-2.9,0,80112,0,48,0, 
44.5100,-1.5,1.6,-5.5,-5.0,3.5,-0.4,-5.6,0,80118,0,49,0, 
44.5133,-3.1,1.7,-6.7,-5.9,5.3,1.9,-6.3,0,80124,0,50,0, 
44.5167,-4.0,3.8,-3.8,-4.8,5.9,5.2,-4.7,0,80130,0,51,0, 
44.5200,-5.3,6.9,2.5,-2.7,5.1,8.8,-1.0,0,80136,0,52,0, 
44.5233,-7.3,9.8,9.5,-0.8,3.5,12.3,3.9,0,80142,0,53,0, 
44.5267,-9.0,11.7,13.7,-0.2,2.0,15.6,8.5,0,80148,0,54,0, 
44.5300,-8.7,12.7,13.5,-0.6,1.3,18.3,11.9,0,80154,0,55,0, 
44.5333,-5.9,13.0,9.9,-1.1,1.8,20.2,13.8,0,80160,0,56,0, 
44.5367,-1.9,12.8,5.9,-0.7,3.4,21.2,14.7,0,80166,0,57,0, 
44.5400,1.0,12.1,3.9,0.7,5.5,21.6,15.3,0,80172,0,58,0, 
44.5433,1.1,10.8,4.7,2.5,7.3,21.5,16.0,0,80178,0,59,0, 
44.5467,-1.2,9.4,6.7,3.4,8.3,20.6,16.3,0,80184,0,60,0, 
44.5500,-4.0,8.6,8.1,3.2,8.5,18.6,15.9,0,80190,0,61,0, 
44.5533,-5.1,8.9,8.1,2.1,8.6,15.6,14.8,0,80196,0,62,0, 
44.5567,-4.1,10.1,7.2,1.2,9.0,12.5,13.4,0,80202,0,63,0, 
44.5600,-2.7,11.4,6.4,0.9,9.8,10.8,11.9,0,80208,0,64,0, 
44.5633,-3.3,11.9,6.2,0.7,10.1,10.7,10.6,0,80214,0,65,0, 
44.5667,-6.8,11.4,6.6,0.2,8.9,11.6,9.0,0,80220,0,66,0, 
44.5700,-12.2,10.3,7.4,-1.0,6.1,11.8,6.6,0,80226,0,67,0, 
44.5733,-17.0,9.4,8.6,-2.5,2.6,10.4,3.6,0,80232,0,68,0, 
44.5767,-19.2,8.8,9.7,-3.4,0.0,7.3,0.2,0,80238,0,69,0, 
44.5800,-18.4,7.9,9.9,-3.2,-0.5,3.7,-3.1,0,80244,0,70,0, 
44.5833,-16.1,6.0,8.0,-2.1,1.0,0.9,-6.0,0,80250,0,71,0, 
44.5867,-14.4,3.0,3.9,-1.1,3.2,-1.0,-8.3,0,80256,0,72,0, 
44.5900,-14.4,0.0,-1.2,-1.2,4.4,-2.1,-10.1,0,80262,0,73,0, 
44.5933,-15.8,-1.7,-4.8,-2.5,4.0,-2.9,-11.3,0,80268,0,74,0, 
44.5967,-17.1,-1.4,-5.2,-4.3,2.5,-3.4,-11.8,0,80274,0,75,0, 
44.6000,-17.2,-0.1,-2.7,-5.8,0.8,-3.1,-11.8,0,80280,0,76,0, 
44.6033,-15.6,0.8,0.3,-6.2,0.0,-1.6,-11.8,0,80286,0,77,0, 
44.6067,-12.9,0.0,1.6,-5.4,0.2,1.0,-11.6,0,80292,0,78,0, 
44.6100,-10.2,-1.9,1.0,-4.0,1.0,3.9,-10.7,0,80298,0,79,0, 
44.6133,-8.2,-3.1,0.0,-2.4,1.9,5.9,-8.1,0,80304,0,80,0, 
44.6167,-7.0,-2.5,0.4,-0.9,2.7,6.5,-3.6,0,80310,0,81,0, 
44.6200,-6.3,-0.3,2.3,0.0,3.2,5.8,1.7,0,80316,0,82,0, 
44.6233,-5.7,1.7,3.7,0.1,3.4,5.0,5.9,0,80322,0,83,0, 
44.6267,-5.0,1.8,3.0,-0.5,3.6,5.3,7.5,0,80328,0,84,0, 
44.6300,-4.3,0.0,0.7,-1.7,3.7,7.4,6.7,0,80334,0,85,0, 
44.6333,-3.5,-1.8,-0.9,-2.6,3.7,10.5,5.1,0,80340,0,86,0, 
44.6367,-2.6,-1.5,0.4,-2.3,3.8,12.5,4.4,0,80346,0,87,0, 
44.6400,-1.3,1.6,4.5,-0.8,3.7,11.2,4.8,0,80352,0,88,0, 
44.6433,0.8,6.1,8.4,1.4,3.2,6.0,4.7,0,80358,0,89,0, 
44.6467,3.5,9.6,9.9,3.2,2.2,-1.4,2.3,0,80364,0,90,0, 
44.6500,6.7,10.8,8.8,3.9,0.9,-7.4,-2.6,0,80370,0,91,0, 
44.6533,9.9,10.3,8.1,3.8,-0.6,-9.0,-8.1,0,80376,0,92,0, 
44.6567,12.6,9.4,10.1,3.9,-1.8,-6.0,-11.2,0,80382,0,93,0, 
44.6600,14.4,9.1,14.4,4.8,-2.5,-1.1,-10.6,0,80388,0,94,0, 
44.6633,15.2,9.2,17.3,6.1,-2.5,2.2,-7.0,0,80394,0,95,0, 
44.6667,15.2,8.7,15.2,6.9,-1.8,2.3,-3.0,0,80400,0,96,0, 
44.6700,14.8,7.3,8.8,6.4,-0.4,1.1,-0.2,0,80406,0,97,0, 
44.6733,14.2,6.2,2.5,4.9,1.3,2.3,1.6,0,80412,0,98,0, 
44.6767,13.8,6.5,1.5,3.6,2.8,8.2,3.7,0,80418,0,99,0, 
44.6800,13.7,8.4,6.7,3.4,3.7,17.2,7.0,0,80424,0,100,0, 
44.6833,13.9,10.1,13.4,4.2,4.2,24.0,10.4,0,80430,0,101,0, 
44.6867,14.5,9.5,15.0,4.8,4.6,23.7,11.6,0,80436,0,102,0, 
44.6900,15.6,6.1,8.9,4.1,5.2,15.1,9.1,0,80442,0,103,0, 
44.6933,17.1,1.6,-1.5,2.0,6.1,2.0,3.7,0,80448,0,104,0, 
44.6967,18.6,-1.1,-9.2,-0.5,6.4,-8.7,-1.7,0,80454,0,105,0, 
44.7000,19.6,-0.5,-9.3,-2.0,5.6,-11.9,-4.1,0,80460,0,106,0, 
44.7033,19.5,2.4,-2.7,-1.6,3.6,-6.9,-2.7,0,80466,0,107,0, 
44.7067,17.9,5.2,4.6,0.1,1.3,2.2,1.0,0,80472,0,108,0, 
44.7100,15.7,5.8,7.4,2.0,-0.2,9.5,4.4,0,80478,0,109,0, 
44.7133,13.8,4.2,5.0,3.2,-0.3,11.2,6.0,0,80484,0,110,0, 
44.7167,13.2,2.4,1.3,3.6,0.6,7.3,5.7,0,80490,0,111,0, 
44.7200,13.8,2.1,0.6,3.2,1.3,1.1,4.4,0,80496,0,112,0, 
44.7233,14.9,3.6,3.7,2.4,1.2,-3.9,3.1,0,80502,0,113,0, 
44.7267,15.4,5.4,7.8,1.3,0.3,-5.6,2.0,0,80508,0,114,0, 
44.7300,14.7,5.7,9.0,0.1,-0.6,-4.3,0.5,0,80514,0,115,0, 
44.7333,13.1,3.8,6.3,-0.7,-0.7,-1.7,-1.3,0,80520,0,116,0, 
44.7367,11.5,0.7,1.7,-0.8,-0.1,0.4,-2.7,0,80526,0,117,0, 
44.7400,10.9,-2.2,-1.7,-0.5,0.5,1.2,-3.0,0,80532,0,118,0, 
44.7433,11.4,-4.0,-2.7,-0.4,0.3,0.3,-1.9,0,80538,0,119,0, 
44.7467,12.3,-4.7,-2.4,-1.5,-0.8,-1.6,-0.1,0,80544,0,120,0, 
44.7500,12.7,-4.6,-2.7,-3.6,-2.0,-3.6,1.2,0,80550,0,121,0, 
44.7533,11.7,-4.1,-4.4,-5.9,-2.4,-4.2,1.7,0,80556,0,122,0, 
44.7567,9.3,-3.4,-6.4,-7.2,-1.6,-2.4,1.6,0,80562,0,123,0, 
44.7600,6.4,-2.5,-7.5,-6.6,0.0,1.6,2.0,0,80568,0,124,0, 
44.7633,4.4,-1.6,-7.0,-4.8,1.2,5.5,3.3,0,80574,0,125,0, 
44.7667,4.4,-0.9,-5.7,-2.9,1.2,6.7,5.3,0,80580,0,126,0, 
44.7700,6.5,-0.4,-4.4,-1.9,0.1,3.9,6.9,0,80586,0,127,0, 
44.7733,9.4,0.0,-3.4,-2.1,-1.1,-0.8,7.5,0,80592,0,128,0, 
44.7767,11.5,0.6,-2.4,-2.7,-1.5,-3.6,7.5,0,80598,0,129,0, 
44.7800,11.8,1.3,-1.2,-2.8,-0.6,-1.4,7.4,0,80604,0,130,0, 
44.7833,10.6,2.2,0.1,-2.1,0.8,5.3,7.7,0,80610,0,131,0, 
44.7867,9.5,3.0,1.3,-0.9,1.7,12.5,8.3,0,80616,0,132,0, 
44.7900,9.8,3.5,2.0,-0.1,1.2,15.2,8.3,0,80622,0,133,0, 
44.7933,11.9,3.5,2.1,-0.1,-0.1,12.0,7.5,0,80628,0,134,0, 
44.7967,14.3,2.5,1.5,-0.8,-1.3,5.4,6.0,0,80634,0,135,0, 
44.8000,15.0,0.5,0.4,-1.4,-1.3,0.2,4.8,0,80640,0,136,0, 
44.8033,13.2,-2.0,-0.9,-1.1,-0.3,-0.4,4.7,0,80646,0,137,0, 
44.8067,9.6,-3.8,-1.6,0.2,0.9,2.3,5.3,0,80652,0,138,0, 
44.8100,6.3,-3.8,-1.1,1.9,1.1,4.7,6.1,0,80658,0,139,0, 
44.8133,5.3,-1.9,0.9,3.2,0.3,3.8,6.3,0,80664,0,140,0, 
44.8167,6.7,0.9,3.5,3.2,-0.7,0.1,5.8,0,80670,0,141,0, 
44.8200,8.7,3.2,5.5,1.8,-0.9,-3.2,5.2,0,80676,0,142,0, 
44.8233,9.4,3.5,6.0,-0.3,0.2,-3.4,4.9,0,80682,0,143,0, 
44.8267,7.7,1.7,4.8,-2.2,1.7,-0.6,4.8,0,80688,0,144,0, 
44.8300,4.2,-1.1,3.0,-3.2,2.3,2.5,4.2,0,80694,0,145,0, 
44.8333,0.8,-3.5,1.0,-3.1,1.4,3.4,2.8,0,80700,0,146,0, 
44.8367,-1.3,-4.9,-1.3,-2.5,-0.3,1.7,0.9,0,80706,0,147,0, 
44.8400,-1.8,-5.4,-4.3,-2.2,-1.5,-0.8,-0.9,0,80712,0,148,0, 
44.8433,-1.8,-5.9,-7.8,-2.6,-1.5,-2.2,-1.8,0,80718,0,149,0, 
44.8467,-2.2,-6.8,-10.9,-3.4,-0.5,-2.1,-1.8,0,80724,0,150,0, 
44.8500,-3.4,-8.2,-12.2,-3.8,0.2,-1.9,-1.1,0,80730,0,151,0, 
44.8533,-5.0,-9.4,-11.1,-3.5,0.0,-2.5,0.0,0,80736,0,152,0, 
44.8567,-6.5,-9.7,-8.6,-2.5,-1.2,-3.3,1.2,0,80742,0,153,0, 
44.8600,-7.5,-8.6,-6.5,-1.8,-2.3,-3.3,2.5,0,80748,0,154,0, 
44.8633,-8.1,-6.5,-6.2,-2.3,-2.5,-2.2,3.3,0,80754,0,155,0, 
44.8667,-8.4,-4.3,-7.9,-4.2,-1.8,-1.3,2.7,0,80760,0,156,0, 
44.8700,-8.4,-3.0,-10.7,-7.1,-0.7,-1.9,0.8,0,80766,0,157,0, 
44.8733,-7.7,-2.9,-12.9,-9.6,0.2,-3.7,-1.5,0,80772,0,158,0, 
44.8767,-6.1,-3.2,-13.4,-10.5,1.0,-4.3,-2.5,0,80778,0,159,0, 
44.8800,-3.8,-2.7,-11.9,-9.1,1.9,-1.9,-1.2,0,80784,0,160,0, 
44.8833,-1.1,-0.7,-8.6,-5.9,3.0,3.1,2.1,0,80790,0,161,0, 
44.8867,1.4,2.5,-4.2,-2.3,3.8,7.2,5.2,0,80796,0,162,0, 
44.8900,3.4,5.2,0.1,0.4,3.4,7.1,6.2,0,80802,0,163,0, 
44.8933,4.4,5.7,3.2,1.4,1.5,2.6,4.2,0,80808,0,164,0, 
44.8967,4.1,3.1,3.8,0.6,-1.0,-2.5,0.6,0,80814,0,165,0, 
44.9000,2.4,-1.7,1.5,-0.7,-2.7,-3.6,-2.4,0,80820,0,166,0, 
44.9033,-0.6,-6.6,-2.4,-1.6,-2.9,0.8,-3.5,0,80826,0,167,0, 
44.9067,-3.7,-9.6,-6.0,-1.4,-1.9,7.5,-2.8,0,80832,0,168,0, 
44.9100,-5.7,-9.7,-7.3,-0.2,-0.8,11.1,-1.9,0,80838,0,169,0, 
44.9133,-5.4,-7.9,-5.7,1.3,-0.6,8.0,-1.9,0,80844,0,170,0, 
44.9167,-3.1,-5.7,-2.7,2.2,-1.0,-0.1,-3.0,0,80850,0,171,0, 
44.9200,0.0,-4.6,-0.6,1.9,-0.7,-7.9,-3.9,0,80856,0,172,0, 
44.9233,2.0,-5.3,-1.1,0.8,1.0,-10.5,-3.7,0,80862,0,173,0, 
44.9267,1.4,-7.1,-4.1,-0.6,3.8,-7.1,-2.1,0,80868,0,174,0, 
44.9300,-1.7,-9.4,-7.6,-1.5,6.1,-1.2,-0.2,0,80874,0,175,0, 
44.9333,-5.8,-10.9,-9.2,-1.8,6.0,2.7,1.0,0,80880,0,176,0, 
44.9367,-9.1,-10.9,-7.7,-1.7,3.1,2.2,1.2,0,80886,0,177,0, 
44.9400,-10.4,-9.2,-3.9,-1.5,-1.3,-1.7,0.8,0,80892,0,178,0, 
44.9433,-9.9,-6.3,0.0,-1.4,-4.9,-5.8,0.6,0,80898,0,179,0, 
44.9467,-9.1,-3.2,1.9,-1.3,-6.2,-8.0,1.0,0,80904,0,180,0, 
44.9500,-9.0,-1.2,0.6,-0.8,-5.0,-8.2,1.6,0,80910,0,181,0, 
44.9533,-10.3,-1.3,-2.8,0.2,-2.7,-7.9,1.8,0,80916,0,182,0, 
44.9567,-12.1,-3.0,-6.5,1.0,-1.0,-8.1,1.0,0,80922,0,183,0, 
44.9600,-13.1,-5.1,-8.7,1.3,-0.7,-8.9,-0.6,0,80928,0,184,0, 
44.9633,-12.5,-6.2,-8.6,0.8,-1.5,-8.6,-2.1,0,80934,0,185,0, 
44.9667,-10.5,-5.4,-6.8,0.0,-2.4,-6.1,-2.7,0,80940,0,186,0, 
44.9700,-8.1,-3.2,-4.0,-0.1,-2.4,-1.1,-1.7,0,80946,0,187,0, 
44.9733,-6.1,-0.2,-1.2,0.9,-1.2,4.6,0.7,0,80952,0,188,0, 
44.9767,-4.8,2.5,1.1,2.5,1.1,8.5,3.7,0,80958,0,189,0, 
44.9800,-3.7,4.4,2.2,3.7,3.4,8.3,5.5,0,80964,0,190,0, 
44.9833,-2.2,5.1,1.6,3.8,5.0,3.8,5.2,0,80970,0,191,0, 
44.9867,-0.1,4.3,-0.5,2.7,5.4,-3.0,2.6,0,80976,0,192,0, 
44.9900,1.9,2.1,-3.1,1.5,5.0,-8.2,-1.0,0,80982,0,193,0, 
44.9933,2.9,-1.0,-4.5,1.1,4.4,-8.4,-3.9,0,80988,0,194,0, 
44.9967,2.8,-4.1,-3.7,1.8,4.6,-2.9,-5.0,0,80994,0,195,0, 
45.0000,1.7,-6.2,-1.3,2.7,5.6,5.2,-4.6,0,81000,0,196,0, 
45.0033,0.5,-7.1,0.6,2.9,6.7,11.1,-4.2,0,81006,0,197,0, 
45.0067,-0.2,-7.2,0.0,2.0,7.1,10.6,-5.2,0,81012,0,198,0, 
45.0100,-0.4,-7.3,-3.0,0.8,6.1,3.6,-7.5,0,81018,0,199,0, 
45.0133,-0.4,-7.4,-6.3,0.5,4.2,-6.1,-9.8,0,81024,0,200,0, 
45.0167,-0.4,-6.7,-6.6,1.6,2.5,-12.7,-9.9,0,81030,0,201,0, 
45.0200,-0.2,-3.9,-2.6,3.6,1.8,-12.6,-6.9,0,81036,0,202,0, 
45.0233,0.8,1.5,4.1,5.1,2.4,-6.3,-1.6,0,81042,0,203,0, 
45.0267,2.6,8.1,10.3,5.2,3.2,2.0,3.9,0,81048,0,204,0, 
45.0300,4.5,13.5,12.9,3.7,3.6,7.4,7.6,0,81054,0,205,0, 
45.0333,5.4,15.3,11.1,1.8,3.6,7.8,8.4,0,81060,0,206,0, 
45.0367,4.7,12.6,6.4,0.5,3.7,4.1,7.0,0,81066,0,207,0, 
45.0400,2.9,6.8,1.0,0.4,4.6,-0.4,4.1,0,81072,0,208,0, 
45.0433,0.9,0.1,-3.8,1.1,5.8,-3.1,0.7,0,81078,0,209,0, 
45.0467,-0.3,-5.3,-7.3,1.6,6.0,-3.3,-3.0,0,81084,0,210,0, 
45.0500,-0.7,-8.7,-9.6,1.3,4.2,-2.4,-6.7,0,81090,0,211,0, 
45.0533,-1.5,-10.1,-10.3,0.3,0.6,-2.0,-10.0,0,81096,0,212,0, 
45.0567,-3.4,-10.1,-9.4,-1.0,-3.1,-3.0,-12.1,0,81102,0,213,0, 
45.0600,-6.4,-9.1,-7.4,-1.8,-4.8,-4.7,-12.5,0,81108,0,214,0, 
45.0633,-9.3,-7.3,-5.5,-1.8,-3.8,-6.0,-11.3,0,81114,0,215,0, 
45.0667,-10.2,-4.9,-5.0,-1.0,-1.2,-6.5,-9.7,0,81120,0,216,0, 
45.0700,-8.2,-2.4,-5.6,0.3,1.1,-6.2,-8.4,0,81126,0,217,0, 
45.0733,-4.1,-0.1,-5.6,1.7,1.4,-5.9,-7.8,0,81132,0,218,0, 
45.0767,0.4,1.8,-3.5,3.0,0.0,-5.9,-7.4,0,81138,0,219,0, 
45.0800,3.3,3.4,1.0,3.9,-1.7,-5.8,-6.2,0,81144,0,220,0, 
45.0833,3.9,4.8,6.0,4.5,-2.1,-5.4,-3.7,0,81150,0,221,0, 
45.0867,2.9,6.1,9.5,5.0,-0.9,-4.5,-0.4,0,81156,0,222,0, 
45.0900,1.7,7.1,10.2,5.3,1.0,-3.2,2.5,0,81162,0,223,0, 
45.0933,1.3,7.9,9.2,5.5,2.1,-1.9,4.1,0,81168,0,224,0, 
45.0967,1.7,8.6,8.5,5.7,1.8,-0.7,4.1,0,81174,0,225,0, 
45.1000,2.3,9.4,9.4,5.8,0.6,0.4,3.1,0,81180,0,226,0, 
45.1033,2.4,10.4,11.8,6.2,-0.3,0.9,2.1,0,81186,0,227,0, 
45.1067,1.8,11.4,14.2,6.8,-0.2,0.5,1.8,0,81192,0,228,0, 
45.1100,0.7,12.2,15.4,7.6,0.5,-1.1,2.3,0,81198,0,229,0, 
45.1133,-0.4,12.6,14.7,8.2,0.9,-3.1,3.1,0,81204,0,230,0, 
45.1167,-1.4,12.6,12.6,8.2,0.7,-4.1,3.7,0,81210,0,231,0, 
45.1200,-2.3,12.3,9.6,7.3,0.1,-3.1,4.1,0,81216,0,232,0, 
45.1233,-3.2,11.5,6.2,6.1,0.0,0.0,4.4,0,81222,0,233,0, 
45.1267,-3.9,10.1,3.3,5.2,0.8,3.5,4.9,0,81228,0,234,0, 
45.1300,-4.2,8.2,1.9,4.9,1.9,5.6,5.4,0,81234,0,235,0, 
45.1333,-4.1,6.0,2.4,5.2,2.3,5.4,5.9,0,81240,0,236,0, 
45.1367,-4.2,3.9,4.3,5.3,1.5,3.7,5.9,0,81246,0,237,0, 
45.1400,-5.1,2.2,6.2,4.7,0.2,2.2,5.5,0,81252,0,238,0, 
45.1433,-7.0,0.8,6.4,3.4,-0.5,1.6,4.9,0,81258,0,239,0, 
45.1467,-8.9,-0.3,4.6,2.0,0.4,1.3,4.3,0,81264,0,240,0, 
45.1500,-9.3,-0.8,2.4,1.3,2.5,0.1,3.7,0,81270,0,241,0, 
45.1533,-6.9,-0.2,1.8,1.9,4.1,-2.8,3.3,0,81276,0,242,0, 
45.1567,-1.8,1.9,3.5,3.1,4.0,-5.9,3.3,0,81282,0,243,0, 
45.1600,4.3,5.3,6.5,4.1,2.1,-7.0,3.8,0,81288,0,244,0, 
45.1633,8.8,8.8,8.9,4.1,-0.1,-4.9,4.8,0,81294,0,245,0, 
45.1667,10.0,11.1,9.7,3.1,-1.0,-0.5,6.0,0,81300,0,246,0, 
45.1700,8.1,11.6,9.7,1.8,0.0,3.3,6.7,0,81306,0,247,0, 
45.1733,5.1,10.6,10.8,1.0,1.8,4.0,6.8,0,81312,0,248,0, 
45.1767,3.4,9.5,13.7,1.2,2.8,1.7,6.7,0,81318,0,249,0, 
45.1800,4.5,9.3,17.2,2.3,2.3,-0.9,7.3,0,81324,0,250,0, 
45.1833,8.1,10.3,18.8,3.7,0.8,-0.9,9.3,0,81330,0,251,0, 
45.1867,12.3,12.0,16.9,5.0,0.1,2.6,12.2,0,81336,0,252,0, 
45.1900,15.3,13.4,12.4,5.8,1.0,7.6,14.8,0,81342,0,253,0, 
45.1933,15.8,14.1,8.3,6.2,3.2,10.6,15.3,0,81348,0,254,0, 
45.1967,14.2,13.7,7.0,6.2,5.0,9.5,13.1,0,81354,0,255,0, 
45.2000,11.3,12.5,8.5,5.8,5.1,5.1,9.0,0,81360,0,0,0, 
45.2033,8.2,10.7,10.3,5.1,3.2,0.2,4.8,0,81366,0,1,0, 
45.2067,5.7,8.4,9.8,3.8,0.2,-2.4,1.9,0,81372,0,2,0, 
45.2100,3.9,6.0,6.3,2.0,-2.2,-2.1,0.8,0,81378,0,3,0, 
45.2133,2.7,4.1,2.2,-0.1,-3.5,-0.3,0.7,0,81384,0,4,0, 
45.2167,1.8,2.9,0.6,-1.9,-3.5,1.3,0.7,0,81390,0,5,0, 
45.2200,0.8,2.7,2.7,-2.9,-3.2,1.6,0.1,0,81396,0,6,0, 
45.2233,-0.3,2.9,6.6,-2.9,-3.0,1.1,-0.9,0,81402,0,7,0, 
45.2267,-1.3,2.8,8.7,-2.5,-3.0,0.4,-1.8,0,81408,0,8,0, 
45.2300,-2.0,1.8,6.9,-2.1,-2.9,-0.4,-2.4,0,81414,0,9,0, 
45.2333,-2.3,0.6,2.3,-2.5,-2.5,-1.6,-2.6,0,81420,0,10,0, 
45.2367,-2.4,0.3,-1.0,-3.4,-1.9,-3.5,-2.2,0,81426,0,11,0, 
45.2400,-2.8,1.8,0.0,-4.3,-1.7,-5.6,-0.9,0,81432,0,12,0, 
45.2433,-3.5,4.6,4.8,-4.3,-2.4,-6.8,1.4,0,81438,0,13,0, 
45.2467,-4.1,7.1,9.3,-3.5,-4.1,-6.5,4.1,0,81444,0,14,0, 
45.2500,-3.7,7.6,9.2,-2.4,-6.0,-5.0,6.1,0,81450,0,15,0, 
45.2533,-1.7,5.5,4.1,-2.1,-7.0,-3.7,6.3,0,81456,0,16,0, 
45.2567,1.7,2.2,-2.6,-2.9,-6.1,-3.3,4.3,0,81462,0,17,0, 
45.2600,5.2,0.0,-5.9,-4.4,-3.6,-3.8,1.4,0,81468,0,18,0, 
45.2633,7.3,0.7,-3.7,-5.8,-0.7,-4.1,-1.0,0,81474,0,19,0, 
45.2667,7.6,3.6,1.8,-6.4,1.0,-3.4,-1.5,0,81480,0,20,0, 
45.2700,6.5,6.5,5.7,-6.6,0.9,-1.3,-0.4,0,81486,0,21,0, 
45.2733,5.3,7.0,4.6,-7.1,-0.4,1.7,1.3,0,81492,0,22,0, 
45.2767,5.2,4.5,-0.8,-8.3,-1.7,4.8,2.5,0,81498,0,23,0, 
45.2800,6.4,0.5,-6.8,-9.8,-1.7,7.4,3.1,0,81504,0,24,0, 
45.2833,8.2,-2.4,-9.5,-10.5,-0.5,9.0,3.6,0,81510,0,25,0, 
45.2867,9.9,-2.4,-7.9,-9.5,0.8,9.3,4.6,0,81516,0,26,0, 
45.2900,11.3,0.4,-3.5,-6.7,1.1,8.4,6.1,0,81522,0,27,0, 
45.2933,12.5,4.4,1.6,-3.0,0.3,7.1,7.5,0,81528,0,28,0, 
45.2967,13.7,8.1,6.7,0.3,-0.7,7.3,8.2,0,81534,0,29,0, 
45.3000,14.7,10.3,11.8,2.2,-0.8,10.1,8.0,0,81540,0,30,0, 
45.3033,14.9,10.9,16.3,2.5,0.0,15.0,7.3,0,81546,0,31,0, 
45.3067,13.8,9.9,18.1,1.7,1.0,19.3,6.3,0,81552,0,32,0, 
45.3100,11.5,7.3,15.3,0.5,1.1,19.4,5.0,0,81558,0,33,0, 
45.3133,8.6,3.5,7.9,-0.6,-0.1,13.6,3.1,0,81564,0,34,0, 
45.3167,5.9,-0.7,-1.1,-1.3,-1.9,3.7,0.7,0,81570,0,35,0, 
45.3200,3.7,-3.8,-7.3,-1.7,-3.2,-6.0,-1.6,0,81576,0,36,0, 
45.3233,2.2,-4.7,-8.2,-2.1,-3.3,-11.0,-2.8,0,81582,0,37,0, 
45.3267,1.7,-3.3,-4.3,-2.3,-2.5,-9.4,-2.4,0,81588,0,38,0, 
45.3300,2.2,-0.8,0.9,-2.6,-1.4,-2.8,-0.5,0,81594,0,39,0, 
45.3333,3.7,1.2,4.1,-2.6,-0.4,4.7,2.0,0,81600,0,40,0, 
45.3367,5.8,1.9,4.4,-2.4,0.2,9.5,4.2,0,81606,0,41,0, 
45.3400,7.9,1.5,3.1,-2.0,0.5,10.0,5.3,0,81612,0,42,0, 
45.3433,9.0,0.6,2.3,-1.6,0.1,7.1,5.3,0,81618,0,43,0, 
45.3467,8.6,0.0,2.6,-1.4,-1.1,3.2,4.4,0,81624,0,44,0, 
45.3500,6.9,-0.8,3.4,-1.3,-3.2,0.4,2.8,0,81630,0,45,0, 
45.3533,4.3,-2.1,3.3,-1.2,-5.5,-0.8,0.6,0,81636,0,46,0, 
45.3567,1.6,-4.0,1.9,-0.9,-7.1,-1.2,-2.0,0,81642,0,47,0, 
45.3600,-0.6,-6.3,-0.1,-0.4,-7.6,-2.5,-4.9,0,81648,0,48,0, 
45.3633,-2.3,-8.0,-1.7,0.0,-7.2,-5.4,-7.5,0,81654,0,49,0, 
45.3667,-3.6,-8.9,-2.5,-0.1,-6.5,-8.7,-9.8,0,81660,0,50,0, 
45.3700,-5.0,-9.4,-3.0,-0.9,-5.7,-10.1,-11.7,0,81666,0,51,0, 
45.3733,-6.4,-10.3,-4.1,-2.4,-4.5,-8.0,-13.0,0,81672,0,52,0, 
45.3767,-7.7,-11.6,-5.9,-4.1,-2.9,-3.4,-13.6,0,81678,0,53,0, 
45.3800,-8.3,-12.6,-7.9,-5.3,-1.6,1.0,-12.8,0,81684,0,54,0, 
45.3833,-7.8,-12.1,-9.1,-5.8,-1.3,2.3,-10.1,0,81690,0,55,0, 
45.3867,-6.2,-9.9,-8.5,-5.6,-2.6,0.0,-5.7,0,81696,0,56,0, 
45.3900,-4.5,-7.0,-6.2,-4.8,-4.6,-2.9,-0.7,0,81702,0,57,0, 
45.3933,-4.0,-5.5,-3.0,-3.7,-5.7,-3.1,2.8,0,81708,0,58,0, 
45.3967,-5.7,-6.8,0.1,-2.3,-4.8,0.5,3.2,0,81714,0,59,0, 
45.4000,-9.5,-10.6,1.7,-0.8,-2.5,4.9,-0.2,0,81720,0,60,0, 
45.4033,-14.3,-15.2,1.3,0.5,-0.7,5.5,-6.3,0,81726,0,61,0, 
45.4067,-18.2,-18.2,-1.1,1.2,-1.1,0.1,-12.3,0,81732,0,62,0, 
45.4100,-19.7,-18.5,-5.0,1.1,-3.9,-8.8,-15.8,0,81738,0,63,0, 
45.4133,-18.2,-16.8,-9.3,0.2,-6.8,-15.5,-15.3,0,81744,0,64,0, 
45.4167,-14.6,-14.9,-12.7,-1.0,-7.5,-15.6,-11.5,0,81750,0,65,0, 
45.4200,-10.2,-14.3,-14.1,-2.2,-4.9,-9.2,-6.5,0,81756,0,66,0, 
45.4233,-6.1,-15.2,-12.9,-2.9,-0.4,-1.1,-3.2,0,81762,0,67,0, 
45.4267,-2.7,-16.5,-9.9,-3.0,3.1,3.3,-2.7,0,81768,0,68,0, 
45.4300,0.3,-17.0,-7.1,-2.6,3.8,1.8,-4.9,0,81774,0,69,0, 
45.4333,3.1,-16.4,-6.4,-1.8,2.0,-2.8,-7.7,0,81780,0,70,0, 
45.4367,5.8,-15.1,-8.5,-1.2,-0.2,-6.0,-9.5,0,81786,0,71,0, 
45.4400,7.9,-13.9,-12.1,-1.0,-0.9,-5.1,-9.5,0,81792,0,72,0, 
45.4433,9.3,-12.9,-14.1,-1.3,0.2,-1.4,-8.5,0,81798,0,73,0, 
45.4467,9.8,-11.8,-12.2,-1.8,1.6,1.4,-8.0,0,81804,0,74,0, 
45.4500,9.6,-10.3,-6.5,-1.8,1.7,0.6,-8.9,0,81810,0,75,0, 
45.4533,9.0,-8.4,0.2,-0.8,-0.3,-3.4,-11.2,0,81816,0,76,0, 
45.4567,8.0,-6.9,4.1,1.1,-3.3,-7.4,-13.4,0,81822,0,77,0, 
45.4600,6.6,-6.3,3.3,3.0,-5.5,-8.7,-14.2,0,81828,0,78,0, 
45.4633,4.8,-6.5,-0.9,3.9,-5.9,-6.8,-13.4,0,81834,0,79,0, 
45.4667,3.0,-6.9,-4.9,3.2,-4.8,-3.6,-11.4,0,81840,0,80,0, 
45.4700,1.7,-6.7,-5.5,1.2,-3.3,-1.3,-9.2,0,81846,0,81,0, 
45.4733,1.3,-5.7,-2.6,-0.8,-2.4,-0.5,-7.6,0,81852,0,82,0, 
45.4767,1.8,-4.1,1.5,-1.8,-2.3,0.0,-6.8,0,81858,0,83,0, 
45.4800,2.6,-2.5,3.4,-1.4,-2.0,2.0,-6.7,0,81864,0,84,0, 
45.4833,2.8,-1.1,2.1,-0.1,-1.0,5.8,-6.9,0,81870,0,85,0, 
45.4867,2.1,0.1,-1.1,1.1,0.6,10.1,-7.3,0,81876,0,86,0, 
45.4900,0.3,0.9,-3.4,1.5,1.7,13.0,-7.6,0,81882,0,87,0, 
45.4933,-2.2,1.4,-3.1,1.1,1.6,13.1,-7.6,0,81888,0,88,0, 
45.4967,-4.6,1.1,-0.5,0.5,0.1,10.7,-7.4,0,81894,0,89,0, 
45.5000,-6.3,-0.1,2.0,0.2,-1.7,6.9,-7.3,0,81900,0,90,0, 
45.5033,-6.5,-1.9,1.9,-0.1,-2.5,3.4,-7.8,0,81906,0,91,0, 
45.5067,-5.1,-3.8,-1.4,-0.8,-1.9,1.3,-8.6,0,81912,0,92,0, 
45.5100,-2.3,-5.1,-6.5,-2.2,-0.6,1.3,-8.9,0,81918,0,93,0, 
45.5133,0.6,-5.1,-10.5,-3.9,0.2,3.2,-7.4,0,81924,0,94,0, 
45.5167,2.7,-4.1,-11.2,-5.1,-0.4,6.4,-3.9,0,81930,0,95,0, 
45.5200,3.0,-2.6,-8.0,-5.1,-1.5,9.4,0.5,0,81936,0,96,0, 
45.5233,2.0,-1.5,-3.1,-4.0,-1.8,10.8,3.6,0,81942,0,97,0, 
45.5267,0.7,-1.4,0.8,-2.6,-0.3,10.0,3.9,0,81948,0,98,0, 
45.5300,0.3,-2.3,1.8,-1.8,2.5,7.8,1.5,0,81954,0,99,0, 
45.5333,0.6,-3.4,0.0,-1.8,4.9,6.3,-1.4,0,81960,0,100,0, 
45.5367,0.7,-3.4,-2.1,-1.9,5.4,7.1,-2.7,0,81966,0,101,0, 
45.5400,-0.6,-2.0,-2.2,-1.4,3.8,10.2,-1.4,0,81972,0,102,0, 
45.5433,-3.7,0.3,0.3,0.0,1.7,13.8,1.4,0,81978,0,103,0, 
45.5467,-7.2,2.5,3.7,1.7,1.1,15.0,3.6,0,81984,0,104,0, 
45.5500,-8.8,3.3,5.4,3.0,2.7,12.4,3.8,0,81990,0,105,0, 
45.5533,-7.1,2.8,4.0,3.1,5.5,6.8,2.2,0,81996,0,106,0, 
45.5567,-2.9,1.4,0.3,2.1,7.1,0.8,0.2,0,82002,0,107,0, 
45.5600,1.3,-0.3,-3.1,0.9,5.9,-3.2,-1.5,0,82008,0,108,0, 
45.5633,2.8,-2.1,-4.1,0.0,2.3,-4.0,-3.1,0,82014,0,109,0, 
45.5667,0.7,-4.2,-2.5,-0.4,-1.5,-2.7,-5.3,0,82020,0,110,0, 
45.5700,-3.8,-6.6,0.1,-0.4,-3.3,-0.7,-8.4,0,82026,0,111,0, 
45.5733,-7.8,-8.6,1.4,-0.6,-1.9,1.3,-11.2,0,82032,0,112,1, sound 
45.5767,-9.3,-9.4,0.3,-0.9,1.8,3.1,-11.9,0,82038,0,113,0, 
45.5800,-7.8,-8.9,-2.6,-1.4,5.8,4.8,-9.8,0,82044,0,114,0, 
45.5833,-4.6,-7.5,-6.0,-1.8,8.0,5.7,-6.1,0,82050,0,115,0, 
45.5867,-1.7,-6.4,-8.5,-2.1,7.7,4.9,-2.7,0,82056,0,116,0, 
45.5900,-0.4,-5.9,-9.3,-2.2,5.5,2.3,-0.9,0,82062,0,117,0, 
45.5933,-0.6,-5.4,-8.1,-1.9,2.7,-0.4,-0.4,0,82068,0,118,0, 
45.5967,-1.5,-3.8,-5.4,-1.1,0.7,-1.2,0.2,0,82074,0,119,0, 
45.6000,-2.3,-0.7,-2.3,0.1,0.3,1.1,1.9,0,82080,0,120,0, 
45.6033,-2.6,2.9,-0.2,1.4,0.8,5.4,4.5,0,82086,0,121,0, 
45.6067,-2.9,5.4,0.3,2.3,1.2,9.0,6.6,0,82092,0,122,0, 
45.6100,-3.4,5.8,-0.4,2.6,0.4,9.4,7.1,0,82098,0,123,0, 
45.6133,-4.2,4.7,-0.8,2.8,-1.7,6.4,6.3,0,82104,0,124,0, 
45.6167,-5.0,3.7,0.8,3.2,-4.1,1.8,5.4,0,82110,0,125,0, 
45.6200,-5.5,4.2,4.2,4.0,-5.6,-2.5,5.8,0,82116,0,126,0, 
45.6233,-5.5,5.8,7.2,4.7,-5.5,-5.3,7.3,0,82122,0,127,0, 
45.6267,-4.9,7.0,7.0,4.4,-4.5,-6.8,8.5,0,82128,0,128,0, 
45.6300,-4.1,6.2,2.4,2.7,-3.5,-7.2,8.2,0,82134,0,129,0, 
45.6333,-3.4,3.4,-4.8,0.4,-3.5,-6.3,6.2,0,82140,0,130,0, 
45.6367,-3.2,-0.1,-10.6,-1.2,-4.0,-3.1,3.7,0,82146,0,131,0, 
45.6400,-3.5,-2.2,-11.9,-0.8,-4.0,1.6,2.5,0,82152,0,132,0, 
45.6433,-3.8,-2.1,-8.4,1.5,-2.8,5.9,3.6,0,82158,0,133,0, 
45.6467,-3.3,-0.2,-3.0,4.5,-0.9,7.1,6.3,0,82164,0,134,0, 
45.6500,-1.6,1.7,0.6,6.7,0.5,4.8,9.3,0,82170,0,135,0, 
45.6533,0.7,2.5,0.9,7.0,0.6,1.1,10.9,0,82176,0,136,0, 
45.6567,2.4,1.9,-0.7,5.6,0.0,-0.3,10.5,0,82182,0,137,0, 
45.6600,2.4,0.5,-1.9,3.9,-0.1,2.4,8.6,0,82188,0,138,0, 
45.6633,0.3,-0.8,-1.4,2.8,1.4,7.2,6.1,0,82194,0,139,0, 
45.6667,-2.6,-2.0,-0.2,2.9,3.8,9.2,3.6,0,82200,0,140,0, 
45.6700,-4.5,-3.4,-0.2,3.7,5.4,4.8,1.4,0,82206,0,141,0, 
45.6733,-4.1,-4.9,-1.6,4.4,4.4,-5.1,-0.6,0,82212,0,142,0, 
45.6767,-1.5,-6.0,-3.0,4.5,1.0,-15.6,-2.2,0,82218,0,143,0, 
45.6800,1.7,-5.6,-2.0,4.3,-3.0,-20.5,-3.0,0,82224,0,144,0, 
45.6833,3.8,-3.1,2.2,4.2,-5.1,-17.4,-2.6,0,82230,0,145,0, 
45.6867,4.3,1.3,7.4,4.7,-4.4,-8.9,-1.0,0,82236,0,146,0, 
45.6900,3.6,6.0,10.5,5.6,-1.9,-0.8,1.3,0,82242,0,147,0, 
45.6933,2.9,9.0,9.9,6.3,0.5,2.4,3.2,0,82248,0,148,0, 
45.6967,2.8,9.2,6.8,6.3,1.0,0.0,4.1,0,82254,0,149,0, 
45.7000,3.1,6.9,4.1,5.4,0.0,-5.1,4.1,0,82260,0,150,0, 
45.7033,2.9,3.6,4.3,4.1,-1.3,-9.1,3.6,0,82266,0,151,0, 
45.7067,1.3,1.1,6.5,2.8,-1.1,-10.1,3.3,0,82272,0,152,0, 
45.7100,-1.5,0.0,7.8,2.1,0.8,-8.4,3.0,0,82278,0,153,0, 
45.7133,-4.9,-0.1,5.5,1.9,3.4,-5.9,2.3,0,82284,0,154,0, 
45.7167,-7.7,-0.3,-0.3,1.9,5.3,-4.3,0.6,0,82290,0,155,0, 
45.7200,-9.2,-1.2,-6.5,1.7,5.6,-4.0,-1.9,0,82296,0,156,0, 
45.7233,-9.0,-2.1,-9.1,1.4,4.5,-4.6,-4.2,0,82302,0,157,0, 
45.7267,-7.7,-2.1,-6.3,1.2,3.0,-4.9,-5.4,0,82308,0,158,0, 
45.7300,-5.7,-0.4,0.4,1.7,2.2,-3.9,-4.8,0,82314,0,159,0, 
45.7333,-3.7,2.6,7.2,3.2,2.3,-0.6,-2.7,0,82320,0,160,0, 
45.7367,-1.9,5.8,10.9,5.3,3.1,4.5,0.3,0,82326,0,161,0, 
45.7400,-0.3,7.9,10.6,7.0,3.6,10.1,3.2,0,82332,0,162,0, 
45.7433,1.4,8.7,7.7,7.3,3.3,13.9,5.7,0,82338,0,163,0, 
45.7467,3.5,8.5,4.8,5.7,2.4,14.3,7.5,0,82344,0,164,0, 
45.7500,5.5,7.7,3.3,2.7,1.7,11.3,8.3,0,82350,0,165,0, 
45.7533,6.4,6.6,3.1,-0.7,1.9,6.6,7.5,0,82356,0,166,0, 
45.7567,5.4,4.8,2.8,-3.0,2.8,2.7,5.0,0,82362,0,167,0, 
45.7600,2.2,1.7,1.2,-3.7,3.6,0.4,1.0,0,82368,0,168,0, 
45.7633,-2.2,-2.2,-2.0,-2.7,3.3,-1.1,-3.5,0,82374,0,169,0, 
45.7667,-6.0,-6.1,-5.8,-0.9,1.5,-3.6,-7.5,0,82380,0,170,0, 
45.7700,-7.9,-8.9,-8.6,0.8,-0.9,-7.9,-10.6,0,82386,0,171,0, 
45.7733,-7.7,-9.7,-8.7,1.7,-2.5,-13.0,-12.5,0,82392,0,172,0, 
45.7767,-6.1,-8.6,-5.9,1.9,-2.0,-16.0,-13.3,0,82398,0,173,0, 
45.7800,-4.6,-6.2,-1.4,1.7,0.1,-14.7,-13.0,0,82404,0,174,0, 
45.7833,-4.1,-3.2,2.8,1.4,2.3,-9.4,-11.2,0,82410,0,175,0, 
45.7867,-4.5,-0.2,5.2,1.1,3.2,-2.8,-7.9,0,82416,0,176,0, 
45.7900,-5.2,2.5,5.9,0.9,2.1,1.8,-3.9,0,82422,0,177,0, 
45.7933,-5.0,4.9,6.1,0.9,0.2,2.4,-0.1,0,82428,0,178,0, 
45.7967,-3.7,6.5,7.3,1.3,-1.0,0.1,2.4,0,82434,0,179,0, 
45.8000,-1.6,7.3,9.5,2.2,-0.4,-2.1,3.6,0,82440,0,180,0, 
45.8033,0.5,6.8,10.9,3.3,1.4,-1.8,3.8,0,82446,0,181,0, 
45.8067,1.6,5.3,9.7,4.1,3.1,0.6,3.7,0,82452,0,182,0, 
45.8100,1.3,3.2,5.5,4.0,3.2,2.6,3.5,0,82458,0,183,0, 
45.8133,0.2,1.3,0.7,3.3,1.6,1.6,3.1,0,82464,0,184,0, 
45.8167,-0.9,0.2,-1.4,2.6,-0.6,-2.7,2.0,0,82470,0,185,0, 
45.8200,-1.0,0.6,1.4,2.8,-2.1,-7.4,0.3,0,82476,0,186,0, 
45.8233,0.0,2.2,8.2,4.2,-2.0,-8.9,-1.7,0,82482,0,187,0, 
45.8267,1.5,4.5,15.6,6.2,-0.5,-5.5,-3.1,0,82488,0,188,0, 
45.8300,2.4,6.8,19.8,7.8,1.3,1.0,-3.3,0,82494,0,189,0, 
45.8333,2.0,8.1,19.1,8.1,2.7,6.4,-2.5,0,82500,0,190,0, 
45.8367,0.1,7.8,14.9,7.2,3.5,7.8,-1.0,0,82506,0,191,0, 
45.8400,-2.3,6.0,9.9,5.8,4.2,5.8,0.7,0,82512,0,192,0, 
45.8433,-3.9,3.5,6.6,4.9,5.0,3.6,2.2,0,82518,0,193,0, 
45.8467,-4.0,1.5,5.9,5.0,5.9,4.4,3.8,0,82524,0,194,0, 
45.8500,-2.7,1.3,7.2,5.8,6.6,8.0,5.8,0,82530,0,195,0, 
45.8533,-1.2,2.8,9.0,6.4,6.8,11.3,8.3,0,82536,0,196,0, 
45.8567,-0.2,5.0,10.4,6.1,6.7,10.9,10.6,0,82542,0,197,0, 
45.8600,-0.3,6.0,10.4,5.0,6.8,6.3,11.7,0,82548,0,198,0, 
45.8633,-0.8,4.2,8.7,3.7,7.1,0.4,10.6,0,82554,0,199,0, 
45.8667,-1.0,-0.4,5.3,3.2,7.3,-2.8,7.1,0,82560,0,200,0, 
45.8700,0.0,-6.1,1.0,3.8,6.7,-1.9,2.5,0,82566,0,201,0, 
45.8733,2.2,-10.4,-2.7,5.3,4.9,1.1,-1.7,0,82572,0,202,0, 
45.8767,5.0,-11.4,-4.2,6.7,2.8,2.6,-4.1,0,82578,0,203,0, 
45.8800,7.6,-9.0,-2.6,7.2,1.6,0.6,-4.7,0,82584,0,204,0, 
45.8833,9.2,-5.0,1.3,6.6,2.4,-3.3,-4.2,0,82590,0,205,0, 
45.8867,9.8,-1.3,5.3,5.3,5.2,-5.8,-3.8,0,82596,0,206,0, 
45.8900,9.4,0.8,7.8,4.5,8.7,-4.8,-3.7,0,82602,0,207,0, 
45.8933,8.6,1.9,8.6,4.9,11.1,-1.2,-3.0,0,82608,0,208,0, 
45.8967,7.8,2.9,8.9,6.2,11.3,2.1,-1.4,0,82614,0,209,0, 
45.9000,7.2,4.6,10.0,7.5,9.5,2.8,1.0,0,82620,0,210,0, 
45.9033,6.8,6.2,11.7,7.5,6.6,1.7,2.9,0,82626,0,211,0, 
45.9067,6.5,6.4,12.5,5.9,3.9,1.3,3.1,0,82632,0,212,0, 
45.9100,6.1,4.4,10.7,3.2,2.0,3.5,1.6,0,82638,0,213,0, 
45.9133,5.5,0.8,6.7,0.9,1.0,7.5,-0.1,0,82644,0,214,0, 
45.9167,4.8,-2.5,2.9,0.0,0.4,10.2,-0.2,0,82650,0,215,0, 
45.9200,3.9,-3.7,1.9,0.4,0.1,9.2,1.8,0,82656,0,216,0, 
45.9233,3.3,-2.0,4.7,1.0,0.1,4.7,4.9,0,82662,0,217,0, 
45.9267,3.2,1.9,9.6,0.8,0.5,-0.6,7.1,0,82668,0,218,0, 
45.9300,3.9,6.4,13.8,-0.6,1.0,-3.5,7.5,0,82674,0,219,0, 
45.9333,4.8,10.0,15.5,-2.3,1.5,-2.8,6.4,0,82680,0,220,0, 
45.9367,5.6,11.8,14.9,-3.2,1.6,0.1,5.5,0,82686,0,221,0, 
45.9400,5.5,11.3,13.1,-2.5,1.5,2.8,5.8,0,82692,0,222,0, 
45.9433,4.5,8.5,10.8,-0.9,1.4,3.6,7.2,0,82698,0,223,0, 
45.9467,3.4,3.8,7.4,0.6,1.3,2.6,8.3,0,82704,0,224,0, 
45.9500,2.8,-1.5,2.4,0.9,1.1,1.4,7.8,0,82710,0,225,0, 
45.9533,3.3,-5.8,-2.9,0.3,0.9,1.3,6.0,0,82716,0,226,0, 
45.9567,4.6,-7.4,-5.4,-0.1,1.1,3.0,4.2,0,82722,0,227,0, 
45.9600,5.8,-5.9,-2.6,0.5,2.4,6.2,4.2,0,82728,0,228,0, 
45.9633,6.1,-2.5,5.2,1.8,4.8,9.8,6.1,0,82734,0,229,0, 
45.9667,5.5,0.7,13.4,2.8,7.5,12.2,8.7,0,82740,0,230,0, 
45.9700,4.6,2.2,16.9,2.5,9.2,12.1,10.0,0,82746,0,231,0, 
45.9733,4.1,2.0,13.5,0.7,8.7,9.3,9.0,0,82752,0,232,0, 
45.9767,4.4,1.5,6.0,-1.3,6.2,4.9,6.2,0,82758,0,233,0, 
45.9800,5.0,2.6,0.1,-1.9,3.2,1.5,3.8,0,82764,0,234,0, 
45.9833,5.4,5.6,0.4,-0.6,1.4,1.5,3.5,0,82770,0,235,0, 
45.9867,5.3,9.4,6.5,1.8,1.5,5.6,6.1,0,82776,0,236,0, 
45.9900,4.9,11.9,13.6,3.6,2.9,12.1,10.3,0,82782,0,237,0, 
45.9933,4.7,11.6,16.7,3.4,4.2,18.0,14.0,0,82788,0,238,0, 
45.9967,5.0,8.8,13.7,1.2,4.5,21.2,15.4,0,82794,0,239,0, 
46.0000,5.6,4.8,7.1,-1.8,4.1,21.4,14.3,0,82800,0,240,0, 
46.0033,5.6,1.5,0.7,-4.3,4.0,20.4,11.9,0,82806,0,241,0, 
46.0067,4.7,-0.3,-2.8,-5.5,4.7,19.7,9.8,0,82812,0,242,0, 
46.0100,3.0,-0.9,-3.5,-5.8,5.7,19.2,9.1,0,82818,0,243,0, 
46.0133,1.2,-0.8,-2.9,-5.5,5.5,17.5,9.2,0,82824,0,244,0, 
46.0167,0.2,-0.5,-2.0,-5.2,3.2,13.1,8.9,0,82830,0,245,0, 
46.0200,0.4,-0.1,-0.7,-4.7,-0.9,6.5,7.3,0,82836,0,246,0, 
46.0233,1.3,0.3,1.5,-4.0,-5.0,0.1,4.1,0,82842,0,247,0, 
46.0267,1.8,0.3,3.7,-3.3,-7.1,-3.3,0.3,0,82848,0,248,0, 
46.0300,1.3,-0.4,4.2,-3.4,-6.7,-2.6,-3.1,0,82854,0,249,0, 
46.0333,-0.1,-1.9,1.9,-4.6,-4.5,1.2,-5.1,0,82860,0,250,0, 
46.0367,-1.6,-3.5,-2.3,-6.6,-2.2,5.9,-5.6,0,82866,0,251,0, 
46.0400,-2.4,-4.1,-6.0,-8.3,-1.1,9.8,-4.6,0,82872,0,252,0, 
46.0433,-2.0,-3.2,-7.1,-8.6,-0.9,12.5,-2.4,0,82878,0,253,0, 
46.0467,-0.7,-1.4,-5.5,-7.2,-0.7,14.2,0.6,0,82884,0,254,0, 
46.0500,0.8,0.2,-2.8,-5.0,0.7,15.3,3.8,0,82890,0,255,0, 
46.0533,1.9,0.9,-1.0,-3.2,3.4,15.3,6.1,0,82896,0,0,0, 
46.0567,2.7,0.9,-0.4,-2.9,6.3,14.0,6.9,0,82902,0,1,0, 
46.0600,3.7,1.6,0.6,-3.8,7.7,11.8,6.7,0,82908,0,2,0, 
46.0633,5.1,4.0,3.4,-4.7,6.9,10.0,6.6,0,82914,0,3,0, 
46.0667,6.9,8.0,7.5,-4.6,4.1,9.8,7.8,0,82920,0,4,0, 
46.0700,8.7,11.8,10.6,-3.0,0.7,11.3,10.6,0,82926,0,5,0, 
46.0733,10.2,13.4,10.0,-0.7,-1.6,13.6,13.8,0,82932,0,6,0, 
46.0767,11.4,12.0,5.8,1.2,-2.1,15.3,15.8,0,82938,0,7,0, 
46.0800,12.2,8.7,0.7,1.8,-0.8,15.8,15.3,0,82944,0,8,0, 
46.0833,12.4,5.7,-1.9,1.1,1.2,15.3,12.7,0,82950,0,9,0, 
46.0867,11.5,4.5,-0.3,-0.1,2.9,14.3,9.3,0,82956,0,10,0, 
46.0900,9.5,5.1,3.4,-0.8,3.9,13.1,6.5,0,82962,0,11,0, 
46.0933,6.7,5.8,5.7,-0.8,4.4,11.3,4.9,0,82968,0,12,0, 
46.0967,4.2,5.1,4.8,-0.1,4.5,8.7,4.2,0,82974,0,13,0, 
46.1000,2.9,3.1,1.8,0.7,4.4,6.0,3.7,0,82980,0,14,0, 
46.1033,3.1,1.4,0.5,1.2,3.9,4.3,3.1,0,82986,0,15,0, 
46.1067,4.0,1.4,3.0,1.3,2.8,4.3,2.7,0,82992,0,16,0, 
46.1100,5.1,3.1,7.7,1.1,1.2,5.7,2.6,0,82998,0,17,0, 
46.1133,5.7,5.1,10.2,0.6,-0.3,7.2,3.0,0,83004,0,18,0, 
46.1167,6.2,5.4,6.8,-0.4,-1.3,7.2,3.5,0,83010,0,19,0, 
46.1200,6.7,3.6,-1.5,-1.7,-1.3,5.3,3.9,0,83016,0,20,0, 
46.1233,7.4,1.1,-9.3,-2.9,-0.7,2.0,4.2,0,83022,0,21,0, 
46.1267,7.6,0.2,-10.4,-3.3,-0.2,-0.9,4.6,0,83028,0,22,0, 
46.1300,6.4,1.9,-3.0,-2.6,-0.3,-2.1,5.2,0,83034,0,23,0, 
46.1333,3.4,5.1,9.0,-0.9,-1.0,-0.3,6.0,0,83040,0,24,0, 
46.1367,-0.7,7.5,18.0,0.7,-1.7,4.1,6.6,0,83046,0,25,0, 
46.1400,-4.3,7.4,18.5,1.1,-1.7,9.6,7.0,0,83052,0,26,0, 
46.1433,-6.2,5.4,10.9,0.0,-0.5,13.5,7.4,0,83058,0,27,0, 
46.1467,-5.8,3.6,0.8,-2.1,1.4,13.4,7.9,0,83064,0,28,0, 
46.1500,-3.7,4.2,-5.0,-3.8,2.8,8.7,8.3,0,83070,0,29,0, 
46.1533,-1.5,7.5,-3.3,-3.8,2.6,1.4,8.3,0,83076,0,30,0, 
46.1567,-0.2,11.8,3.7,-1.9,0.6,-4.7,7.7,0,83082,0,31,0, 
46.1600,-0.2,14.5,10.9,0.9,-2.6,-6.6,6.6,0,83088,0,32,0, 
46.1633,-0.6,14.3,13.6,2.8,-5.7,-4.1,5.7,0,83094,0,33,0, 
46.1667,-0.4,11.6,11.0,2.9,-7.4,-0.1,5.5,0,83100,0,34,0, 
46.1700,1.2,8.6,6.1,1.4,-7.5,2.1,6.1,0,83106,0,35,0, 
46.1733,4.1,7.1,2.9,-0.1,-6.6,1.2,6.7,0,83112,0,36,0, 
46.1767,7.0,7.6,3.6,-0.5,-5.8,-1.3,6.5,0,83118,0,37,0, 
46.1800,8.6,8.8,6.8,0.5,-5.9,-2.5,4.8,0,83124,0,38,0, 
46.1833,8.0,8.9,9.3,2.0,-6.9,-1.0,1.6,0,83130,0,39,0, 
46.1867,5.5,6.7,8.1,2.6,-7.9,1.7,-2.0,0,83136,0,40,0, 
46.1900,2.1,2.6,3.2,1.8,-8.1,3.0,-4.8,0,83142,0,41,0, 
46.1933,-0.5,-1.4,-2.4,0.3,-7.2,1.3,-5.5,0,83148,0,42,0, 
46.1967,-1.5,-3.4,-5.2,-0.6,-5.5,-1.6,-3.8,0,83154,0,43,0, 
46.2000,-0.6,-2.8,-3.8,0.1,-3.8,-2.7,-0.6,0,83160,0,44,0, 
46.2033,1.3,-0.5,0.0,1.5,-2.8,-0.3,2.4,0,83166,0,45,0, 
46.2067,3.2,1.5,2.6,2.2,-2.7,4.1,3.7,0,83172,0,46,0, 
46.2100,4.0,1.5,1.6,1.1,-3.2,6.8,2.4,0,83178,0,47,0, 
46.2133,3.4,-0.8,-2.2,-1.4,-4.0,5.3,-0.9,0,83184,0,48,0, 
46.2167,1.6,-3.8,-5.3,-3.7,-4.5,0.5,-4.3,0,83190,0,49,0, 
46.2200,-0.6,-5.5,-4.3,-4.1,-4.4,-3.3,-6.2,0,83196,0,50,0, 
46.2233,-2.3,-4.5,1.1,-2.3,-3.5,-2.5,-5.7,0,83202,0,51,0, 
46.2267,-2.8,-1.5,7.4,0.3,-2.1,3.5,-3.3,0,83208,0,52,0, 
46.2300,-2.2,1.7,10.2,1.9,-0.5,11.3,-0.5,0,83214,0,53,0, 
46.2333,-0.9,3.1,7.6,1.6,0.9,15.9,1.0,0,83220,0,54,0, 
46.2367,0.6,2.2,1.5,0.4,1.7,14.6,1.0,0,83226,0,55,0, 
46.2400,1.9,-0.1,-4.0,-0.2,2.1,8.2,-0.2,0,83232,0,56,0, 
46.2433,2.7,-2.3,-5.7,0.9,2.4,1.0,-1.2,0,83238,0,57,0, 
46.2467,3.2,-3.2,-3.5,3.0,3.1,-2.7,-1.2,0,83244,0,58,0, 
46.2500,3.2,-2.8,0.2,4.5,4.2,-1.2,-0.2,0,83250,0,59,0, 
46.2533,2.8,-1.6,2.9,4.2,5.0,4.3,1.1,0,83256,0,60,0, 
46.2567,1.8,-0.5,4.2,2.4,5.0,10.2,2.0,0,83262,0,61,0, 
46.2600,0.8,0.6,5.0,0.5,3.9,13.2,2.3,0,83268,0,62,0, 
46.2633,0.6,1.6,6.1,0.1,2.3,12.0,2.4,0,83274,0,63,0, 
46.2667,1.6,2.6,7.1,1.1,1.1,7.7,2.9,0,83280,0,64,0, 
46.2700,3.5,3.3,6.8,2.4,1.1,3.2,3.9,0,83286,0,65,0, 
46.2733,5.2,3.3,4.9,2.5,2.2,0.7,4.7,0,83292,0,66,0, 
46.2767,5.4,2.6,2.8,1.4,3.3,0.4,4.6,0,83298,0,67,0, 
46.2800,3.6,1.6,2.6,0.2,3.0,0.5,2.9,0,83304,0,68,0, 
46.2833,0.1,0.7,5.0,0.3,0.9,-0.9,0.0,0,83310,0,69,0, 
46.2867,-3.6,0.1,8.5,2.0,-2.4,-4.3,-3.1,0,83316,0,70,0, 
46.2900,-6.2,-0.6,10.2,4.1,-5.1,-8.0,-5.4,0,83322,0,71,0, 
46.2933,-6.5,-1.3,8.3,4.9,-5.8,-9.2,-6.0,0,83328,0,72,0, 
46.2967,-4.8,-2.1,3.2,3.6,-4.0,-6.5,-4.9,0,83334,0,73,0, 
46.3000,-2.0,-2.4,-2.5,1.1,-0.9,-1.2,-2.7,0,83340,0,74,0, 
46.3033,0.6,-1.7,-5.6,-0.7,2.0,3.7,-0.1,0,83346,0,75,0, 
46.3067,1.6,-0.1,-4.9,-0.5,3.4,5.8,2.5,0,83352,0,76,0, 
46.3100,0.9,1.6,-1.2,1.6,3.3,5.1,4.5,0,83358,0,77,0, 
46.3133,-1.1,2.6,2.6,4.0,2.8,3.3,5.1,0,83364,0,78,0, 
46.3167,-3.1,1.9,4.1,5.1,2.6,2.5,4.1,0,83370,0,79,0, 
46.3200,-3.7,-0.5,2.1,4.2,2.9,2.4,1.3,0,83376,0,80,0, 
46.3233,-2.7,-4.0,-2.2,2.2,3.0,1.5,-2.3,0,83382,0,81,0, 
46.3267,-1.3,-7.3,-6.3,0.7,1.9,-1.5,-5.7,0,83388,0,82,0, 
46.3300,-0.9,-9.5,-7.9,0.6,0.0,-5.6,-7.9,0,83394,0,83,0, 
46.3333,-2.6,-10.0,-6.4,1.6,-1.9,-8.2,-9.0,0,83400,0,84,0, 
46.3367,-5.9,-9.1,-3.2,2.6,-2.5,-6.8,-9.4,0,83406,0,85,0, 
46.3400,-9.0,-7.8,-0.7,2.8,-1.3,-2.1,-9.9,0,83412,0,86,0, 
46.3433,-10.0,-6.8,-1.0,1.7,0.6,2.6,-10.2,0,83418,0,87,0, 
46.3467,-8.2,-6.4,-3.7,-0.3,1.9,3.4,-9.8,0,83424,0,88,0, 
46.3500,-4.5,-6.1,-6.5,-2.1,1.7,-0.7,-8.1,0,83430,0,89,0, 
46.3533,-0.8,-5.2,-6.9,-3.0,0.4,-6.8,-5.3,0,83436,0,90,0, 
46.3567,1.5,-3.4,-4.0,-2.6,-0.6,-9.9,-2.4,0,83442,0,91,0, 
46.3600,2.3,-1.0,0.5,-1.2,0.0,-7.2,-0.5,0,83448,0,92,0, 
46.3633,2.5,1.0,3.9,0.6,2.2,0.4,0.1,0,83454,0,93,0, 
46.3667,2.7,1.8,4.2,1.8,4.8,8.3,0.0,0,83460,0,94,0, 
46.3700,2.9,1.2,1.7,1.9,6.4,11.8,0.0,0,83466,0,95,0, 
46.3733,2.4,-0.5,-1.2,0.9,6.3,9.7,0.4,0,83472,0,96,0, 
46.3767,0.5,-2.4,-2.5,-0.4,5.4,4.6,0.7,0,83478,0,97,0, 
46.3800,-2.1,-4.1,-2.2,-1.1,4.7,0.7,-0.2,0,83484,0,98,0, 
46.3833,-4.0,-5.6,-2.1,-1.0,4.9,0.2,-2.2,0,83490,0,99,0, 
46.3867,-4.0,-7.0,-4.0,-0.4,5.8,1.7,-4.7,0,83496,0,100,0, 
46.3900,-2.1,-8.0,-7.7,-0.4,6.6,2.2,-6.0,0,83502,0,101,0, 
46.3933,0.4,-7.9,-11.1,-1.4,6.6,0.2,-5.2,0,83508,0,102,0, 
46.3967,1.3,-6.3,-11.4,-3.1,5.8,-2.9,-2.4,0,83514,0,103,0, 
46.4000,-0.4,-3.4,-7.5,-4.5,4.7,-3.5,0.8,0,83520,0,104,0, 
46.4033,-3.8,-0.3,-1.1,-4.5,3.7,0.0,3.0,0,83526,0,105,0, 
46.4067,-7.0,1.9,4.2,-3.0,3.1,5.7,3.6,0,83532,0,106,0, 
46.4100,-7.8,2.5,5.6,-0.8,3.1,9.4,3.2,0,83538,0,107,0, 
46.4133,-5.8,2.0,2.7,0.8,3.8,8.3,3.1,0,83544,0,108,0, 
46.4167,-2.2,1.3,-2.2,1.0,5.1,3.7,3.9,0,83550,0,109,0, 
46.4200,0.6,1.0,-5.7,0.2,6.3,0.5,5.4,0,83556,0,110,0, 
46.4233,1.0,1.2,-6.2,-0.8,6.7,2.7,6.5,0,83562,0,111,0, 
46.4267,-1.2,1.0,-4.3,-1.1,5.6,9.6,6.0,0,83568,0,112,0, 
46.4300,-4.4,-0.1,-2.6,-0.7,3.4,15.6,3.7,0,83574,0,113,0, 
46.4333,-6.7,-1.9,-2.8,-0.4,1.6,14.7,0.1,0,83580,0,114,0, 
46.4367,-6.8,-3.5,-5.0,-0.5,1.5,5.6,-3.3,0,83586,0,115,0, 
46.4400,-4.9,-4.4,-7.2,-1.3,3.1,-7.1,-5.7,0,83592,0,116,0, 
46.4433,-2.2,-4.7,-7.5,-2.3,5.2,-16.2,-6.8,0,83598,0,117,0, 
46.4467,-0.3,-5.1,-5.7,-3.1,5.7,-17.2,-6.9,0,83604,0,118,0, 
46.4500,0.2,-6.6,-3.8,-3.5,4.0,-12.0,-6.9,0,83610,0,119,0, 
46.4533,-0.8,-9.3,-3.9,-4.0,1.2,-6.2,-7.3,0,83616,0,120,0, 
46.4567,-2.4,-12.1,-7.0,-4.6,-0.5,-4.7,-7.9,0,83622,0,121,0, 
46.4600,-3.8,-13.7,-11.5,-5.0,0.6,-7.6,-8.4,0,83628,0,122,0, 
46.4633,-4.8,-13.4,-14.5,-4.8,3.9,-11.2,-8.2,0,83634,0,123,0, 
46.4667,-5.4,-11.9,-14.4,-3.5,7.1,-11.5,-7.4,0,83640,0,124,0, 
46.4700,-5.8,-10.3,-11.8,-1.6,7.8,-8.1,-6.3,0,83646,0,125,0, 
46.4733,-5.9,-9.4,-8.7,0.3,5.4,-4.0,-5.4,0,83652,0,126,0, 
46.4767,-5.3,-8.8,-6.9,1.2,1.4,-1.9,-4.6,0,83658,0,127,0, 
46.4800,-3.6,-7.2,-5.7,1.0,-1.5,-2.3,-3.3,0,83664,0,128,0, 
46.4833,-1.1,-3.7,-3.2,-0.1,-1.4,-2.7,-1.2,0,83670,0,129,0, 
46.4867,1.2,1.1,2.0,-1.4,1.7,-0.9,1.7,0,83676,0,130,0, 
46.4900,2.6,5.6,8.7,-2.1,5.8,2.6,4.5,0,83682,0,131,0, 
46.4933,2.7,7.8,13.6,-1.9,8.8,5.4,6.0,0,83688,0,132,0, 
46.4967,1.6,6.8,13.6,-1.1,9.4,5.3,5.3,0,83694,0,133,0, 
46.5000,0.0,3.3,8.2,-0.1,7.9,3.1,3.0,0,83700,0,134,0, 
46.5033,-1.7,-0.8,0.1,0.4,5.7,1.8,0.5,0,83706,0,135,0, 
46.5067,-3.4,-3.8,-6.4,0.1,4.4,3.8,-0.6,0,83712,0,136,0, 
46.5100,-5.1,-5.1,-8.6,-0.9,4.4,8.2,0.1,0,83718,0,137,0, 
46.5133,-7.0,-5.2,-6.9,-1.9,5.0,11.7,1.7,0,83724,0,138,0, 
46.5167,-8.7,-5.1,-3.7,-2.3,5.1,10.8,2.6,0,83730,0,139,0, 
46.5200,-9.8,-5.2,-1.3,-1.7,3.9,5.1,1.5,0,83736,0,140,0, 
46.5233,-10.3,-5.4,-0.4,-0.6,2.0,-2.3,-1.4,0,83742,0,141,0, 
46.5267,-10.4,-5.3,-0.3,0.3,0.6,-7.5,-4.8,0,83748,0,142,0, 
46.5300,-10.2,-4.9,-0.2,-0.1,0.7,-8.6,-7.2,0,83754,0,143,0, 
46.5333,-10.1,-4.5,-0.3,-1.8,2.3,-6.6,-7.7,0,83760,0,144,0, 
46.5367,-9.9,-4.6,-1.2,-3.8,4.2,-4.6,-6.7,0,83766,0,145,0, 
46.5400,-9.3,-5.2,-3.2,-4.9,4.6,-5.0,-5.6,0,83772,0,146,0, 
46.5433,-8.6,-5.9,-5.2,-4.5,3.0,-8.4,-5.5,0,83778,0,147,0, 
46.5467,-8.1,-6.1,-5.8,-3.1,0.2,-13.3,-6.7,0,83784,0,148,0, 
46.5500,-8.2,-5.8,-4.5,-1.8,-2.3,-17.2,-8.6,0,83790,0,149,0, 
46.5533,-9.1,-5.1,-2.7,-1.7,-3.5,-18.0,-10.2,0,83796,0,150,0, 
46.5567,-10.3,-4.8,-2.5,-2.9,-3.5,-14.9,-11.0,0,83802,0,151,0, 
46.5600,-11.4,-4.8,-4.6,-4.5,-3.1,-8.9,-10.9,0,83808,0,152,0, 
46.5633,-11.9,-5.1,-7.7,-5.5,-2.9,-2.4,-10.3,0,83814,0,153,0, 
46.5667,-12.0,-5.1,-8.7,-5.2,-2.6,1.6,-9.7,0,83820,0,154,0, 
46.5700,-12.1,-4.8,-5.9,-4.1,-1.7,1.5,-9.3,0,83826,0,155,0, 
46.5733,-12.4,-4.4,-0.1,-2.8,0.0,-2.4,-8.8,0,83832,0,156,0, 
46.5767,-13.0,-4.3,5.3,-1.9,1.3,-7.6,-8.2,0,83838,0,157,0, 
46.5800,-13.4,-4.4,7.2,-1.6,1.1,-11.1,-7.4,0,83844,0,158,0, 
46.5833,-13.2,-4.6,4.6,-1.6,-1.2,-11.3,-6.7,0,83850,0,159,0, 
46.5867,-12.4,-4.4,-0.6,-1.9,-4.6,-8.9,-6.2,0,83856,0,160,0, 
46.5900,-11.1,-3.6,-5.3,-2.6,-7.0,-6.5,-5.8,0,83862,0,161,0, 
46.5933,-9.8,-2.3,-6.9,-3.6,-7.0,-5.9,-5.2,0,83868,0,162,0, 
46.5967,-8.8,-0.8,-5.3,-4.1,-4.6,-7.4,-3.8,0,83874,0,163,0, 
46.6000,-8.0,0.6,-1.7,-3.7,-1.4,-9.0,-1.3,0,83880,0,164,0, 
46.6033,-7.0,1.6,1.7,-2.2,0.8,-8.7,1.9,0,83886,0,165,0, 
46.6067,-5.7,2.4,4.0,-0.4,1.3,-5.8,5.0,0,83892,0,166,0, 
46.6100,-4.0,2.8,4.9,0.4,0.4,-1.4,7.0,0,83898,0,167,0, 
46.6133,-2.7,2.8,4.8,-0.5,-1.0,2.2,6.9,0,83904,0,168,0, 
46.6167,-2.5,2.3,3.9,-2.7,-2.0,3.3,4.7,0,83910,0,169,0, 
46.6200,-4.0,1.1,2.2,-4.6,-2.5,1.7,1.2,0,83916,0,170,0, 
46.6233,-6.9,-0.8,-0.5,-4.9,-2.5,-1.7,-2.9,0,83922,0,171,0, 
46.6267,-10.2,-3.5,-3.9,-3.4,-2.3,-5.5,-6.7,0,83928,0,172,0, 
46.6300,-12.5,-6.9,-7.0,-1.3,-2.0,-8.7,-9.8,0,83934,0,173,0, 
46.6333,-12.7,-10.2,-8.5,-0.1,-1.7,-11.1,-11.8,0,83940,0,174,0, 
46.6367,-10.5,-12.2,-7.4,-0.2,-1.6,-12.6,-12.4,0,83946,0,175,0, 
46.6400,-6.5,-11.7,-4.1,-1.0,-2.0,-13.2,-11.4,0,83952,0,176,0, 
46.6433,-1.8,-8.5,-0.1,-1.1,-2.6,-12.5,-8.9,0,83958,0,177,0, 
46.6467,2.1,-3.6,2.5,0.0,-3.3,-10.4,-5.6,0,83964,0,178,0, 
46.6500,4.0,0.9,2.3,1.7,-3.6,-7.1,-2.3,0,83970,0,179,0, 
46.6533,3.9,3.4,-0.2,2.5,-3.8,-4.0,-0.2,0,83976,0,180,0, 
46.6567,2.5,3.4,-3.4,1.8,-4.5,-2.7,0.3,0,83982,0,181,0, 
46.6600,0.8,1.8,-5.0,0.2,-6.0,-4.7,-0.5,0,83988,0,182,0, 
46.6633,-0.2,0.1,-4.3,-1.0,-8.0,-9.3,-1.9,0,83994,0,183,0, 
46.6667,-0.2,-0.5,-2.2,-0.7,-9.5,-13.9,-3.0,0,84000,0,184,0, 
46.6700,0.3,-0.2,-0.1,1.0,-9.3,-15.0,-3.0,0,84006,0,185,0, 
46.6733,0.7,0.6,1.1,2.8,-7.3,-10.9,-1.9,0,84012,0,186,0, 
46.6767,0.6,1.3,2.3,3.5,-4.2,-3.3,-0.4,0,84018,0,187,0, 
46.6800,0.4,1.8,4.3,2.6,-1.6,3.5,0.8,0,84024,0,188,0, 
46.6833,0.5,2.2,7.1,0.8,-0.8,5.0,1.2,0,84030,0,189,0, 
46.6867,1.0,2.1,8.9,-0.9,-1.6,0.1,0.6,0,84036,0,190,0, 
46.6900,1.2,1.0,7.4,-2.1,-2.8,-8.0,-0.4,0,84042,0,191,0, 
46.6933,0.4,-1.3,2.6,-2.7,-2.9,-14.1,-1.4,0,84048,0,192,0, 
46.6967,-1.8,-4.3,-3.1,-3.1,-1.4,-14.8,-2.2,0,84054,0,193,0, 
46.7000,-4.5,-6.4,-6.0,-3.6,0.9,-10.3,-2.9,0,84060,0,194,0, 
46.7033,-6.5,-6.8,-4.3,-4.0,2.3,-4.4,-3.6,0,84066,0,195,0, 
46.7067,-6.5,-5.6,0.2,-4.2,1.8,-0.6,-4.5,0,84072,0,196,0, 
46.7100,-4.4,-4.3,3.3,-4.4,-0.4,0.0,-5.3,0,84078,0,197,0, 
46.7133,-1.0,-3.9,2.4,-4.8,-2.7,-1.1,-5.5,0,84084,0,198,0, 
46.7167,2.2,-4.8,-1.8,-5.5,-4.0,-1.3,-4.9,0,84090,0,199,0, 
46.7200,4.6,-5.7,-5.8,-6.0,-3.9,0.2,-3.6,0,84096,0,200,0, 
46.7233,6.3,-5.4,-6.3,-6.1,-3.2,2.6,-2.0,0,84102,0,201,0, 
46.7267,8.0,-3.5,-3.1,-5.4,-3.1,3.8,-0.6,0,84108,0,202,0, 
46.7300,10.5,-0.8,0.6,-4.4,-4.0,3.1,0.6,0,84114,0,203,0, 
46.7333,13.3,1.5,2.1,-3.5,-5.0,0.8,1.8,0,84120,0,204,0, 
46.7367,15.5,2.7,1.4,-3.1,-5.0,-1.8,3.2,0,84126,0,205,0, 
46.7400,16.1,3.3,1.5,-2.9,-3.7,-3.3,4.7,0,84132,0,206,0, 
46.7433,14.5,4.0,5.1,-2.8,-1.9,-3.5,5.7,0,84138,0,207,0, 
46.7467,11.4,5.0,11.6,-2.5,-0.8,-2.3,5.7,0,84144,0,208,0, 
46.7500,8.1,5.6,16.6,-2.2,-0.8,-0.2,4.6,0,84150,0,209,0, 
46.7533,5.9,4.6,15.7,-2.5,-1.5,2.3,3.1,0,84156,0,210,0, 
46.7567,5.6,2.0,8.2,-3.1,-1.7,4.5,1.8,0,84162,0,211,0, 
46.7600,6.4,-1.1,-1.6,-3.7,-0.6,6.0,1.7,0,84168,0,212,0, 
46.7633,7.4,-3.0,-7.4,-3.6,1.4,6.7,2.9,0,84174,0,213,0, 
46.7667,7.5,-2.6,-5.9,-2.6,2.8,7.2,5.0,0,84180,0,214,0, 
46.7700,6.5,-0.5,1.0,-1.2,2.9,8.0,7.1,0,84186,0,215,0, 
46.7733,5.0,1.9,7.6,-0.1,1.6,9.1,8.7,0,84192,0,216,0, 
46.7767,4.2,3.3,9.4,0.2,0.0,9.7,9.5,0,84198,0,217,0, 
46.7800,4.6,3.8,6.3,-0.1,-0.9,9.1,9.7,0,84204,0,218,0, 
46.7833,6.0,4.1,2.4,-0.3,-0.8,7.6,9.5,0,84210,0,219,0, 
46.7867,7.6,5.0,1.9,-0.1,-0.2,6.5,9.3,0,84216,0,220,0, 
46.7900,8.5,6.2,5.3,0.2,0.5,7.0,9.0,0,84222,0,221,0, 
46.7933,8.3,6.7,9.1,0.0,1.0,9.0,8.4,0,84228,0,222,0, 
46.7967,7.1,5.4,9.0,-1.5,1.9,11.3,7.2,0,84234,0,223,0, 
46.8000,5.3,2.4,3.9,-4.1,3.4,12.2,5.5,0,84240,0,224,0, 
46.8033,3.0,-1.3,-3.1,-6.6,5.0,11.5,3.5,0,84246,0,225,0, 
46.8067,0.4,-4.1,-7.2,-7.9,5.8,10.3,1.5,0,84252,0,226,0, 
46.8100,-2.1,-5.0,-5.4,-7.3,4.9,9.8,-0.3,0,84258,0,227,0, 
46.8133,-3.6,-4.4,0.6,-5.1,2.1,9.7,-1.9,0,84264,0,228,0, 
46.8167,-3.4,-3.0,6.2,-2.7,-1.7,8.3,-3.7,0,84270,0,229,0, 
46.8200,-1.6,-2.1,7.0,-1.3,-5.1,4.2,-5.7,0,84276,0,230,0, 
46.8233,0.8,-2.3,2.5,-1.5,-6.9,-1.8,-7.6,0,84282,0,231,0, 
46.8267,2.3,-3.4,-3.9,-2.9,-7.0,-6.6,-9.0,0,84288,0,232,0, 
46.8300,2.4,-4.6,-7.4,-4.6,-5.8,-7.0,-9.3,0,84294,0,233,0, 
46.8333,1.1,-5.0,-5.6,-5.4,-4.3,-2.8,-8.3,0,84300,0,234,0, 
46.8367,-0.1,-4.0,0.1,-5.1,-2.9,2.9,-6.2,0,84306,0,235,0, 
46.8400,-0.2,-1.5,5.3,-4.2,-1.7,6.0,-3.3,0,84312,0,236,0, 
46.8433,0.9,1.7,6.3,-3.4,-0.4,4.1,-0.4,0,84318,0,237,0, 
46.8467,2.1,4.4,2.8,-3.3,1.1,-0.9,2.2,0,84324,0,238,0, 
46.8500,2.2,5.7,-2.3,-3.7,2.8,-5.0,3.9,0,84330,0,239,0, 
46.8533,0.7,5.7,-5.0,-3.8,4.2,-5.0,4.6,0,84336,0,240,0, 
46.8567,-1.6,5.1,-3.6,-2.7,5.0,-1.1,4.6,0,84342,0,241,0, 
46.8600,-3.4,4.8,0.3,-0.7,5.2,3.6,4.3,0,84348,0,242,0, 
46.8633,-3.9,5.1,3.2,1.7,4.9,5.7,3.9,0,84354,0,243,0, 
46.8667,-3.4,5.7,2.7,3.1,4.1,4.1,3.6,0,84360,0,244,0, 
46.8700,-2.4,6.2,-0.1,3.2,3.0,0.8,3.4,0,84366,0,245,0, 
46.8733,-1.6,6.3,-2.1,2.2,1.6,-1.3,3.1,0,84372,0,246,0, 
46.8767,-0.5,6.6,-0.6,1.2,0.0,-0.6,3.3,0,84378,0,247,0, 
46.8800,1.3,7.2,3.6,0.7,-1.3,1.9,4.6,0,84384,0,248,0, 
46.8833,4.0,8.0,7.4,1.0,-2.2,4.0,7.3,0,84390,0,249,0, 
46.8867,6.7,8.1,7.5,1.4,-2.4,4.4,10.9,0,84396,0,250,0, 
46.8900,8.0,7.1,3.7,1.2,-1.7,3.6,14.0,0,84402,0,251,0, 
46.8933,7.1,5.2,-0.6,0.5,-0.3,3.3,15.0,0,84408,0,252,0, 
46.8967,4.3,3.6,-1.6,-0.2,1.5,4.5,13.4,0,84414,0,253,0, 
46.9000,1.0,3.1,2.0,-0.2,3.3,6.6,9.6,0,84420,0,254,0, 
46.9033,-1.6,3.4,7.5,0.6,4.8,7.8,5.3,0,84426,0,255,0, 
46.9067,-3.0,2.9,10.3,1.9,5.7,6.7,1.5,0,84432,0,0,0, 
46.9100,-3.8,0.4,7.8,2.8,5.9,4.1,-1.4,0,84438,0,1,0, 
46.9133,-4.9,-3.8,1.4,3.1,5.3,1.9,-4.1,0,84444,0,2,0, 
46.9167,-6.0,-7.5,-4.6,2.9,3.9,2.1,-7.0,0,84450,0,3,0, 
46.9200,-6.5,-8.3,-6.3,2.9,1.5,4.5,-9.8,0,84456,0,4,0, 
46.9233,-5.9,-5.1,-3.2,3.5,-1.4,6.6,-11.5,0,84462,0,5,0, 
46.9267,-4.2,0.5,2.0,4.5,-4.1,5.7,-11.2,0,84468,0,6,0, 
46.9300,-2.5,5.4,5.6,5.1,-5.6,1.2,-8.9,0,84474,0,7,0, 
46.9333,-1.8,7.5,6.1,4.6,-5.5,-4.8,-5.6,0,84480,0,8,0, 
46.9367,-2.1,6.4,4.5,2.8,-4.1,-9.0,-2.6,0,84486,0,9,0, 
46.9400,-2.5,4.1,3.1,0.5,-2.3,-9.1,-0.2,0,84492,0,10,0, 
46.9433,-1.7,2.8,2.9,-1.4,-1.2,-5.5,1.8,0,84498,0,11,0, 
46.9467,0.4,3.4,3.2,-2.1,-0.8,-0.5,4.4,0,84504,0,12,0, 
46.9500,3.0,5.2,2.8,-1.9,-0.2,3.4,7.7,0,84510,0,13,0, 
46.9533,4.6,6.7,1.7,-1.5,1.3,5.4,11.0,0,84516,0,14,0, 
46.9567,4.1,7.0,1.7,-1.6,3.7,6.3,12.9,0,84522,0,15,0, 
46.9600,1.7,6.1,4.4,-2.1,5.7,6.8,12.5,0,84528,0,16,0, 
46.9633,-1.6,4.7,9.2,-2.6,5.6,6.6,10.0,0,84534,0,17,0, 
46.9667,-4.7,3.1,13.1,-2.3,2.8,4.8,6.7,0,84540,0,18,0, 
46.9700,-7.2,1.1,12.7,-1.1,-1.6,1.3,3.6,0,84546,0,19,0, 
46.9733,-9.4,-1.6,7.0,0.3,-5.5,-2.7,1.2,0,84552,0,20,0, 
46.9767,-11.2,-4.8,-1.8,1.0,-7.1,-5.0,-0.9,0,84558,0,21,0, 
46.9800,-12.3,-7.4,-9.1,0.4,-6.6,-5.0,-3.6,0,84564,0,22,0, 
46.9833,-12.2,-8.3,-11.9,-1.4,-5.6,-4.1,-7.0,0,84570,0,23,0, 
46.9867,-10.5,-7.2,-10.1,-3.5,-5.8,-4.7,-10.5,0,84576,0,24,0, 
46.9900,-7.4,-4.8,-6.3,-4.9,-7.3,-7.7,-12.8,0,84582,0,25,0, 
46.9933,-4.2,-2.5,-3.3,-5.0,-8.6,-11.1,-13.1,0,84588,0,26,0, 
46.9967,-1.8,-1.4,-2.3,-4.1,-7.8,-11.5,-11.5,0,84594,0,27,0, 
47.0000,-0.9,-1.7,-2.4,-2.6,-4.4,-6.7,-9.2,0,84600,0,28,0, 
47.0033,-1.1,-2.7,-2.3,-1.3,0.0,1.3,-7.7,0,84606,0,29,0, 
47.0067,-1.1,-3.6,-1.6,-0.6,3.1,7.7,-7.7,0,84612,0,30,0, 
47.0100,-0.1,-4.0,-1.4,-0.8,3.1,7.8,-8.7,0,84618,0,31,0, 
47.0133,2.1,-3.9,-2.9,-1.8,0.5,1.2,-9.5,0,84624,0,32,0, 
47.0167,4.3,-4.0,-6.0,-3.2,-2.6,-8.2,-8.8,0,84630,0,33,0, 
47.0200,5.2,-4.9,-9.4,-4.9,-4.3,-14.6,-6.6,0,84636,0,34,0, 
47.0233,3.8,-7.2,-11.9,-6.5,-3.9,-15.1,-4.4,0,84642,0,35,0, 
47.0267,0.5,-10.7,-13.3,-7.8,-2.5,-11.2,-3.7,0,84648,0,36,0, 
47.0300,-3.2,-14.7,-14.3,-8.7,-1.4,-7.9,-5.4,0,84654,0,37,0, 
47.0333,-5.7,-17.7,-15.3,-8.5,-1.5,-8.5,-8.5,0,84660,0,38,0, 
47.0367,-6.1,-18.2,-14.9,-7.0,-2.4,-12.2,-10.8,0,84666,0,39,0, 
47.0400,-4.8,-15.3,-11.4,-3.7,-3.4,-14.3,-10.0,0,84672,0,40,0, 
47.0433,-2.8,-9.3,-4.0,0.4,-4.0,-10.5,-5.8,0,84678,0,41,0, 
47.0467,-1.1,-2.0,5.3,4.1,-4.3,-1.0,0.0,0,84684,0,42,0, 
47.0500,0.1,4.0,12.6,5.7,-4.7,8.6,4.3,0,84690,0,43,0, 
47.0533,1.3,6.9,14.2,4.5,-5.2,11.6,5.0,0,84696,0,44,0, 
47.0567,2.8,6.3,9.8,1.2,-5.5,4.9,1.9,0,84702,0,45,0, 
47.0600,4.1,3.5,2.6,-2.3,-5.4,-7.9,-2.7,0,84708,0,46,0, 
47.0633,4.5,0.6,-2.7,-4.1,-4.9,-19.3,-6.0,0,84714,0,47,0, 
47.0667,3.6,-1.1,-2.9,-3.5,-4.8,-23.0,-6.4,0,84720,0,48,0, 
47.0700,1.7,-1.3,1.1,-1.2,-5.5,-18.5,-4.4,0,84726,0,49,0, 
47.0733,-0.1,-0.7,6.0,1.1,-6.5,-10.7,-2.0,0,84732,0,50,0, 
47.0767,-0.9,-0.2,8.3,2.2,-6.8,-5.8,-0.9,0,84738,0,51,0, 
47.0800,-0.7,0.2,7.4,1.8,-5.6,-6.0,-1.5,0,84744,0,52,0, 
47.0833,0.0,1.2,5.3,1.0,-3.3,-8.6,-2.9,0,84750,0,53,0, 
47.0867,0.4,3.5,5.3,0.8,-1.3,-8.6,-3.9,0,84756,0,54,0, 
47.0900,0.3,6.9,8.7,1.7,-1.2,-4.1,-4.2,0,84762,0,55,0, 
47.0933,0.5,10.2,14.3,3.3,-3.4,2.2,-4.6,0,84768,0,56,0, 
47.0967,1.5,11.9,18.8,4.7,-6.3,5.1,-5.8,0,84774,0,57,0, 
47.1000,3.6,11.2,19.4,5.4,-8.0,1.3,-8.1,0,84780,0,58,0, 
47.1033,6.1,8.5,15.7,5.3,-7.1,-7.5,-10.6,0,84786,0,59,0, 
47.1067,8.2,5.1,9.6,4.8,-4.1,-15.6,-11.8,0,84792,0,60,0, 
47.1100,9.7,2.2,3.6,4.2,-0.5,-17.5,-10.9,0,84798,0,61,0, 
47.1133,10.5,0.6,-0.2,3.5,1.7,-12.1,-8.1,0,84804,0,62,0, 
47.1167,10.9,0.0,-1.5,2.6,2.1,-3.1,-4.4,0,84810,0,63,0, 
47.1200,11.0,0.0,-0.7,1.8,1.1,3.9,-1.1,0,84816,0,64,0, 
47.1233,10.2,0.3,1.5,1.1,-0.1,5.4,1.5,0,84822,0,65,0, 
47.1267,8.4,0.9,4.6,0.9,-1.2,2.3,3.6,0,84828,0,66,0, 
47.1300,5.8,2.3,8.2,1.2,-2.0,-1.5,5.5,0,84834,0,67,0, 
47.1333,3.0,4.6,11.5,1.7,-2.7,-2.6,7.4,0,84840,0,68,0, 
47.1367,1.1,7.3,13.5,1.8,-3.3,-0.7,8.3,0,84846,0,69,0, 
47.1400,0.6,9.3,12.9,1.5,-3.6,1.4,7.3,0,84852,0,70,0, 
47.1433,1.1,9.7,9.4,0.8,-3.5,0.4,3.9,0,84858,0,71,0, 
47.1467,1.9,7.9,3.9,0.2,-3.5,-4.5,-1.3,0,84864,0,72,0, 
47.1500,2.5,4.4,-1.5,0.2,-4.1,-10.8,-6.3,0,84870,0,73,0, 
47.1533,2.5,0.8,-4.5,1.0,-5.5,-14.3,-9.5,0,84876,0,74,0, 
47.1567,2.0,-1.4,-3.5,2.3,-6.8,-12.7,-9.7,0,84882,0,75,0, 
47.1600,1.4,-1.1,1.0,3.8,-7.0,-7.2,-7.5,0,84888,0,76,0, 
47.1633,1.0,1.3,6.7,5.1,-5.6,-1.7,-4.6,0,84894,0,77,0, 
47.1667,1.2,4.1,10.6,6.0,-3.1,0.1,-2.8,0,84900,0,78,0, 
47.1700,2.1,5.5,10.7,6.0,-0.9,-2.0,-2.7,0,84906,0,79,0, 
47.1733,3.5,4.7,7.2,5.2,0.2,-4.8,-3.4,0,84912,0,80,0, 
47.1767,5.2,2.5,2.8,3.8,0.0,-4.2,-3.3,0,84918,0,81,0, 
47.1800,6.7,0.9,0.5,2.6,-0.4,1.2,-1.6,0,84924,0,82,0, 
47.1833,7.3,1.1,1.8,2.5,-0.3,8.3,1.5,0,84930,0,83,0, 
47.1867,6.8,3.1,5.7,3.7,0.7,12.3,4.5,0,84936,0,84,0, 
47.1900,5.1,5.5,9.7,6.0,1.8,10.0,6.3,0,84942,0,85,0, 
47.1933,2.9,6.5,11.3,7.9,2.3,3.0,6.5,0,84948,0,86,0, 
47.1967,1.3,5.4,9.9,8.4,2.1,-3.5,6.3,0,84954,0,87,0, 
47.2000,1.3,3.2,6.6,7.2,1.9,-4.6,6.8,0,84960,0,88,0, 
47.2033,3.4,1.5,3.1,5.2,2.7,0.3,8.8,0,84966,0,89,0, 
47.2067,7.1,1.7,0.9,3.7,4.7,7.7,11.5,0,84972,0,90,0, 
47.2100,10.8,3.6,0.3,3.9,7.0,12.6,13.8,0,84978,0,91,0, 
47.2133,12.8,5.9,1.5,5.5,8.4,12.4,14.4,0,84984,0,92,0, 
47.2167,12.1,7.2,4.9,7.7,7.8,8.7,13.0,0,84990,0,93,0, 
47.2200,9.2,6.9,10.3,9.1,5.4,4.8,10.6,0,84996,0,94,0, 
47.2233,6.0,5.8,16.5,9.2,2.7,3.3,8.2,0,85002,0,95,0, 
47.2267,4.5,5.2,20.9,8.3,1.2,4.5,7.0,0,85008,0,96,0, 
47.2300,5.5,5.7,21.1,7.1,1.8,6.9,7.4,0,85014,0,97,0, 
47.2333,8.3,6.8,16.6,6.3,4.0,9.4,9.3,0,85020,0,98,0, 
47.2367,10.7,7.5,9.2,6.0,6.2,11.8,11.9,0,85026,0,99,0, 
47.2400,10.9,6.9,2.5,6.0,7.2,14.3,14.1,0,85032,0,100,0, 
47.2433,8.6,5.3,-0.5,6.2,6.3,16.1,15.1,0,85038,0,101,0, 
47.2467,4.8,3.7,0.8,6.5,4.1,15.4,14.6,0,85044,0,102,0, 
47.2500,1.3,2.9,4.5,7.1,1.8,11.1,12.9,0,85050,0,103,0, 
47.2533,-0.7,3.2,8.2,7.8,0.3,4.8,10.6,0,85056,0,104,0, 
47.2567,-1.0,3.6,9.8,8.3,0.2,-0.1,8.2,0,85062,0,105,0, 
47.2600,-0.6,2.8,9.1,8.3,1.1,-0.8,6.1,0,85068,0,106,0, 
47.2633,-0.3,0.4,7.0,7.4,2.3,3.2,4.3,0,85074,0,107,0, 
47.2667,-0.7,-3.2,4.3,5.7,3.3,8.7,2.7,0,85080,0,108,0, 
47.2700,-1.6,-6.7,1.7,3.4,3.7,11.7,1.3,0,85086,0,109,0, 
47.2733,-2.4,-9.0,-0.5,1.2,3.2,9.9,0.1,0,85092,0,110,0, 
47.2767,-2.7,-9.8,-2.1,-0.4,1.7,4.2,-0.9,0,85098,0,111,0, 
47.2800,-2.1,-9.7,-2.8,-1.2,-0.4,-2.5,-2.2,0,85104,0,112,0, 
47.2833,-0.7,-9.4,-2.7,-1.1,-2.6,-7.4,-3.7,0,85110,0,113,0, 
47.2867,1.3,-9.3,-2.1,-0.5,-3.9,-9.6,-5.3,0,85116,0,114,0, 
47.2900,3.5,-9.2,-1.4,0.3,-3.7,-9.9,-6.6,0,85122,0,115,0, 
47.2933,5.4,-8.9,-0.6,0.8,-2.3,-9.4,-7.0,0,85128,0,116,0, 
47.2967,6.4,-8.3,0.5,0.9,-0.8,-8.6,-6.7,0,85134,0,117,0, 
47.3000,6.6,-8.1,1.6,0.6,0.1,-7.3,-6.0,0,85140,0,118,0, 
47.3033,6.2,-8.5,2.0,0.1,0.1,-5.5,-5.6,0,85146,0,119,0, 
47.3067,5.8,-9.4,0.9,-0.5,-0.1,-3.8,-5.3,0,85152,0,120,0, 
47.3100,5.2,-10.1,-1.5,-1.0,0.2,-3.2,-5.0,0,85158,0,121,0, 
47.3133,4.1,-9.7,-3.6,-1.1,1.6,-3.9,-4.2,0,85164,0,122,0, 
47.3167,2.1,-8.2,-3.6,-0.8,3.4,-5.3,-2.9,0,85170,0,123,0, 
47.3200,-0.4,-6.3,-0.6,-0.2,4.8,-6.3,-1.7,0,85176,0,124,0, 
47.3233,-2.7,-5.1,3.8,0.2,5.3,-6.2,-0.9,0,85182,0,125,0, 
47.3267,-3.5,-5.2,6.4,-0.2,5.0,-5.3,-0.7,0,85188,0,126,0, 
47.3300,-2.3,-6.3,5.3,-1.6,4.5,-4.5,-0.6,0,85194,0,127,0, 
47.3333,0.4,-7.4,0.9,-3.6,4.1,-4.4,-0.2,0,85200,0,128,0, 
47.3367,3.1,-7.3,-3.8,-5.5,3.9,-4.9,0.6,0,85206,0,129,0, 
47.3400,4.8,-5.7,-5.5,-6.3,3.5,-5.2,1.5,0,85212,0,130,0, 
47.3433,4.8,-3.2,-3.2,-5.8,3.2,-4.5,2.2,0,85218,0,131,0, 
47.3467,4.0,-1.2,0.7,-4.4,3.0,-2.7,2.5,0,85224,0,132,0, 
47.3500,3.3,-0.9,2.4,-2.8,3.4,-0.4,2.3,0,85230,0,133,0, 
47.3533,3.6,-2.8,0.0,-1.5,4.2,1.3,1.6,0,85236,0,134,0, 
47.3567,4.4,-6.1,-5.1,-0.5,4.8,1.4,0.3,0,85242,0,135,0, 
47.3600,5.1,-9.3,-9.1,0.4,4.9,-0.4,-1.4,0,85248,0,136,0, 
47.3633,5.0,-10.4,-8.7,1.6,4.5,-3.4,-2.9,0,85254,0,137,0, 
47.3667,4.0,-8.9,-4.0,2.8,4.3,-6.0,-3.3,0,85260,0,138,0, 
47.3700,2.7,-5.6,1.7,3.3,4.8,-6.5,-1.8,0,85266,0,139,0, 
47.3733,1.8,-2.4,4.5,3.0,5.7,-3.8,1.3,0,85272,0,140,0, 
47.3767,2.0,-1.3,2.6,1.8,6.2,1.4,4.6,0,85278,0,141,0, 
47.3800,3.1,-2.5,-2.0,0.6,5.5,7.3,6.5,0,85284,0,142,0, 
47.3833,4.3,-5.1,-5.6,-0.1,3.6,11.1,6.0,0,85290,0,143,0, 
47.3867,4.8,-6.9,-5.3,0.0,1.4,11.1,3.7,0,85296,0,144,0, 
47.3900,4.1,-6.9,-1.1,0.6,0.1,7.5,1.3,0,85302,0,145,0, 
47.3933,2.2,-5.1,4.5,1.5,-0.1,1.9,0.2,0,85308,0,146,0, 
47.3967,-0.4,-2.6,8.4,2.5,0.5,-3.3,0.9,0,85314,0,147,0, 
47.4000,-2.7,-0.7,9.7,3.3,0.9,-6.3,2.3,0,85320,0,148,0, 
47.4033,-4.1,-0.1,8.9,3.7,0.6,-6.7,2.9,0,85326,0,149,0, 
47.4067,-4.6,-0.4,7.5,3.1,-0.1,-5.2,2.2,0,85332,0,150,0, 
47.4100,-5.0,-1.0,6.3,1.7,-0.4,-2.6,0.5,0,85338,0,151,0, 
47.4133,-5.7,-1.6,4.9,-0.2,0.1,0.3,-1.1,0,85344,0,152,0, 
47.4167,-7.1,-2.1,3.3,-1.3,1.6,2.8,-1.9,0,85350,0,153,0, 
47.4200,-8.4,-2.5,2.1,-0.6,3.1,4.2,-1.8,0,85356,0,154,0, 
47.4233,-9.0,-2.6,2.6,1.9,4.1,3.7,-1.6,0,85362,0,155,0, 
47.4267,-8.4,-2.0,5.8,5.0,3.9,1.5,-1.7,0,85368,0,156,0, 
47.4300,-7.3,-0.6,11.1,7.3,2.9,-1.0,-2.0,0,85374,0,157,0, 
47.4333,-6.3,1.2,16.2,7.7,1.6,-1.6,-1.6,0,85380,0,158,0, 
47.4367,-6.1,2.7,18.5,6.4,0.8,1.0,-0.4,0,85386,0,159,0, 
47.4400,-6.2,3.4,17.0,4.6,1.3,5.9,1.6,0,85392,0,160,0, 
47.4433,-5.8,3.5,12.6,3.5,3.1,10.4,3.3,0,85398,0,161,0, 
47.4467,-4.1,3.7,8.2,3.5,5.2,11.4,4.0,0,85404,0,162,0, 
47.4500,-1.7,4.7,6.1,4.2,6.3,7.8,4.0,0,85410,0,163,0, 
47.4533,0.2,6.9,7.7,4.8,5.6,1.9,3.8,0,85416,0,164,0, 
47.4567,0.6,9.8,12.0,5.0,3.1,-2.9,4.2,0,85422,0,165,0, 
47.4600,-0.8,12.4,16.7,5.0,0.4,-4.5,4.9,0,85428,0,166,0, 
47.4633,-2.9,13.7,19.5,4.9,-1.1,-3.1,5.2,0,85434,0,167,0, 
47.4667,-4.2,13.3,19.1,4.7,-0.6,-1.1,4.5,0,85440,0,168,0, 
47.4700,-4.1,11.4,16.1,4.0,1.1,-0.3,3.2,0,85446,0,169,0, 
47.4733,-3.3,8.5,12.3,2.8,2.4,-0.5,2.5,0,85452,0,170,0, 
47.4767,-3.0,5.7,9.6,1.5,2.2,0.3,3.1,0,85458,0,171,0, 
47.4800,-4.2,3.2,8.7,0.6,0.9,3.2,4.7,0,85464,0,172,0, 
47.4833,-6.6,1.2,8.8,0.2,-0.1,7.5,5.9,0,85470,0,173,0, 
47.4867,-9.1,-0.4,8.3,0.1,0.3,10.8,5.5,0,85476,0,174,0, 
47.4900,-10.4,-1.6,6.2,0.0,2.1,11.2,3.7,0,85482,0,175,0, 
47.4933,-10.0,-2.1,3.2,-0.4,4.1,8.6,2.0,0,85488,0,176,0, 
47.4967,-8.5,-1.7,1.0,-0.7,4.9,5.3,1.6,0,85494,0,177,0, 
47.5000,-6.6,-0.6,0.6,-0.7,3.9,3.1,2.7,0,85500,0,178,0, 
47.5033,-5.2,0.5,1.9,-0.4,1.9,2.7,3.7,0,85506,0,179,0, 
47.5067,-4.3,0.7,3.0,-0.4,0.2,2.8,3.1,0,85512,0,180,0, 
47.5100,-4.1,-0.5,2.2,-1.1,-0.1,2.3,0.8,0,85518,0,181,0, 
47.5133,-4.3,-2.5,-0.3,-2.5,0.9,1.2,-1.7,0,85524,0,182,0, 
47.5167,-4.9,-4.1,-2.6,-3.8,2.2,0.4,-2.5,0,85530,0,183,0, 
47.5200,-5.8,-4.4,-2.7,-4.1,2.8,0.9,-1.2,0,85536,0,184,0, 
47.5233,-6.8,-3.4,-0.4,-3.1,2.1,2.4,0.9,0,85542,0,185,0, 
47.5267,-7.5,-2.0,2.2,-1.6,0.6,3.8,1.7,0,85548,0,186,0, 
47.5300,-7.6,-1.3,2.9,-0.7,-0.6,4.3,0.1,0,85554,0,187,0, 
47.5333,-6.9,-1.5,1.2,-1.0,-0.6,4.4,-2.7,0,85560,0,188,0, 
47.5367,-5.5,-1.8,-1.3,-2.0,1.0,4.8,-4.4,0,85566,0,189,0, 
47.5400,-3.7,-1.1,-1.8,-2.7,3.2,6.0,-3.8,0,85572,0,190,0, 
47.5433,-1.5,0.8,0.5,-2.4,4.6,7.0,-1.4,0,85578,0,191,0, 
47.5467,0.8,3.3,3.7,-1.2,4.0,6.0,0.7,0,85584,0,192,0, 
47.5500,2.7,5.0,5.1,0.0,1.5,2.4,0.8,0,85590,0,193,0, 
47.5533,3.9,5.1,3.1,0.3,-1.7,-2.6,-1.3,0,85596,0,194,0, 
47.5567,3.9,4.0,-0.8,-0.1,-3.8,-6.2,-3.8,0,85602,0,195,0, 
47.5600,2.8,2.6,-3.5,-0.7,-4.0,-6.2,-5.3,0,85608,0,196,0, 
47.5633,0.8,1.7,-3.1,-0.9,-3.1,-2.8,-5.2,0,85614,0,197,0, 
47.5667,-1.6,1.1,-0.4,-0.6,-2.6,1.5,-4.6,0,85620,0,198,0, 
47.5700,-3.7,0.0,1.7,-0.4,-3.8,3.7,-4.7,0,85626,0,199,0, 
47.5733,-5.1,-1.9,0.7,-0.8,-6.1,2.3,-5.6,0,85632,0,200,0, 
47.5767,-5.6,-4.1,-3.4,-1.8,-8.1,-1.4,-6.3,0,85638,0,201,0, 
47.5800,-5.1,-5.3,-7.8,-3.2,-7.9,-4.0,-5.7,0,85644,0,202,0, 
47.5833,-3.9,-4.4,-9.3,-4.3,-5.7,-2.9,-3.3,0,85650,0,203,0, 
47.5867,-2.3,-1.7,-6.8,-4.9,-2.9,2.1,-0.2,0,85656,0,204,0, 
47.5900,-0.6,1.6,-1.8,-5.2,-1.3,8.3,2.2,0,85662,0,205,0, 
47.5933,0.5,3.4,2.5,-5.5,-1.6,11.7,2.6,0,85668,0,206,0, 
47.5967,0.9,2.7,3.5,-6.2,-2.8,10.2,0.8,0,85674,0,207,0, 
47.6000,0.4,-0.1,0.8,-6.9,-3.7,4.7,-2.1,0,85680,0,208,0, 
47.6033,-0.6,-3.4,-3.9,-7.1,-3.7,-1.2,-4.9,0,85686,0,209,0, 
47.6067,-1.8,-5.4,-7.8,-6.3,-3.6,-4.0,-6.4,0,85692,0,210,0, 
47.6100,-2.6,-4.8,-8.9,-4.7,-4.1,-2.2,-6.2,0,85698,0,211,0, 
47.6133,-2.8,-2.0,-6.6,-2.8,-5.3,2.7,-4.5,0,85704,0,212,0, 
47.6167,-2.1,1.7,-2.4,-1.4,-5.4,7.6,-1.7,0,85710,0,213,0, 
47.6200,-0.4,4.8,1.6,-0.9,-3.2,10.2,1.4,0,85716,0,214,0, 
47.6233,2.2,6.2,3.9,-1.1,1.4,10.5,4.1,0,85722,0,215,0, 
47.6267,5.5,6.2,4.1,-1.6,5.9,9.8,6.3,0,85728,0,216,0, 
47.6300,8.4,5.9,3.4,-1.6,7.7,9.4,7.7,0,85734,0,217,0, 
47.6333,10.1,6.1,3.5,-1.4,5.4,9.4,8.3,0,85740,0,218,0, 
47.6367,9.5,6.6,4.9,-1.4,0.4,8.4,8.1,0,85746,0,219,0, 
47.6400,6.7,6.8,7.0,-2.3,-4.2,5.5,7.1,0,85752,0,220,0, 
47.6433,2.8,5.9,8.2,-4.0,-6.0,1.2,5.3,0,85758,0,221,0, 
47.6467,-0.7,3.6,7.8,-5.6,-5.0,-2.7,3.0,0,85764,0,222,0, 
47.6500,-2.5,0.7,5.9,-6.2,-2.9,-4.6,0.5,0,85770,0,223,0, 
47.6533,-2.3,-1.7,3.6,-5.3,-2.1,-4.4,-2.2,0,85776,0,224,0, 
47.6567,-1.0,-3.1,1.6,-3.8,-3.4,-3.6,-4.8,0,85782,0,225,0, 
47.6600,0.0,-3.4,0.0,-2.9,-5.7,-3.9,-7.0,0,85788,0,226,0, 
47.6633,-0.1,-2.8,-1.6,-3.7,-7.6,-6.0,-8.5,0,85794,0,227,0, 
47.6667,-1.2,-1.4,-2.8,-5.9,-8.2,-8.4,-8.9,0,85800,0,228,0, 
47.6700,-2.4,0.9,-2.8,-7.9,-7.7,-8.7,-8.1,0,85806,0,229,0, 
47.6733,-2.7,4.1,-0.5,-8.5,-6.8,-5.7,-6.1,0,85812,0,230,0, 
47.6767,-1.7,7.5,3.5,-7.1,-6.1,-0.6,-3.3,0,85818,0,231,0, 
47.6800,0.3,10.1,7.2,-4.9,-5.1,4.4,0.0,0,85824,0,232,0, 
47.6833,2.6,10.9,8.6,-3.3,-3.2,6.9,3.9,0,85830,0,233,0, 
47.6867,4.6,10.0,7.3,-2.9,-0.5,7.0,8.1,0,85836,0,234,0, 
47.6900,6.0,8.5,4.9,-3.1,2.1,6.5,12.3,0,85842,0,235,0, 
47.6933,6.5,7.3,4.0,-2.5,3.3,7.2,15.6,0,85848,0,236,0, 
47.6967,6.3,6.9,5.8,-0.7,2.6,9.2,17.0,0,85854,0,237,0, 
47.7000,5.4,6.5,8.9,1.6,0.5,10.6,15.8,0,85860,0,238,0, 
47.7033,4.5,5.2,10.4,2.8,-1.5,9.3,12.2,0,85866,0,239,0, 
47.7067,3.9,2.6,8.3,1.9,-1.8,5.4,7.6,0,85872,0,240,0, 
47.7100,3.9,-0.6,3.3,-0.6,0.1,1.5,3.5,0,85878,0,241,0, 
47.7133,4.4,-3.0,-1.4,-3.1,3.8,0.5,1.1,0,85884,0,242,0, 
47.7167,4.8,-3.6,-3.0,-4.0,7.4,3.4,0.9,0,85890,0,243,0, 
47.7200,4.9,-2.5,-0.9,-3.0,9.1,7.7,2.1,0,85896,0,244,0, 
47.7233,4.7,-1.0,2.5,-1.3,7.9,9.3,3.5,0,85902,0,245,0, 
47.7267,4.6,-0.3,3.9,-0.5,4.5,6.3,4.2,0,85908,0,246,0, 
47.7300,4.9,-1.0,1.7,-1.3,1.1,0.2,3.7,0,85914,0,247,0, 
47.7333,5.4,-2.8,-2.9,-3.3,-0.3,-4.6,2.4,0,85920,0,248,0, 
47.7367,5.8,-4.3,-6.4,-5.3,1.4,-4.8,1.0,0,85926,0,249,0, 
47.7400,6.0,-4.4,-6.0,-6.0,5.0,-0.6,-0.1,0,85932,0,250,0, 
47.7433,6.1,-2.8,-1.4,-5.5,7.8,4.4,-0.8,0,85938,0,251,0, 
47.7467,6.3,-0.4,4.7,-4.4,8.0,6.3,-1.3,0,85944,0,252,0, 
47.7500,6.6,1.3,8.6,-3.4,5.5,4.1,-1.8,0,85950,0,253,0, 
47.7533,6.9,1.4,8.3,-2.7,2.4,-0.1,-2.2,0,85956,0,254,0, 
47.7567,6.6,-0.1,4.5,-2.2,0.8,-2.7,-2.3,0,85962,0,255,0, 
47.7600,5.7,-1.8,0.4,-1.6,1.6,-2.2,-1.7,0,85968,0,0,0, 
47.7633,4.6,-2.3,-0.9,-0.9,3.4,0.5,-0.4,0,85974,0,1,0, 
47.7667,4.0,-0.9,1.2,-0.6,3.8,2.6,1.4,0,85980,0,2,0, 
47.7700,4.1,1.7,4.7,-1.0,2.0,2.7,3.3,0,85986,0,3,0, 
47.7733,4.4,3.9,6.5,-2.2,-1.0,1.4,5.0,0,85992,0,4,0, 
47.7767,4.2,4.6,5.0,-3.8,-2.7,0.4,6.4,0,85998,0,5,0, 
47.7800,3.2,4.1,1.5,-5.1,-1.3,0.9,7.5,0,86004,0,6,0, 
47.7833,1.9,3.6,-0.9,-5.7,2.5,2.7,8.3,0,86010,0,7,0, 
47.7867,1.7,4.5,0.0,-5.8,6.3,4.8,8.9,0,86016,0,8,0, 
47.7900,3.3,7.0,3.6,-5.6,7.8,6.2,9.0,0,86022,0,9,0, 
47.7933,6.6,9.8,6.9,-5.4,6.1,6.8,8.6,0,86028,0,10,0, 
47.7967,10.1,10.8,6.6,-5.1,2.6,6.8,7.5,0,86034,0,11,0, 
47.8000,11.9,9.0,2.1,-4.4,-0.6,6.0,5.5,0,86040,0,12,0, 
47.8033,11.0,4.9,-3.7,-3.0,-1.9,4.1,2.6,0,86046,0,13,0, 
47.8067,7.7,0.4,-6.8,-1.2,-1.4,1.0,-1.0,0,86052,0,14,0, 
47.8100,3.4,-2.2,-4.8,0.3,-0.5,-2.7,-4.8,0,86058,0,15,0, 
47.8133,0.0,-2.1,0.9,0.8,-0.4,-5.7,-8.2,0,86064,0,16,0, 
47.8167,-1.4,-0.3,6.3,0.0,-1.4,-7.0,-10.4,0,86070,0,17,0, 
47.8200,-1.3,1.2,7.9,-1.7,-2.7,-5.9,-11.3,0,86076,0,18,0, 
47.8233,-1.2,0.7,4.7,-3.4,-3.6,-2.9,-11.2,0,86082,0,19,0, 
47.8267,-2.1,-1.8,-0.9,-4.5,-3.5,0.7,-10.7,0,86088,0,20,0, 
47.8300,-4.1,-4.8,-5.5,-5.0,-2.8,3.2,-10.1,0,86094,0,21,0, 
47.8333,-6.3,-6.3,-6.8,-5.1,-2.1,3.3,-9.1,0,86100,0,22,0, 
47.8367,-6.9,-5.2,-5.1,-4.8,-2.0,0.5,-7.7,0,86106,0,23,0, 
47.8400,-5.5,-2.2,-2.3,-3.9,-2.4,-4.0,-5.7,0,86112,0,24,0, 
47.8433,-2.7,0.6,-0.3,-2.2,-3.0,-8.3,-3.9,0,86118,0,25,0, 
47.8467,-0.2,1.2,-0.1,0.0,-3.4,-10.4,-3.3,0,86124,0,26,0, 
47.8500,0.8,-1.4,-1.8,1.7,-3.4,-9.9,-4.3,0,86130,0,27,0, 
47.8533,0.0,-6.3,-4.7,1.9,-3.2,-7.7,-6.7,0,86136,0,28,0, 
47.8567,-1.4,-11.1,-7.9,0.6,-3.0,-5.9,-9.0,0,86142,0,29,0, 
47.8600,-2.3,-13.7,-10.4,-1.5,-3.1,-5.3,-10.0,0,86148,0,30,0, 
47.8633,-2.1,-13.4,-10.8,-2.9,-3.3,-5.6,-8.9,0,86154,0,31,0, 
47.8667,-1.3,-11.0,-8.5,-2.8,-3.8,-5.5,-6.6,0,86160,0,32,0, 
47.8700,-0.6,-8.1,-4.2,-1.6,-4.6,-4.6,-4.6,0,86166,0,33,0, 
47.8733,-0.4,-6.2,0.4,-0.5,-5.8,-3.9,-4.3,0,86172,0,34,0, 
47.8767,-0.9,-5.5,3.3,-0.6,-7.1,-4.9,-6.1,0,86178,0,35,0, 
47.8800,-1.7,-5.2,3.8,-2.1,-7.8,-7.9,-9.0,0,86184,0,36,0, 
47.8833,-2.9,-4.7,2.5,-3.7,-7.1,-11.4,-11.3,0,86190,0,37,0, 
47.8867,-4.4,-4.0,0.4,-4.2,-4.9,-12.8,-12.2,0,86196,0,38,0, 
47.8900,-5.9,-4.0,-2.0,-3.3,-2.0,-10.5,-11.3,0,86202,0,39,0, 
47.8933,-6.7,-5.9,-5.1,-1.5,0.3,-5.7,-9.9,0,86208,0,40,0, 
47.8967,-6.4,-9.5,-8.9,0.1,1.0,-1.8,-9.0,0,86214,0,41,0, 
47.9000,-5.2,-13.7,-12.2,0.7,0.2,-1.7,-9.4,0,86220,0,42,0, 
47.9033,-4.2,-16.3,-12.6,0.7,-0.7,-5.9,-10.5,0,86226,0,43,0, 
47.9067,-4.2,-16.2,-8.4,0.5,-0.4,-11.9,-11.4,0,86232,0,44,0, 
47.9100,-5.3,-13.5,-0.7,0.6,1.1,-15.5,-10.8,0,86238,0,45,0, 
47.9133,-6.5,-10.0,6.5,0.8,3.1,-14.4,-8.4,0,86244,0,46,0, 
47.9167,-6.1,-7.2,9.0,0.4,4.0,-8.5,-4.6,0,86250,0,47,0, 
47.9200,-3.4,-6.0,5.2,-0.5,3.4,-0.5,-0.4,0,86256,0,48,0, 
47.9233,0.6,-5.7,-2.6,-1.7,1.9,6.4,3.2,0,86262,0,49,0, 
47.9267,4.2,-5.0,-9.5,-2.3,0.8,10.2,5.8,0,86268,0,50,0, 
47.9300,5.4,-3.5,-11.8,-2.1,1.1,10.3,7.3,0,86274,0,51,0, 
47.9333,3.9,-2.0,-9.0,-1.3,2.3,7.5,8.0,0,86280,0,52,0, 
47.9367,0.7,-1.7,-3.7,-0.3,3.6,2.8,7.7,0,86286,0,53,0, 
47.9400,-2.3,-3.2,0.8,0.4,3.9,-2.3,6.2,0,86292,0,54,0, 
47.9433,-3.9,-6.1,2.7,1.0,2.9,-6.7,3.3,0,86298,0,55,0, 
47.9467,-3.8,-9.2,2.4,1.8,1.3,-9.6,-0.7,0,86304,0,56,0, 
47.9500,-2.9,-11.9,1.0,2.7,-0.4,-10.8,-5.4,0,86310,0,57,0, 
47.9533,-2.3,-14.0,-0.7,3.4,-1.8,-11.1,-9.9,0,86316,0,58,0, 
47.9567,-2.5,-16.5,-2.8,3.4,-2.6,-11.4,-13.7,0,86322,0,59,0, 
47.9600,-3.1,-19.6,-5.1,2.6,-2.7,-12.4,-16.1,0,86328,0,60,0, 
47.9633,-3.4,-22.5,-7.0,1.2,-2.1,-13.9,-16.6,0,86334,0,61,0, 
47.9667,-2.6,-23.4,-7.7,0.0,-0.7,-15.0,-15.1,0,86340,0,62,0, 
47.9700,-0.5,-20.9,-6.9,-0.8,0.9,-14.6,-11.6,0,86346,0,63,0, 
47.9733,2.3,-15.3,-5.3,-1.1,2.1,-12.6,-6.9,0,86352,0,64,0, 
47.9767,4.9,-8.2,-3.9,-1.2,2.4,-9.8,-2.4,0,86358,0,65,0, 
47.9800,6.5,-2.2,-2.8,-1.3,1.9,-7.4,0.4,0,86364,0,66,0, 
47.9833,7.0,1.1,-1.8,-1.5,1.2,-6.4,1.1,0,86370,0,67,0, 
47.9867,6.9,1.7,-0.4,-1.5,0.5,-7.0,0.2,0,86376,0,68,0, 
47.9900,6.9,0.8,1.6,-1.3,0.0,-7.9,-0.5,0,86382,0,69,0, 
47.9933,7.3,0.1,3.4,-0.9,-0.4,-7.5,0.6,0,86388,0,70,0, 
47.9967,7.8,0.5,4.6,-0.3,-0.4,-4.5,3.8,0,86394,0,71,0, 
48.0000,7.4,1.5,5.3,0.5,0.4,0.5,7.7,0,86400,0,72,0, 
48.0033,5.7,1.9,5.8,1.5,2.4,5.3,10.1,0,86406,0,73,0, 
48.0067,3.0,0.6,6.3,2.6,4.8,6.9,9.1,0,86412,0,74,0, 
48.0100,0.4,-2.7,6.0,3.6,6.4,4.0,4.7,0,86418,0,75,0, 
48.0133,-1.2,-7.4,4.1,4.2,6.2,-1.7,-1.1,0,86424,0,76,0, 
48.0167,-1.3,-12.1,0.4,4.1,4.3,-6.1,-6.0,0,86430,0,77,0, 
48.0200,-0.5,-15.7,-4.3,3.0,2.2,-5.4,-8.4,0,86436,0,78,0, 
48.0233,0.6,-17.5,-8.4,0.9,1.6,0.8,-8.4,0,86442,0,79,0, 
48.0267,1.5,-17.5,-10.6,-1.7,3.2,9.0,-7.4,0,86448,0,80,0, 
48.0300,2.3,-15.6,-10.4,-4.6,5.9,14.2,-6.8,0,86454,0,81,0, 
48.0333,3.1,-12.4,-7.9,-7.1,8.0,13.5,-6.9,0,86460,0,82,0, 
48.0367,3.8,-8.4,-3.6,-8.9,7.8,7.9,-7.3,0,86466,0,83,0, 
48.0400,3.7,-4.5,1.8,-9.4,5.5,1.5,-7.5,0,86472,0,84,0, 
48.0433,2.2,-2.1,6.5,-8.7,2.5,-1.9,-7.3,0,86478,0,85,0, 
48.0467,-0.6,-1.7,8.3,-7.1,0.9,-1.5,-7.2,0,86484,0,86,0, 
48.0500,-4.1,-3.4,5.5,-5.2,1.5,0.8,-7.4,0,86490,0,87,0, 
48.0533,-7.3,-6.2,-1.2,-3.2,3.6,2.0,-7.7,0,86496,0,88,0, 
48.0567,-9.8,-8.9,-8.6,-1.3,5.6,0.9,-7.8,0,86502,0,89,0, 
48.0600,-11.8,-10.8,-12.7,0.5,5.9,-2.2,-7.8,0,86508,0,90,0, 
48.0633,-13.8,-12.1,-11.7,2.2,4.3,-5.8,-8.3,0,86514,0,91,0, 
48.0667,-16.0,-13.4,-7.1,3.5,1.5,-8.9,-10.0,0,86520,0,92,0, 
48.0700,-17.7,-15.0,-3.5,3.8,-0.9,-10.9,-12.7,0,86526,0,93,0, 
48.0733,-17.6,-16.3,-4.5,3.0,-2.1,-11.4,-14.9,0,86532,0,94,0, 
48.0767,-15.1,-16.4,-10.3,1.3,-1.9,-10.3,-14.6,0,86538,0,95,0, 
48.0800,-10.3,-14.7,-17.4,-0.9,-0.8,-7.8,-11.3,0,86544,0,96,0, 
48.0833,-4.5,-11.9,-20.7,-2.7,0.3,-5.1,-6.5,0,86550,0,97,0, 
48.0867,0.9,-9.0,-17.9,-3.8,1.2,-3.2,-2.6,0,86556,0,98,0, 
48.0900,5.0,-7.3,-10.7,-4.3,2.1,-2.6,-1.0,0,86562,0,99,0, 
48.0933,7.9,-6.9,-3.5,-4.7,3.4,-2.0,-1.2,0,86568,0,100,0, 
48.0967,10.6,-7.1,-0.8,-5.3,5.2,-0.1,-1.3,0,86574,0,101,0, 
48.1000,13.9,-7.1,-3.2,-6.6,6.9,3.1,0.4,0,86580,0,102,0, 
48.1033,17.7,-6.7,-8.3,-8.3,7.8,5.5,3.1,0,86586,0,103,0, 
48.1067,20.8,-6.5,-12.1,-10.1,7.4,5.1,4.9,0,86592,0,104,0, 
48.1100,21.7,-7.6,-12.4,-11.3,5.9,1.9,4.1,0,86598,0,105,0, 
48.1133,19.1,-9.7,-10.0,-11.3,4.3,-0.6,0.9,0,86604,0,106,0, 
48.1167,13.5,-12.1,-7.4,-10.2,3.7,1.6,-2.2,0,86610,0,107,0, 
48.1200,6.3,-13.2,-6.7,-8.2,4.4,9.3,-2.9,0,86616,0,108,0, 
48.1233,-0.2,-12.4,-7.7,-5.7,5.6,18.1,-1.2,0,86622,0,109,0, 
48.1267,-4.5,-10.3,-8.7,-3.2,6.3,21.0,0.4,0,86628,0,110,0, 
48.1300,-6.0,-8.0,-7.8,-0.9,5.8,14.0,-0.6,0,86634,0,111,0, 
48.1333,-5.5,-6.6,-5.0,0.9,4.2,-0.5,-4.6,0,86640,0,112,0, 
48.1367,-4.2,-6.0,-1.8,2.0,2.3,-14.5,-9.1,0,86646,0,113,0, 
48.1400,-3.0,-5.4,0.1,2.2,1.2,-20.1,-10.6,0,86652,0,114,0, 
48.1433,-2.1,-3.9,0.1,1.6,1.4,-15.8,-7.6,0,86658,0,115,0, 
48.1467,-1.0,-1.3,-0.6,0.5,2.5,-6.5,-1.7,0,86664,0,116,0, 
48.1500,0.3,1.9,-0.8,-0.4,3.8,0.6,3.6,0,86670,0,117,0, 
48.1533,1.8,4.7,0.3,-0.9,4.9,1.8,6.1,0,86676,0,118,0, 
48.1567,2.9,6.5,1.7,-1.1,5.5,-0.1,6.4,0,86682,0,119,0, 
48.1600,3.0,7.0,2.0,-1.4,5.6,0.1,7.0,0,86688,0,120,0, 
48.1633,2.0,6.3,1.0,-2.1,5.3,4.7,9.5,0,86694,0,121,0, 
48.1667,0.5,4.5,-0.4,-3.0,4.3,10.8,12.5,0,86700,0,122,0, 
48.1700,-1.1,1.6,-0.7,-3.6,2.8,12.4,13.4,0,86706,0,123,0, 
48.1733,-2.6,-1.8,0.4,-3.3,1.2,6.7,10.0,0,86712,0,124,0, 
48.1767,-4.1,-5.2,1.5,-2.4,0.3,-2.8,3.5,0,86718,0,125,0, 
48.1800,-6.1,-7.7,1.1,-1.6,0.6,-8.8,-2.5,0,86724,0,126,0, 
48.1833,-8.6,-9.2,-1.4,-1.6,1.9,-5.8,-4.9,0,86730,0,127,0, 
48.1867,-11.4,-10.3,-4.7,-2.5,3.3,4.4,-3.6,0,86736,0,128,0, 
48.1900,-13.5,-12.0,-6.8,-3.7,3.4,13.6,-1.8,0,86742,0,129,0, 
48.1933,-14.2,-15.0,-7.0,-4.5,2.0,13.1,-3.1,0,86748,0,130,0, 
48.1967,-13.3,-19.0,-6.3,-4.7,-0.6,0.6,-8.6,0,86754,0,131,0, 
48.2000,-11.2,-23.2,-6.8,-4.7,-3.0,-17.3,-15.4,0,86760,0,132,0, 
48.2033,-8.6,-26.1,-9.8,-5.3,-3.8,-29.6,-19.0,0,86766,0,133,0, 
48.2067,-5.6,-26.8,-14.6,-7.0,-2.4,-28.6,-16.8,0,86772,0,134,0, 
48.2100,-2.0,-24.9,-18.7,-9.5,0.7,-15.4,-9.8,0,86778,0,135,0, 
48.2133,2.5,-20.8,-19.9,-11.9,4.4,1.6,-1.7,0,86784,0,136,0, 
48.2167,7.6,-15.6,-17.5,-13.3,7.5,12.8,3.9,0,86790,0,137,0, 
48.2200,12.1,-10.6,-12.4,-13.5,8.9,13.8,5.7,0,86796,0,138,0, 
48.2233,14.2,-7.0,-7.0,-12.8,8.7,7.6,5.0,0,86802,0,139,0, 
48.2267,13.1,-5.6,-3.4,-12.0,7.2,1.5,4.1,0,86808,0,140,0, 
48.2300,9.2,-6.4,-3.1,-11.5,5.2,1.2,4.4,0,86814,0,141,0, 
48.2333,4.2,-8.5,-6.3,-11.5,3.6,6.6,5.7,0,86820,0,142,0, 
48.2367,0.2,-10.6,-11.4,-11.4,2.9,13.0,6.9,0,86826,0,143,0, 
48.2400,-1.8,-11.2,-15.5,-10.4,3.2,15.5,7.5,0,86832,0,144,0, 
48.2433,-2.2,-9.7,-15.5,-8.0,4.2,12.6,7.9,0,86838,0,145,0, 
48.2467,-2.2,-6.5,-10.2,-4.2,5.0,7.3,8.9,0,86844,0,146,0, 
48.2500,-2.8,-2.5,-1.4,0.0,4.7,4.0,11.1,0,86850,0,147,0, 
48.2533,-3.6,1.1,6.5,3.2,2.8,5.1,13.8,0,86856,0,148,0, 
48.2567,-3.8,3.4,9.0,4.5,-0.2,8.7,15.9,0,86862,0,149,0, 
48.2600,-2.5,4.3,4.7,3.7,-3.5,10.6,15.8,0,86868,0,150,0, 
48.2633,0.7,4.0,-3.7,1.4,-5.5,8.0,13.2,0,86874,0,151,0, 
48.2667,5.1,3.4,-10.9,-1.0,-5.8,1.7,8.7,0,86880,0,152,0, 
48.2700,9.5,3.3,-12.8,-2.7,-4.5,-4.1,4.1,0,86886,0,153,0, 
48.2733,13.4,4.1,-8.8,-3.9,-2.4,-5.4,0.8,0,86892,0,154,0, 
48.2767,16.5,5.5,-1.9,-5.3,-0.6,-1.7,-0.5,0,86898,0,155,0, 
48.2800,18.8,6.5,3.8,-7.4,0.4,4.0,-0.5,0,86904,0,156,0, 
48.2833,20.2,6.2,5.7,-10.2,0.6,7.1,-1.0,0,86910,0,157,0, 
48.2867,20.4,3.7,4.3,-12.8,0.3,5.3,-3.0,0,86916,0,158,0, 
48.2900,19.6,-0.3,1.2,-14.3,-0.1,0.2,-6.4,0,86922,0,159,0, 
48.2933,18.1,-4.8,-1.9,-14.5,-0.6,-4.4,-9.5,0,86928,0,160,0, 
48.2967,16.3,-8.3,-4.7,-13.8,-0.7,-5.6,-10.5,0,86934,0,161,0, 
48.3000,14.7,-10.1,-7.5,-13.1,-0.1,-3.6,-8.6,0,86940,0,162,0, 
48.3033,13.0,-10.3,-10.4,-13.0,1.3,-1.0,-4.3,0,86946,0,163,0, 
48.3067,11.0,-9.5,-12.6,-12.9,3.2,-0.4,0.5,0,86952,0,164,0, 
48.3100,8.5,-8.2,-13.2,-12.2,4.6,-1.3,4.3,0,86958,0,165,0, 
48.3133,6.1,-7.1,-12.5,-10.3,4.7,-1.7,6.5,0,86964,0,166,0, 
48.3167,4.4,-6.3,-11.6,-7.2,3.6,0.5,7.5,0,86970,0,167,0, 
48.3200,3.5,-6.4,-12.2,-3.5,2.0,4.5,7.7,0,86976,0,168,0, 
48.3233,3.3,-7.8,-14.9,-0.3,0.9,7.7,7.3,0,86982,0,169,0, 
48.3267,2.7,-10.4,-18.8,2.1,0.7,7.8,6.4,0,86988,0,170,0, 
48.3300,1.4,-13.2,-21.8,3.5,0.7,5.3,5.2,0,86994,0,171,0, 
48.3333,-0.6,-14.9,-22.0,4.0,0.0,3.2,4.1,0,87000,0,172,0, 
48.3367,-2.5,-14.4,-18.9,3.8,-1.6,4.2,3.7,0,87006,0,173,0, 
48.3400,-3.5,-12.0,-13.6,2.9,-3.3,8.3,3.8,0,87012,0,174,0, 
48.3433,-3.6,-8.9,-8.4,1.5,-4.1,12.7,3.8,0,87018,0,175,0, 
48.3467,-3.2,-6.6,-5.5,0.1,-3.4,14.0,3.0,0,87024,0,176,0, 
48.3500,-3.1,-5.6,-5.5,-1.0,-1.8,11.1,1.8,0,87030,0,177,0, 
48.3533,-3.4,-5.2,-6.8,-1.3,-0.4,6.4,0.8,0,87036,0,178,0, 
48.3567,-3.6,-4.0,-6.9,-1.1,0.2,3.2,0.9,0,87042,0,179,0, 
48.3600,-2.8,-1.1,-3.5,-0.7,0.4,3.4,1.6,0,87048,0,180,0, 
48.3633,-0.8,3.0,3.2,-0.4,1.1,6.0,1.5,0,87054,0,181,0, 
48.3667,2.0,6.7,10.9,-0.1,2.7,7.9,-0.9,0,87060,0,182,0, 
48.3700,4.1,8.5,15.9,0.4,4.5,7.1,-6.0,0,87066,0,183,0, 
48.3733,4.3,7.9,16.1,1.3,5.4,4.1,-12.4,0,87072,0,184,0, 
48.3767,2.2,5.8,12.1,2.1,4.6,0.7,-18.0,0,87078,0,185,0, 
48.3800,-1.5,3.6,6.6,2.2,2.2,-1.8,-21.0,0,87084,0,186,0, 
48.3833,-5.3,2.2,2.5,0.9,-0.9,-4.1,-21.4,0,87090,0,187,0, 
48.3867,-8.1,1.7,1.1,-1.7,-3.9,-8.0,-19.8,0,87096,0,188,0, 
48.3900,-9.2,1.6,1.4,-4.6,-6.2,-14.0,-17.2,0,87102,0,189,0, 
48.3933,-8.9,1.7,1.6,-6.7,-7.9,-19.8,-13.7,0,87108,0,190,0, 
48.3967,-8.2,2.5,0.8,-7.1,-8.8,-21.6,-8.6,0,87114,0,191,0, 
48.4000,-7.8,4.6,-0.2,-5.9,-8.5,-16.8,-1.5,0,87120,0,192,0, 
48.4033,-7.9,8.0,0.0,-4.1,-7.1,-6.8,6.8,0,87126,0,193,0, 
48.4067,-7.8,11.8,2.0,-2.6,-5.1,3.2,14.5,0,87132,0,194,0, 
48.4100,-7.1,14.3,4.7,-2.0,-3.4,8.1,19.5,0,87138,0,195,0, 
48.4133,-5.4,14.7,6.6,-2.1,-2.3,6.4,20.6,0,87144,0,196,0, 
48.4167,-3.5,13.2,6.5,-2.4,-1.5,1.8,18.1,0,87150,0,197,0, 
48.4200,-2.3,11.0,5.2,-2.5,-0.5,0.0,13.7,0,87156,0,198,0, 
48.4233,-2.7,9.5,4.1,-2.2,1.0,4.4,9.2,0,87162,0,199,0, 
48.4267,-4.6,9.0,4.5,-1.7,2.5,12.4,5.6,0,87168,0,200,0, 
48.4300,-7.2,8.9,6.1,-1.3,3.0,18.0,3.0,0,87174,0,201,0, 
48.4333,-9.0,8.1,7.3,-1.2,2.0,16.2,0.7,0,87180,0,202,0, 
48.4367,-9.3,6.2,6.6,-1.7,0.1,7.1,-1.9,0,87186,0,203,0, 
48.4400,-8.3,3.7,4.0,-2.3,-1.7,-3.4,-4.9,0,87192,0,204,0, 
48.4433,-7.2,1.7,1.3,-2.7,-2.3,-8.8,-8.1,0,87198,0,205,0, 
48.4467,-7.3,1.2,0.9,-2.1,-1.9,-6.6,-11.1,0,87204,0,206,0, 
48.4500,-8.7,2.1,4.3,-0.3,-1.5,-0.1,-13.4,0,87210,0,207,0, 
48.4533,-10.6,3.7,10.7,2.5,-2.0,4.2,-15.0,0,87216,0,208,0, 
48.4567,-11.8,4.8,17.1,5.4,-3.8,2.3,-16.3,0,87222,0,209,0, 
48.4600,-11.8,4.7,19.9,7.6,-6.2,-4.5,-17.4,0,87228,0,210,0, 
48.4633,-11.3,3.3,17.5,8.5,-8.1,-10.4,-18.5,0,87234,0,211,0, 
48.4667,-11.4,1.2,11.2,8.2,-8.4,-10.6,-19.4,0,87240,0,212,0, 
48.4700,-12.7,-0.6,4.6,7.2,-6.9,-5.2,-19.8,0,87246,0,213,0, 
48.4733,-14.4,-1.1,1.2,6.3,-4.4,1.3,-19.0,0,87252,0,214,0, 
48.4767,-15.0,0.4,2.7,5.6,-1.8,3.6,-16.8,0,87258,0,215,0, 
48.4800,-13.0,3.9,7.7,5.1,-0.4,0.6,-12.9,0,87264,0,216,0, 
48.4833,-8.2,8.7,13.0,4.4,-0.1,-4.0,-7.8,0,87270,0,217,0, 
48.4867,-2.4,13.2,15.7,3.3,-0.5,-4.6,-1.9,0,87276,0,218,0, 
48.4900,2.2,15.7,14.8,2.1,-0.4,1.2,3.7,0,87282,0,219,0, 
48.4933,3.9,15.2,11.3,1.2,1.1,10.5,8.1,0,87288,0,220,0, 
48.4967,2.4,11.8,7.1,0.8,3.6,17.0,10.4,0,87294,0,221,0, 
48.5000,-1.1,6.6,3.6,0.7,5.7,16.5,10.5,0,87300,0,222,0, 
48.5033,-4.8,1.0,1.2,0.7,5.9,9.9,9.2,0,87306,0,223,0, 
48.5067,-7.8,-4.0,-0.4,0.3,3.5,2.6,7.5,0,87312,0,224,0, 
48.5100,-10.1,-8.4,-1.9,-0.4,-0.5,0.2,6.4,0,87318,0,225,0, 
48.5133,-12.2,-12.8,-3.7,-1.2,-4.0,3.9,6.0,0,87324,0,226,0, 
48.5167,-14.1,-17.7,-5.8,-1.3,-5.7,9.7,5.5,0,87330,0,227,0, 
48.5200,-15.4,-22.5,-8.1,-0.5,-5.4,11.8,4.0,0,87336,0,228,0, 
48.5233,-15.6,-25.9,-10.3,0.9,-4.6,6.8,0.8,0,87342,0,229,0, 
48.5267,-14.4,-26.5,-11.4,2.4,-4.6,-2.8,-3.5,0,87348,0,230,0, 
48.5300,-12.2,-23.8,-10.7,3.6,-5.7,-11.1,-7.4,0,87354,0,231,0, 
48.5333,-10.0,-18.3,-7.8,4.4,-6.9,-13.1,-9.9,0,87360,0,232,0, 
48.5367,-8.5,-11.3,-3.0,5.2,-6.7,-8.3,-10.6,0,87366,0,233,0, 
48.5400,-7.7,-4.1,2.3,6.5,-4.9,-1.5,-10.3,0,87372,0,234,0, 
48.5433,-7.2,2.6,6.8,8.2,-2.6,1.5,-10.0,0,87378,0,235,0, 
48.5467,-6.5,8.7,10.0,10.0,-1.4,-2.4,-10.0,0,87384,0,236,0, 
48.5500,-5.6,14.0,12.1,11.4,-2.3,-10.9,-10.2,0,87390,0,237,0, 
48.5533,-5.2,17.7,13.6,11.9,-4.8,-18.6,-9.9,0,87396,0,238,0, 
48.5567,-5.8,19.2,14.4,11.9,-7.6,-20.5,-8.8,0,87402,0,239,0, 
48.5600,-7.1,18.0,13.9,11.7,-9.4,-15.7,-7.2,0,87408,0,240,0, 
48.5633,-8.7,14.9,11.2,11.9,-9.9,-7.3,-5.3,0,87414,0,241,0, 
48.5667,-9.6,11.6,7.0,12.5,-9.4,0.0,-3.1,0,87420,0,242,0, 
48.5700,-9.5,10.1,3.2,13.5,-8.6,3.3,0.0,0,87426,0,243,0, 
48.5733,-8.5,11.2,2.0,14.2,-7.5,2.4,4.4,0,87432,0,244,1, sound 
48.5767,-7.0,14.2,4.4,14.4,-5.7,-0.3,9.9,0,87438,0,245,0, 
48.5800,-5.3,17.2,8.9,13.8,-3.1,-1.9,15.4,0,87444,0,246,0, 
48.5833,-3.2,18.5,12.5,12.4,0.0,-0.5,19.8,0,87450,0,247,0, 
48.5867,-0.6,17.9,12.5,10.6,2.9,3.8,22.6,0,87456,0,248,0, 
48.5900,2.4,16.2,8.9,9.0,5.0,9.8,24.2,0,87462,0,249,0, 
48.5933,5.3,15.2,4.6,8.0,6.2,15.7,25.1,0,87468,0,250,0, 
48.5967,7.4,15.7,3.1,8.0,6.7,19.2,25.5,0,87474,0,251,0, 
48.6000,8.6,17.1,6.2,8.7,6.6,19.1,24.7,0,87480,0,252,0, 
48.6033,9.4,18.3,12.2,9.9,5.7,15.0,22.3,0,87486,0,253,0, 
48.6067,10.2,18.5,17.5,11.0,3.9,8.4,18.6,0,87492,0,254,0, 
48.6100,11.1,17.8,18.6,11.8,1.3,1.9,14.5,0,87498,0,255,0, 
48.6133,11.5,17.5,15.7,12.4,-1.4,-2.5,11.2,0,87504,0,0,0, 
48.6167,10.5,18.3,11.5,12.9,-3.4,-4.0,8.9,0,87510,0,1,0, 
48.6200,7.5,20.0,9.8,13.5,-4.4,-4.1,6.5,0,87516,0,2,0, 
48.6233,2.9,21.4,12.0,14.1,-4.8,-4.9,2.8,0,87522,0,3,0, 
48.6267,-2.4,21.1,16.3,14.4,-4.9,-8.1,-2.7,0,87528,0,4,0, 
48.6300,-7.6,19.2,19.6,14.0,-5.1,-13.3,-9.2,0,87534,0,5,0, 
48.6333,-12.1,16.8,19.5,13.0,-5.2,-18.6,-14.8,0,87540,0,6,0, 
48.6367,-15.8,15.7,16.8,11.4,-4.9,-21.9,-17.9,0,87546,0,7,0, 
48.6400,-18.8,16.6,13.7,9.6,-4.0,-22.3,-18.0,0,87552,0,8,0, 
48.6433,-21.0,18.8,12.4,8.2,-3.0,-20.6,-15.8,0,87558,0,9,0, 
48.6467,-22.0,20.7,13.0,7.6,-2.1,-18.4,-12.2,0,87564,0,10,0, 
48.6500,-21.4,21.2,14.0,8.0,-1.5,-16.8,-7.9,0,87570,0,11,0, 
48.6533,-19.1,20.5,13.9,8.9,-1.1,-16.0,-3.3,0,87576,0,12,0, 
48.6567,-15.4,19.8,12.6,9.7,-0.9,-15.0,1.4,0,87582,0,13,0, 
48.6600,-10.9,20.5,11.4,9.6,-1.2,-12.5,5.8,0,87588,0,14,0, 
48.6633,-6.2,22.5,11.4,8.5,-2.4,-8.2,9.9,0,87594,0,15,0, 
48.6667,-1.7,24.9,12.9,6.9,-4.4,-2.7,13.7,0,87600,0,16,0, 
48.6700,2.2,26.3,14.8,5.8,-6.5,2.8,17.4,0,87606,0,17,0, 
48.6733,5.0,26.1,15.8,5.6,-7.4,6.7,21.2,0,87612,0,18,0, 
48.6767,6.4,24.7,15.6,6.3,-6.5,8.2,24.7,0,87618,0,19,0, 
48.6800,6.3,23.3,14.6,6.8,-4.1,7.2,27.0,0,87624,0,20,0, 
48.6833,5.0,22.6,13.5,6.6,-1.4,4.8,27.5,0,87630,0,21,0, 
48.6867,3.2,22.5,12.7,5.4,0.4,2.1,25.9,0,87636,0,22,0, 
48.6900,1.8,22.5,11.8,3.9,1.1,0.2,22.9,0,87642,0,23,0, 
48.6933,1.1,21.9,10.7,3.1,1.0,-0.7,19.1,0,87648,0,24,0, 
48.6967,1.1,20.4,9.4,3.3,1.0,-1.3,15.2,0,87654,0,25,0, 
48.7000,1.2,18.2,8.3,4.2,0.9,-2.2,11.4,0,87660,0,26,0, 
48.7033,0.9,16.0,7.7,4.8,0.2,-3.8,7.9,0,87666,0,27,0, 
48.7067,-0.4,14.2,7.3,4.7,-2.0,-5.4,5.1,0,87672,0,28,0, 
48.7100,-2.1,13.2,6.7,4.0,-5.5,-6.5,3.4,0,87678,0,29,0, 
48.7133,-3.8,13.2,5.9,3.4,-9.0,-6.9,3.0,0,87684,0,30,0, 
48.7167,-4.7,14.2,5.2,3.3,-10.9,-7.0,3.5,0,87690,0,31,0, 
48.7200,-4.7,15.9,5.1,3.9,-9.8,-6.8,4.8,0,87696,0,32,0, 
48.7233,-4.3,17.7,5.9,4.4,-6.2,-5.7,6.4,0,87702,0,33,0, 
48.7267,-3.9,19.3,7.3,4.3,-1.7,-2.8,8.5,0,87708,0,34,0, 
48.7300,-3.6,20.3,8.9,3.7,1.8,1.9,11.0,0,87714,0,35,0, 
48.7333,-3.1,20.6,10.6,3.1,3.4,7.1,13.5,0,87720,0,36,0, 
48.7367,-1.9,20.5,12.6,3.0,3.8,10.4,15.3,0,87726,0,37,0, 
48.7400,-0.1,20.4,15.1,3.5,4.3,10.4,15.9,0,87732,0,38,0, 
48.7433,1.8,20.2,17.7,4.2,6.1,7.9,15.3,0,87738,0,39,0, 
48.7467,2.5,19.6,19.1,4.3,8.8,5.8,14.5,0,87744,0,40,0, 
48.7500,1.5,18.2,17.7,3.6,10.9,6.7,14.2,0,87750,0,41,0, 
48.7533,-1.0,15.6,12.6,2.2,11.0,11.3,14.5,0,87756,0,42,0, 
48.7567,-3.7,12.2,5.3,0.6,8.8,17.0,14.7,0,87762,0,43,0, 
48.7600,-5.5,9.1,-1.4,-0.7,5.6,20.6,14.1,0,87768,0,44,0, 
48.7633,-5.9,7.7,-4.0,-1.5,3.0,19.8,12.7,0,87774,0,45,0, 
48.7667,-5.1,8.7,-0.7,-1.9,2.0,15.1,11.7,0,87780,0,46,0, 
48.7700,-4.0,11.9,6.6,-1.8,2.4,9.5,12.6,0,87786,0,47,0, 
48.7733,-3.1,15.6,13.9,-1.6,3.3,5.8,15.7,0,87792,0,48,0, 
48.7767,-2.5,18.4,16.8,-1.1,4.1,5.8,20.2,0,87798,0,49,0, 
48.7800,-1.8,19.7,13.9,-0.5,4.9,9.2,24.5,0,87804,0,50,0, 
48.7833,-0.8,20.0,7.9,0.2,6.5,14.9,27.2,0,87810,0,51,0, 
48.7867,0.8,20.7,3.4,0.8,9.2,21.2,28.0,0,87816,0,52,0, 
48.7900,2.9,22.2,3.6,1.3,12.2,26.1,27.6,0,87822,0,53,0, 
48.7933,5.2,23.7,7.9,1.8,14.1,28.1,26.5,0,87828,0,54,0, 
48.7967,7.4,23.7,12.6,2.5,14.0,26.6,25.0,0,87834,0,55,0, 
48.8000,8.8,21.1,14.4,3.3,12.2,22.0,23.0,0,87840,0,56,0, 
48.8033,8.6,16.7,12.8,4.5,9.9,16.0,20.4,0,87846,0,57,0, 
48.8067,6.5,12.6,10.5,6.0,8.3,10.8,17.5,0,87852,0,58,0, 
48.8100,3.0,10.8,10.7,7.6,7.5,7.4,15.0,0,87858,0,59,0, 
48.8133,-0.7,11.6,13.6,8.7,7.2,5.8,13.2,0,87864,0,60,0, 
48.8167,-3.1,13.5,16.4,8.6,6.6,5.2,12.4,0,87870,0,61,0, 
48.8200,-3.4,14.4,15.6,7.1,5.9,5.1,12.5,0,87876,0,62,0, 
48.8233,-1.9,13.3,10.7,4.6,5.5,5.6,13.3,0,87882,0,63,0, 
48.8267,0.4,11.0,5.0,1.7,5.8,6.5,14.7,0,87888,0,64,0, 
48.8300,2.8,9.5,2.5,-0.5,6.8,7.3,16.6,0,87894,0,65,0, 
48.8333,4.9,10.0,4.9,-1.8,7.8,7.9,18.5,0,87900,0,66,0, 
48.8367,7.2,12.3,9.6,-2.2,8.5,8.8,20.3,0,87906,0,67,0, 
48.8400,10.0,14.8,12.1,-2.2,9.3,11.8,22.0,0,87912,0,68,0, 
48.8433,13.2,16.0,10.2,-2.2,10.8,18.0,23.9,0,87918,0,69,0, 
48.8467,15.8,15.8,5.8,-1.9,13.4,26.4,25.7,0,87924,0,70,0, 
48.8500,17.1,15.1,3.4,-1.3,16.2,33.1,26.7,0,87930,0,71,0, 
48.8533,16.6,14.7,6.3,-0.4,18.0,34.1,26.0,0,87936,0,72,0, 
48.8567,14.9,15.1,13.2,0.8,17.5,28.0,23.5,0,87942,0,73,0, 
48.8600,12.7,15.9,19.5,1.9,15.0,17.9,20.0,0,87948,0,74,0, 
48.8633,10.6,16.5,20.7,2.6,11.7,9.1,17.1,0,87954,0,75,0, 
48.8667,8.8,16.8,16.1,3.0,9.0,5.7,15.8,0,87960,0,76,0, 
48.8700,7.2,17.1,9.2,3.4,7.7,7.5,15.8,0,87966,0,77,0, 
48.8733,5.5,17.6,4.3,4.0,7.1,10.6,15.4,0,87972,0,78,0, 
48.8767,3.6,17.9,4.2,4.8,6.2,10.9,13.2,0,87978,0,79,0, 
48.8800,1.7,17.3,7.7,5.7,4.5,7.5,8.9,0,87984,0,80,0, 
48.8833,-0.1,15.2,11.6,6.5,2.3,2.9,4.4,0,87990,0,81,0, 
48.8867,-1.3,12.0,13.2,7.0,0.7,0.7,2.1,0,87996,0,82,0, 
48.8900,-1.7,8.9,12.0,6.8,0.0,2.1,3.2,0,88002,0,83,0, 
48.8933,-1.3,7.3,9.2,5.9,0.1,5.0,7.1,0,88008,0,84,0, 
48.8967,-0.2,7.9,6.9,4.7,0.0,6.1,11.6,0,88014,0,85,0, 
48.9000,1.4,10.3,6.1,3.6,-0.5,4.1,14.5,0,88020,0,86,0, 
48.9033,2.9,13.5,6.8,3.3,-1.0,0.7,15.1,0,88026,0,87,0, 
48.9067,3.8,16.2,8.0,3.9,-0.3,-0.8,14.3,0,88032,0,88,0, 
48.9100,3.7,17.4,8.8,4.8,2.6,1.9,13.4,0,88038,0,89,0, 
48.9133,2.7,16.9,8.7,5.3,7.1,7.6,13.1,0,88044,0,90,0, 
48.9167,1.7,15.1,7.6,4.8,11.5,12.6,13.1,0,88050,0,91,0, 
48.9200,1.4,13.0,6.0,3.6,13.6,13.0,12.5,0,88056,0,92,0, 
48.9233,2.0,10.8,4.3,2.7,12.4,7.5,10.5,0,88062,0,93,0, 
48.9267,3.2,8.5,2.9,2.7,8.4,-2.0,7.0,0,88068,0,94,0, 
48.9300,3.8,6.0,1.7,3.5,3.6,-11.6,2.7,0,88074,0,95,0, 
48.9333,3.2,3.4,1.0,4.3,-0.1,-17.3,-1.3,0,88080,0,96,0, 
48.9367,1.3,1.3,1.0,4.3,-2.1,-17.6,-3.8,0,88086,0,97,0, 
48.9400,-0.5,0.2,2.0,3.2,-3.2,-14.2,-4.3,0,88092,0,98,0, 
48.9433,-0.7,0.2,3.9,1.7,-4.3,-10.0,-3.5,0,88098,0,99,0, 
48.9467,1.0,0.5,6.0,0.6,-5.8,-8.2,-2.6,0,88104,0,100,0, 
48.9500,3.6,-0.3,7.1,0.5,-6.9,-9.6,-3.1,0,88110,0,101,0, 
48.9533,5.2,-3.1,6.2,1.0,-7.0,-13.1,-5.8,0,88116,0,102,0, 
48.9567,4.2,-7.6,3.5,1.5,-5.9,-16.3,-10.2,0,88122,0,103,0, 
48.9600,0.7,-12.2,0.1,1.5,-4.6,-17.5,-14.8,0,88128,0,104,0, 
48.9633,-3.4,-15.4,-2.3,1.1,-4.6,-16.9,-18.0,0,88134,0,105,0, 
48.9667,-6.3,-16.4,-3.2,0.7,-6.5,-16.1,-19.2,0,88140,0,106,0, 
48.9700,-6.7,-15.7,-3.0,0.6,-10.0,-16.6,-19.0,0,88146,0,107,0, 
48.9733,-5.3,-14.4,-2.9,0.9,-13.8,-18.5,-18.4,0,88152,0,108,0, 
48.9767,-3.5,-12.9,-3.5,1.1,-16.3,-20.1,-17.9,0,88158,0,109,0, 
48.9800,-2.7,-11.5,-4.1,0.9,-16.7,-18.8,-16.9,0,88164,0,110,0, 
48.9833,-3.3,-9.7,-3.9,0.4,-14.6,-13.5,-14.6,0,88170,0,111,0, 
48.9867,-4.5,-7.4,-2.5,-0.1,-10.9,-5.7,-11.0,0,88176,0,112,0, 
48.9900,-5.4,-5.0,-0.6,-0.2,-6.5,1.1,-7.0,0,88182,0,113,0, 
48.9933,-5.4,-2.7,0.9,0.2,-3.0,3.7,-4.0,0,88188,0,114,0, 
48.9967,-4.6,-0.4,1.4,0.5,-1.2,1.3,-3.1,0,88194,0,115,0, 
49.0000,-3.6,2.2,1.7,0.4,-1.3,-3.7,-3.6,0,88200,0,116,0, 
49.0033,-2.8,4.8,2.7,-0.3,-2.6,-7.3,-4.3,0,88206,0,117,0, 
49.0067,-2.7,6.9,4.4,-1.1,-3.6,-6.6,-3.9,0,88212,0,118,0, 
49.0100,-3.0,7.3,6.0,-1.4,-3.6,-2.3,-2.5,0,88218,0,119,0, 
49.0133,-3.4,5.9,5.9,-1.0,-2.6,2.6,-1.1,0,88224,0,120,0, 
49.0167,-3.6,3.3,3.8,-0.4,-1.6,4.7,-1.0,0,88230,0,121,0, 
49.0200,-3.1,0.9,0.3,-0.8,-1.5,2.8,-2.7,0,88236,0,122,0, 
49.0233,-2.1,-0.4,-3.2,-2.7,-2.4,-1.2,-5.2,0,88242,0,123,0, 
49.0267,-1.1,-0.9,-5.6,-6.0,-3.3,-3.8,-7.3,0,88248,0,124,0, 
49.0300,-0.7,-1.5,-7.0,-9.5,-2.9,-2.6,-7.8,0,88254,0,125,0, 
49.0333,-1.5,-2.8,-7.8,-11.5,-0.9,1.8,-6.3,0,88260,0,126,0, 
49.0367,-2.9,-4.3,-8.1,-11.1,1.6,7.1,-3.0,0,88266,0,127,0, 
49.0400,-3.9,-4.5,-7.3,-8.9,3.3,10.4,1.1,0,88272,0,128,0, 
49.0433,-3.3,-2.2,-4.3,-6.4,3.2,10.7,5.5,0,88278,0,129,0, 
49.0467,-0.8,2.4,0.9,-5.0,1.6,9.5,9.7,0,88284,0,130,0, 
49.0500,2.5,7.6,6.8,-5.0,0.0,8.7,13.5,0,88290,0,131,0, 
49.0533,5.4,11.3,11.0,-5.4,-0.1,9.8,17.1,0,88296,0,132,0, 
49.0567,6.8,12.5,11.8,-4.7,1.8,12.7,20.9,0,88302,0,133,0, 
49.0600,6.9,11.9,9.5,-2.4,5.3,16.1,24.9,0,88308,0,134,0, 
49.0633,6.6,11.6,6.1,0.6,8.9,18.7,28.7,0,88314,0,135,0, 
49.0667,6.7,13.1,4.6,2.7,11.3,20.3,31.3,0,88320,0,136,0, 
49.0700,7.1,16.6,6.8,2.9,11.7,21.5,31.8,0,88326,0,137,0, 
49.0733,7.1,20.8,12.1,1.6,10.3,22.8,30.2,0,88332,0,138,0, 
49.0767,5.9,23.7,17.8,0.1,8.0,24.5,27.4,0,88338,0,139,0, 
49.0800,3.8,24.3,20.9,0.2,5.9,26.0,25.1,0,88344,0,140,0, 
49.0833,2.2,23.1,20.1,2.2,4.6,26.2,24.2,0,88350,0,141,0, 
49.0867,2.3,21.7,16.4,5.0,4.2,24.1,24.7,0,88356,0,142,0, 
49.0900,4.5,21.1,12.3,7.3,4.2,19.6,25.3,0,88362,0,143,0, 
49.0933,7.7,21.5,10.0,8.2,4.2,13.7,24.6,0,88368,0,144,0, 
49.0967,10.2,21.5,9.5,7.6,3.9,8.0,22.1,0,88374,0,145,0, 
49.1000,11.0,19.5,9.5,6.3,3.7,4.3,18.2,0,88380,0,146,0, 
49.1033,10.2,14.9,8.3,4.8,3.8,3.3,13.8,0,88386,0,147,0, 
49.1067,8.8,8.8,5.5,3.1,3.8,4.3,9.5,0,88392,0,148,0, 
49.1100,7.5,2.8,2.3,1.0,3.0,5.0,5.5,0,88398,0,149,0, 
49.1133,6.4,-1.5,0.7,-1.1,0.8,2.9,1.4,0,88404,0,150,0, 
49.1167,4.4,-3.9,1.0,-2.5,-2.5,-2.8,-3.1,0,88410,0,151,0, 
49.1200,1.1,-4.8,2.1,-2.5,-6.1,-10.9,-7.6,0,88416,0,152,0, 
49.1233,-2.8,-5.1,2.1,-1.1,-8.8,-18.0,-11.5,0,88422,0,153,0, 
49.1267,-5.9,-5.1,-0.1,0.8,-9.9,-21.0,-13.9,0,88428,0,154,0, 
49.1300,-6.9,-4.3,-3.5,1.9,-9.6,-18.6,-14.4,0,88434,0,155,0, 
49.1333,-6.0,-2.1,-6.0,1.7,-8.4,-12.1,-13.2,0,88440,0,156,0, 
49.1367,-4.4,1.3,-5.7,0.6,-6.6,-5.2,-10.7,0,88446,0,157,0, 
49.1400,-4.0,5.0,-2.3,-0.3,-4.4,-0.8,-7.3,0,88452,0,158,0, 
49.1433,-5.5,7.6,2.7,0.0,-2.1,0.0,-3.4,0,88458,0,159,0, 
49.1467,-7.9,8.6,6.9,1.6,-0.2,-1.3,0.4,0,88464,0,160,0, 
49.1500,-9.6,8.1,8.7,3.6,0.5,-2.2,3.7,0,88470,0,161,0, 
49.1533,-9.5,7.1,7.7,5.0,-0.1,-1.1,5.8,0,88476,0,162,0, 
49.1567,-8.0,6.2,4.6,5.0,-1.4,1.5,6.2,0,88482,0,163,0, 
49.1600,-6.8,5.6,0.9,3.8,-2.0,3.7,5.3,0,88488,0,164,0, 
49.1633,-7.6,4.8,-2.2,2.1,-0.9,3.9,3.5,0,88494,0,165,0, 
49.1667,-10.6,3.2,-4.6,0.6,1.6,1.8,1.7,0,88500,0,166,0, 
49.1700,-14.7,0.5,-6.6,-0.4,4.3,-1.2,0.4,0,88506,0,167,0, 
49.1733,-18.3,-3.0,-8.6,-1.0,5.6,-3.9,-0.4,0,88512,0,168,0, 
49.1767,-20.6,-6.2,-10.5,-1.3,5.0,-5.5,-1.3,0,88518,0,169,0, 
49.1800,-21.6,-7.9,-11.0,-1.5,3.2,-6.5,-2.4,0,88524,0,170,0, 
49.1833,-21.7,-7.4,-8.9,-1.6,1.2,-7.5,-3.3,0,88530,0,171,0, 
49.1867,-21.2,-4.6,-3.7,-1.6,0.1,-7.9,-3.2,0,88536,0,172,0, 
49.1900,-19.3,-0.5,2.9,-1.3,0.0,-6.4,-1.4,0,88542,0,173,0, 
49.1933,-15.6,3.4,8.2,-0.9,0.4,-2.1,2.1,0,88548,0,174,0, 
49.1967,-10.2,5.9,10.0,-0.3,0.6,4.0,6.1,0,88554,0,175,0, 
49.2000,-4.8,6.9,8.0,0.4,0.4,9.1,9.2,0,88560,0,176,0, 
49.2033,-0.9,7.3,4.5,1.3,-0.2,10.1,10.4,0,88566,0,177,0, 
49.2067,0.6,8.3,2.2,2.3,-1.1,6.1,9.7,0,88572,0,178,0, 
49.2100,0.1,10.2,2.5,3.2,-2.1,-0.6,8.0,0,88578,0,179,0, 
49.2133,-1.2,12.3,4.3,3.5,-2.7,-5.9,6.1,0,88584,0,180,0, 
49.2167,-2.4,12.8,5.5,3.1,-2.6,-6.4,4.6,0,88590,0,181,0, 
49.2200,-3.6,11.0,4.8,2.1,-2.0,-2.1,3.3,0,88596,0,182,0, 
49.2233,-5.2,7.2,2.6,0.9,-1.4,3.4,2.2,0,88602,0,183,0, 
49.2267,-7.3,3.3,0.3,-0.2,-1.4,5.5,1.2,0,88608,0,184,0, 
49.2300,-9.1,0.8,-1.2,-1.1,-2.5,1.6,0.7,0,88614,0,185,0, 
49.2333,-9.7,0.3,-2.3,-1.9,-4.1,-6.9,0.6,0,88620,0,186,0, 
49.2367,-8.5,0.8,-4.3,-2.9,-5.1,-15.0,0.4,0,88626,0,187,0, 
49.2400,-6.0,0.6,-7.1,-3.8,-4.5,-18.1,-0.2,0,88632,0,188,0, 
49.2433,-3.3,-0.9,-9.6,-4.3,-2.4,-14.7,-1.3,0,88638,0,189,0, 
49.2467,-1.6,-3.2,-10.0,-4.5,0.0,-7.0,-2.2,0,88644,0,190,0, 
49.2500,-0.7,-4.9,-8.1,-4.3,1.4,0.8,-2.2,0,88650,0,191,0, 
49.2533,-0.2,-5.4,-5.7,-4.2,1.3,5.7,-0.7,0,88656,0,192,0, 
49.2567,0.9,-4.7,-4.9,-4.1,0.4,7.8,1.9,0,88662,0,193,0, 
49.2600,2.5,-3.4,-6.1,-3.6,0.0,9.0,4.9,0,88668,0,194,0, 
49.2633,4.4,-1.5,-7.2,-2.5,0.9,10.6,7.2,0,88674,0,195,0, 
49.2667,5.9,1.6,-4.8,-1.0,2.5,11.7,8.3,0,88680,0,196,0, 
49.2700,6.7,6.3,2.4,0.1,3.8,10.4,8.2,0,88686,0,197,0, 
49.2733,7.0,11.8,11.6,-0.2,3.7,6.2,7.1,0,88692,0,198,0, 
49.2767,7.1,15.7,17.8,-2.0,2.4,0.9,5.6,0,88698,0,199,0, 
49.2800,6.8,15.8,16.7,-4.2,0.7,-2.2,4.1,0,88704,0,200,0, 
49.2833,6.0,11.6,8.1,-5.7,-0.6,-1.5,2.4,0,88710,0,201,0, 
49.2867,4.3,4.7,-4.3,-5.7,-1.4,1.1,0.5,0,88716,0,202,0, 
49.2900,1.9,-1.8,-14.8,-4.8,-2.0,1.7,-1.8,0,88722,0,203,0, 
49.2933,-0.8,-5.6,-19.9,-4.0,-3.1,-2.1,-4.3,0,88728,0,204,0, 
49.2967,-3.3,-6.3,-19.3,-4.2,-4.7,-9.0,-6.8,0,88734,0,205,0, 
49.3000,-5.1,-5.2,-15.1,-4.7,-6.5,-15.2,-8.5,0,88740,0,206,0, 
49.3033,-6.0,-3.7,-9.9,-4.6,-8.0,-17.2,-8.8,0,88746,0,207,0, 
49.3067,-6.2,-2.4,-5.1,-3.1,-9.0,-15.2,-7.6,0,88752,0,208,0, 
49.3100,-6.0,-0.9,-1.3,-1.0,-9.3,-12.1,-5.5,0,88758,0,209,0, 
49.3133,-5.8,1.0,1.3,0.1,-8.9,-10.9,-3.6,0,88764,0,210,0, 
49.3167,-5.7,2.4,1.9,-0.6,-7.8,-11.9,-3.1,0,88770,0,211,0, 
49.3200,-5.6,1.9,0.3,-2.8,-6.3,-12.4,-4.5,0,88776,0,212,0, 
49.3233,-5.2,-1.1,-3.2,-4.9,-4.9,-10.0,-7.2,0,88782,0,213,0, 
49.3267,-4.3,-5.9,-7.2,-5.6,-3.9,-5.1,-10.1,0,88788,0,214,0, 
49.3300,-3.0,-10.8,-10.3,-4.8,-3.7,-0.9,-12.0,0,88794,0,215,0, 
49.3333,-2.0,-14.2,-12.2,-3.7,-3.9,-0.5,-12.3,0,88800,0,216,0, 
49.3367,-1.7,-16.1,-13.6,-3.6,-4.0,-4.7,-11.6,0,88806,0,217,0, 
49.3400,-2.5,-17.4,-15.5,-4.6,-3.8,-10.6,-10.8,0,88812,0,218,0, 
49.3433,-4.2,-19.1,-17.9,-5.8,-3.5,-14.4,-11.0,0,88818,0,219,0, 
49.3467,-6.3,-21.0,-19.6,-6.0,-3.6,-14.3,-12.6,0,88824,0,220,0, 
49.3500,-8.1,-21.9,-19.6,-5.2,-4.3,-11.4,-14.9,0,88830,0,221,0, 
49.3533,-9.0,-20.8,-17.4,-4.3,-5.7,-8.4,-16.9,0,88836,0,222,0, 
49.3567,-9.0,-18.0,-14.4,-4.4,-6.9,-6.9,-17.7,0,88842,0,223,0, 
49.3600,-8.3,-14.9,-12.3,-5.7,-7.5,-6.8,-17.3,0,88848,0,224,0, 
49.3633,-7.3,-13.0,-11.9,-7.2,-7.5,-6.9,-16.5,0,88854,0,225,0, 
49.3667,-6.2,-12.9,-12.5,-7.8,-7.5,-6.8,-16.2,0,88860,0,226,0, 
49.3700,-5.2,-13.8,-12.8,-7.1,-7.8,-7.2,-16.6,0,88866,0,227,0, 
49.3733,-4.6,-14.4,-11.5,-5.8,-8.7,-9.1,-17.1,0,88872,0,228,0, 
49.3767,-4.4,-13.8,-9.1,-4.8,-9.4,-12.1,-16.5,0,88878,0,229,0, 
49.3800,-4.4,-12.2,-6.9,-4.5,-9.3,-14.4,-14.6,0,88884,0,230,0, 
49.3833,-4.4,-10.3,-6.0,-4.8,-8.0,-14.1,-11.7,0,88890,0,231,0, 
49.3867,-4.0,-8.9,-6.3,-4.6,-5.7,-11.3,-9.0,0,88896,0,232,0, 
49.3900,-3.2,-8.2,-6.6,-3.7,-2.9,-7.6,-7.2,0,88902,0,233,0, 
49.3933,-1.9,-8.0,-5.9,-2.3,-0.3,-5.4,-5.9,0,88908,0,234,0, 
49.3967,0.1,-7.6,-4.3,-1.3,1.7,-5.3,-4.1,0,88914,0,235,0, 
49.4000,3.0,-6.7,-3.1,-1.2,3.0,-5.9,-0.8,0,88920,0,236,0, 
49.4033,6.4,-5.0,-3.5,-1.7,3.6,-4.9,3.7,0,88926,0,237,0, 
49.4067,9.4,-2.7,-5.2,-2.2,3.8,-1.1,8.0,0,88932,0,238,0, 
49.4100,10.8,-0.4,-6.7,-2.1,3.5,4.1,10.5,0,88938,0,239,0, 
49.4133,9.6,0.9,-6.2,-1.2,2.4,7.8,10.3,0,88944,0,240,0, 
49.4167,6.2,0.7,-3.4,-0.2,0.8,7.2,7.4,0,88950,0,241,0, 
49.4200,2.0,-1.0,0.1,0.4,-0.9,1.8,2.8,0,88956,0,242,0, 
49.4233,-0.7,-3.2,1.7,0.3,-2.3,-6.2,-2.3,0,88962,0,243,0, 
49.4267,-0.7,-4.7,0.2,-0.4,-2.5,-13.2,-6.6,0,88968,0,244,0, 
49.4300,1.8,-4.7,-3.0,-0.8,-1.6,-16.0,-9.0,0,88974,0,245,0, 
49.4333,5.2,-3.5,-5.4,-0.7,0.1,-14.0,-9.2,0,88980,0,246,0, 
49.4367,7.6,-1.9,-4.9,0.0,1.5,-8.8,-7.4,0,88986,0,247,0, 
49.4400,8.2,-1.0,-2.3,0.5,1.9,-3.5,-5.0,0,88992,0,248,0, 
49.4433,7.6,-1.4,0.0,0.0,0.9,-0.7,-3.6,0,88998,0,249,0, 
49.4467,6.6,-2.8,-0.5,-1.8,-0.8,-1.3,-4.0,0,89004,0,250,0, 
49.4500,6.0,-4.4,-3.7,-4.3,-2.4,-4.4,-6.0,0,89010,0,251,0, 
49.4533,5.5,-5.7,-7.6,-6.4,-3.0,-8.0,-8.3,0,89016,0,252,0, 
49.4567,4.3,-7.1,-9.7,-7.4,-2.3,-10.7,-10.4,0,89022,0,253,0, 
49.4600,1.9,-9.1,-9.4,-6.9,-1.0,-12.4,-12.6,0,89028,0,254,0, 
49.4633,-1.4,-12.0,-8.4,-5.9,0.1,-13.8,-15.8,0,89034,0,255,0, 
49.4667,-4.6,-15.4,-9.1,-5.3,0.4,-15.6,-20.6,0,89040,0,0,0, 
49.4700,-6.7,-18.2,-12.1,-5.8,-0.4,-17.9,-25.8,0,89046,0,1,0, 
49.4733,-7.2,-19.7,-16.0,-7.0,-2.2,-20.0,-29.1,0,89052,0,2,0, 
49.4767,-6.5,-19.8,-18.3,-8.0,-4.2,-20.7,-28.8,0,89058,0,3,0, 
49.4800,-5.4,-19.0,-17.8,-7.9,-5.9,-19.9,-24.9,0,89064,0,4,0, 
49.4833,-4.8,-18.0,-15.0,-6.6,-6.8,-17.8,-19.3,0,89070,0,5,0, 
49.4867,-5.2,-17.1,-11.7,-4.8,-6.7,-15.6,-14.5,0,89076,0,6,0, 
49.4900,-6.3,-15.8,-9.1,-3.3,-5.8,-14.0,-11.5,0,89082,0,7,0, 
49.4933,-7.5,-13.9,-7.5,-2.7,-4.6,-13.1,-9.8,0,89088,0,8,0, 
49.4967,-7.8,-11.6,-6.5,-2.9,-3.6,-12.0,-7.7,0,89094,0,9,0, 
49.5000,-6.5,-9.7,-6.0,-3.4,-2.9,-9.7,-4.7,0,89100,0,10,0, 
49.5033,-4.0,-9.2,-6.5,-3.8,-2.5,-6.3,-1.5,0,89106,0,11,0, 
49.5067,-1.3,-10.3,-8.7,-3.9,-2.1,-2.6,0.5,0,89112,0,12,0, 
49.5100,0.0,-12.4,-12.1,-3.9,-1.4,-0.5,0.4,0,89118,0,13,0, 
49.5133,-0.6,-14.4,-15.2,-3.9,-0.3,-1.2,-1.3,0,89124,0,14,0, 
49.5167,-2.4,-15.1,-16.2,-4.1,1.0,-4.6,-3.5,0,89130,0,15,0, 
49.5200,-4.1,-14.3,-14.5,-4.3,2.1,-9.0,-5.4,0,89136,0,16,0, 
49.5233,-4.5,-12.5,-10.9,-4.2,2.8,-12.2,-7.2,0,89142,0,17,0, 
49.5267,-3.4,-10.5,-6.8,-3.5,3.0,-13.1,-9.6,0,89148,0,18,0, 
49.5300,-1.6,-8.9,-3.7,-2.1,2.7,-11.9,-12.4,0,89154,0,19,0, 
49.5333,-0.1,-7.9,-1.9,-0.4,2.1,-9.7,-14.6,0,89160,0,20,0, 
49.5367,0.7,-7.1,-1.5,1.4,1.3,-7.4,-14.5,0,89166,0,21,0, 
49.5400,1.2,-6.3,-1.7,2.8,0.7,-4.9,-11.8,0,89172,0,22,0, 
49.5433,2.1,-5.8,-2.5,3.2,0.6,-2.1,-7.7,0,89178,0,23,0, 
49.5467,3.2,-6.1,-3.5,2.4,1.3,0.5,-4.7,0,89184,0,24,0, 
49.5500,3.9,-7.5,-4.5,0.5,2.5,1.2,-4.9,0,89190,0,25,0, 
49.5533,3.3,-10.2,-5.1,-1.8,3.7,-1.2,-8.4,0,89196,0,26,0, 
49.5567,1.4,-13.4,-5.2,-3.9,3.9,-5.9,-13.1,0,89202,0,27,0, 
49.5600,-1.0,-15.8,-5.1,-4.9,2.9,-10.1,-16.1,0,89208,0,28,0, 
49.5633,-2.7,-16.7,-5.4,-4.7,1.0,-10.9,-15.5,0,89214,0,29,0, 
49.5667,-3.1,-16.0,-6.6,-3.7,-1.0,-8.0,-11.9,0,89220,0,30,0, 
49.5700,-2.4,-14.6,-8.6,-2.9,-2.3,-4.2,-7.7,0,89226,0,31,0, 
49.5733,-1.5,-13.5,-10.7,-3.0,-2.9,-3.2,-5.7,0,89232,0,32,0, 
49.5767,-1.1,-13.2,-11.8,-3.9,-3.2,-6.5,-6.6,0,89238,0,33,0, 
49.5800,-1.5,-13.2,-11.0,-5.0,-3.8,-11.7,-8.9,0,89244,0,34,0, 
49.5833,-2.0,-12.9,-8.1,-5.3,-4.5,-14.2,-10.2,0,89250,0,35,0, 
49.5867,-2.3,-11.5,-3.9,-4.4,-4.9,-11.0,-8.8,0,89256,0,36,0, 
49.5900,-1.7,-9.3,0.2,-2.8,-4.1,-3.4,-5.3,0,89262,0,37,0, 
49.5933,-0.7,-7.2,2.9,-1.5,-1.6,3.7,-1.9,0,89268,0,38,0, 
49.5967,0.3,-6.1,3.1,-1.3,1.7,5.9,-0.8,0,89274,0,39,0, 
49.6000,0.2,-6.3,0.8,-2.0,4.6,2.2,-2.8,0,89280,0,40,0, 
49.6033,-1.4,-7.8,-3.1,-3.2,5.3,-4.9,-7.0,0,89286,0,41,0, 
49.6067,-4.7,-10.2,-7.4,-4.0,3.2,-12.2,-12.0,0,89292,0,42,0, 
49.6100,-8.8,-13.5,-11.0,-4.4,-1.2,-18.4,-17.0,0,89298,0,43,0, 
49.6133,-13.0,-17.6,-13.5,-4.7,-6.4,-24.3,-22.3,0,89304,0,44,0, 
49.6167,-16.5,-21.7,-14.7,-5.3,-10.7,-30.1,-28.0,0,89310,0,45,0, 
49.6200,-19.6,-24.9,-15.2,-6.3,-13.0,-34.2,-33.6,0,89316,0,46,0, 
49.6233,-22.5,-26.3,-15.5,-7.2,-13.2,-34.0,-37.7,0,89322,0,47,0, 
49.6267,-25.4,-26.2,-16.1,-7.9,-12.5,-28.9,-39.0,0,89328,0,48,0, 
49.6300,-27.8,-25.8,-17.8,-8.3,-12.3,-22.4,-37.9,0,89334,0,49,0, 
49.6333,-28.8,-26.6,-21.0,-9.0,-13.5,-19.8,-35.9,0,89340,0,50,0, 
49.6367,-28.2,-29.3,-25.8,-10.0,-15.9,-24.3,-34.9,0,89346,0,51,0, 
49.6400,-26.8,-33.3,-31.2,-11.0,-18.2,-33.7,-35.8,0,89352,0,52,0, 
49.6433,-26.1,-36.8,-35.4,-11.5,-19.0,-42.0,-37.9,0,89358,0,53,0, 
49.6467,-27.3,-38.9,-37.1,-11.5,-17.3,-43.6,-39.7,0,89364,0,54,0, 
49.6500,-30.0,-39.5,-35.8,-11.6,-13.6,-37.9,-40.1,0,89370,0,55,0, 
49.6533,-32.7,-39.8,-32.6,-12.6,-9.6,-29.3,-39.3,0,89376,0,56,0, 
49.6567,-33.9,-40.6,-29.6,-14.8,-7.1,-23.8,-38.2,0,89382,0,57,0, 
49.6600,-33.0,-42.2,-28.5,-17.4,-7.2,-24.1,-37.6,0,89388,0,58,0, 
49.6633,-31.3,-43.9,-29.9,-19.2,-9.1,-28.3,-37.9,0,89394,0,59,0, 
49.6667,-30.5,-44.7,-33.0,-19.4,-11.4,-31.9,-38.6,0,89400,0,60,0, 
49.6700,-31.5,-44.4,-36.3,-18.3,-12.8,-32.0,-38.9,0,89406,0,61,0, 
49.6733,-33.6,-43.3,-38.7,-16.9,-13.1,-29.0,-37.9,0,89412,0,62,0, 
49.6767,-35.0,-41.6,-39.2,-15.9,-13.1,-25.8,-35.4,0,89418,0,63,0, 
49.6800,-33.8,-39.4,-37.7,-15.2,-13.8,-24.8,-31.3,0,89424,0,64,0, 
49.6833,-30.0,-36.5,-34.4,-14.0,-15.2,-25.8,-26.4,0,89430,0,65,0, 
49.6867,-25.0,-32.9,-30.2,-11.6,-16.0,-26.5,-21.7,0,89436,0,66,0, 
49.6900,-20.7,-28.8,-25.7,-8.5,-14.8,-24.6,-18.3,0,89442,0,67,0, 
49.6933,-18.6,-25.0,-21.9,-5.7,-11.1,-19.6,-16.4,0,89448,0,68,0, 
49.6967,-18.6,-21.7,-19.0,-4.2,-6.2,-13.5,-15.7,0,89454,0,69,0, 
49.7000,-19.7,-18.9,-16.8,-4.1,-2.1,-9.0,-14.8,0,89460,0,70,0, 
49.7033,-20.2,-16.0,-14.8,-4.6,-0.5,-8.0,-12.9,0,89466,0,71,0, 
49.7067,-19.2,-13.0,-12.5,-4.8,-1.2,-10.0,-10.0,0,89472,0,72,0, 
49.7100,-16.6,-10.0,-10.2,-4.2,-2.3,-12.6,-6.9,0,89478,0,73,0, 
49.7133,-13.4,-7.7,-8.4,-3.0,-1.9,-13.0,-4.8,0,89484,0,74,0, 
49.7167,-11.1,-6.2,-7.3,-1.5,0.7,-10.1,-4.0,0,89490,0,75,0, 
49.7200,-10.8,-5.3,-6.0,-0.3,4.0,-5.4,-4.1,0,89496,0,76,0, 
49.7233,-12.5,-4.3,-3.3,0.7,5.7,-1.5,-4.4,0,89502,0,77,0, 
49.7267,-15.3,-2.8,1.1,1.4,4.9,-0.4,-4.5,0,89508,0,78,0, 
49.7300,-17.6,-1.1,6.0,1.8,2.0,-1.9,-4.3,0,89514,0,79,0, 
49.7333,-18.5,0.0,8.9,1.9,-0.9,-4.1,-4.0,0,89520,0,80,0, 
49.7367,-17.8,-0.3,7.5,1.9,-2.0,-5.3,-3.8,0,89526,0,81,0, 
49.7400,-16.2,-2.3,1.5,2.1,-1.5,-5.7,-4.0,0,89532,0,82,0, 
49.7433,-14.8,-5.3,-6.7,2.7,-0.6,-6.9,-4.3,0,89538,0,83,0, 
49.7467,-13.8,-8.3,-13.2,3.3,-0.8,-10.0,-4.7,0,89544,0,84,0, 
49.7500,-13.1,-9.9,-15.0,3.7,-2.4,-13.7,-4.9,0,89550,0,85,0, 
49.7533,-12.5,-9.4,-11.5,3.6,-4.3,-14.5,-4.2,0,89556,0,86,0, 
49.7567,-12.0,-7.0,-4.8,3.6,-5.0,-10.1,-2.3,0,89562,0,87,0, 
49.7600,-11.8,-3.7,2.1,4.0,-4.0,-1.7,0.5,0,89568,0,88,0, 
49.7633,-11.7,-1.1,6.4,5.1,-2.0,5.4,3.4,0,89574,0,89,0, 
49.7667,-11.1,-0.1,7.3,6.0,-0.4,6.4,5.2,0,89580,0,90,0, 
49.7700,-9.3,-0.8,5.1,5.6,0.1,0.3,5.2,0,89586,0,91,0, 
49.7733,-6.2,-2.1,1.5,3.4,-0.1,-7.9,4.2,0,89592,0,92,0, 
49.7767,-2.7,-2.9,-1.9,0.3,-0.1,-11.4,3.1,0,89598,0,93,0, 
49.7800,-0.2,-2.5,-3.3,-2.0,0.7,-6.8,3.1,0,89604,0,94,0, 
49.7833,0.3,-1.0,-2.3,-2.2,2.1,3.3,4.2,0,89610,0,95,0, 
49.7867,-0.9,0.6,0.6,0.0,2.8,12.0,5.4,0,89616,0,96,0, 
49.7900,-2.2,1.6,3.6,3.1,2.4,13.6,5.7,0,89622,0,97,0, 
49.7933,-2.6,1.7,4.8,5.2,0.9,7.7,4.9,0,89628,0,98,0, 
49.7967,-1.6,1.5,3.7,5.2,-0.6,-0.6,3.5,0,89634,0,99,0, 
49.8000,-0.2,1.5,1.7,3.7,-1.2,-5.4,2.6,0,89640,0,100,0, 
49.8033,0.5,1.9,0.8,1.8,-0.9,-4.4,2.6,0,89646,0,101,0, 
49.8067,0.4,2.3,2.5,0.8,-0.2,0.5,3.2,0,89652,0,102,0, 
49.8100,0.2,2.5,5.9,1.1,0.1,5.2,4.0,0,89658,0,103,0, 
49.8133,0.9,2.2,8.7,2.1,-0.1,7.5,4.7,0,89664,0,104,0, 
49.8167,2.5,2.0,8.5,2.9,0.0,8.1,5.5,0,89670,0,105,0, 
49.8200,4.1,2.1,5.0,3.0,1.0,8.9,6.4,0,89676,0,106,0, 
49.8233,4.5,2.3,0.1,2.2,2.7,10.6,7.1,0,89682,0,107,0, 
49.8267,3.3,2.3,-3.5,0.9,4.4,11.8,7.0,0,89688,0,108,0, 
49.8300,1.4,2.0,-3.7,-0.3,5.1,11.1,5.9,0,89694,0,109,0, 
49.8333,0.4,1.6,-0.9,-0.9,4.7,8.7,4.6,0,89700,0,110,0, 
49.8367,1.3,2.0,3.3,-0.7,4.2,6.4,4.6,0,89706,0,111,0, 
49.8400,4.1,3.4,6.7,0.1,4.5,6.6,6.6,0,89712,0,112,0, 
49.8433,7.4,5.5,7.7,1.1,6.2,9.3,10.2,0,89718,0,113,0, 
49.8467,9.9,7.1,6.5,1.9,8.4,12.3,13.5,0,89724,0,114,0, 
49.8500,10.9,7.4,4.2,2.1,9.4,12.9,14.9,0,89730,0,115,0, 
49.8533,10.7,6.5,2.2,1.8,8.3,10.5,13.8,0,89736,0,116,0, 
49.8567,9.8,5.8,2.0,1.6,5.5,6.9,11.6,0,89742,0,117,0, 
49.8600,9.0,6.4,4.0,2.0,2.9,5.0,10.1,0,89748,0,118,0, 
49.8633,8.4,8.4,7.2,3.1,2.1,6.2,10.3,0,89754,0,119,0, 
49.8667,8.6,10.5,9.5,4.0,3.8,9.3,11.7,0,89760,0,120,0, 
49.8700,9.6,10.9,8.7,3.9,6.7,11.8,12.5,0,89766,0,121,0, 
49.8733,11.3,9.0,4.4,2.4,8.7,11.6,11.5,0,89772,0,122,0, 
49.8767,12.9,5.9,-1.8,-0.3,8.3,8.8,8.8,0,89778,0,123,0, 
49.8800,13.5,3.6,-6.4,-3.1,5.6,4.9,6.1,0,89784,0,124,0, 
49.8833,12.5,3.8,-6.7,-4.8,1.8,1.5,5.0,0,89790,0,125,0, 
49.8867,10.1,6.1,-2.2,-4.7,-1.3,-0.4,5.9,0,89796,0,126,0, 
49.8900,7.5,8.6,4.3,-3.2,-2.7,-0.5,7.8,0,89802,0,127,0, 
49.8933,5.9,9.6,8.8,-1.1,-2.6,1.7,9.2,0,89808,0,128,0, 
49.8967,6.0,8.4,8.7,0.6,-1.5,6.3,9.4,0,89814,0,129,0, 
49.9000,7.7,6.4,4.6,1.2,-0.3,12.1,8.6,0,89820,0,130,0, 
49.9033,10.2,5.4,-0.6,0.7,0.6,16.3,7.9,0,89826,0,131,0, 
49.9067,12.6,6.4,-3.7,-0.4,1.0,15.6,7.8,0,89832,0,132,0, 
49.9100,14.7,8.8,-3.1,-1.4,1.0,9.1,8.1,0,89838,0,133,0, 
49.9133,16.2,10.8,-0.2,-2.1,0.8,-0.5,8.3,0,89844,0,134,0, 
49.9167,17.0,11.1,2.8,-2.4,0.8,-8.0,8.0,0,89850,0,135,0, 
49.9200,17.1,10.0,4.5,-2.5,1.5,-9.0,7.4,0,89856,0,136,0, 
49.9233,16.6,8.9,5.5,-2.6,2.9,-3.6,7.2,0,89862,0,137,0, 
49.9267,16.0,9.2,6.8,-2.7,4.3,3.8,7.7,0,89868,0,138,0, 
49.9300,15.9,11.0,9.1,-2.5,4.9,7.8,8.5,0,89874,0,139,0, 
49.9333,16.5,12.7,11.3,-1.9,4.3,5.7,8.7,0,89880,0,140,0, 
49.9367,17.3,12.5,11.3,-1.3,2.7,-0.1,7.8,0,89886,0,141,0, 
49.9400,17.5,9.8,7.6,-1.2,1.2,-4.4,6.2,0,89892,0,142,0, 
49.9433,16.5,5.6,1.2,-1.8,0.8,-3.2,4.9,0,89898,0,143,0, 
49.9467,14.5,2.3,-5.2,-2.7,1.8,3.4,5.1,0,89904,0,144,0, 
49.9500,12.5,1.7,-8.3,-2.8,3.3,11.3,7.4,0,89910,0,145,0, 
49.9533,11.4,4.0,-6.5,-1.3,4.6,15.8,11.1,0,89916,0,146,0, 
49.9567,11.6,7.6,-0.8,2.1,5.3,14.6,14.6,0,89922,0,147,0, 
49.9600,12.8,10.9,6.0,6.2,6.0,9.5,16.6,0,89928,0,148,0, 
49.9633,14.0,12.6,10.9,9.5,7.2,4.3,16.5,0,89934,0,149,0, 
49.9667,14.4,12.9,12.3,10.5,8.9,2.1,14.9,0,89940,0,150,0, 
49.9700,13.8,12.4,10.2,9.1,10.1,4.1,13.2,0,89946,0,151,0, 
49.9733,12.6,11.5,6.2,6.5,9.9,8.7,12.5,0,89952,0,152,0, 
49.9767,11.4,10.1,2.2,4.2,8.0,13.5,12.8,0,89958,0,153,0, 
49.9800,10.3,7.8,-0.2,3.3,5.6,16.0,13.0,0,89964,0,154,0, 
49.9833,9.1,5.2,-0.3,4.1,4.3,14.8,11.7,0,89970,0,155,0, 
49.9867,7.6,3.4,1.7,5.6,4.8,10.0,8.2,0,89976,0,156,0, 
49.9900,6.2,3.3,4.6,6.8,6.6,3.1,3.4,0,89982,0,157,0, 
49.9933,5.6,4.8,6.5,6.9,7.9,-3.2,-0.8,0,89988,0,158,0, 
49.9967,6.2,6.4,5.9,6.1,7.5,-6.4,-2.6,0,89994,0,159,0, 
50.0000,8.1,6.5,2.8,4.7,5.2,-5.2,-1.7,0,90000,0,160,0, 
50.0033,10.5,4.6,-1.4,3.4,2.4,-0.9,0.6,0,90006,0,161,0, 
50.0067,12.1,1.8,-4.6,2.5,0.3,3.7,2.2,0,90012,0,162,0, 
50.0100,12.3,-0.2,-5.8,1.6,-0.3,5.6,1.7,0,90018,0,163,0, 
50.0133,11.3,-0.3,-5.3,0.7,0.0,3.7,-0.7,0,90024,0,164,0, 
50.0167,9.7,0.8,-4.7,-0.4,0.1,-0.6,-3.5,0,90030,0,165,0, 
50.0200,8.5,1.6,-5.0,-1.3,-0.5,-4.8,-5.2,0,90036,0,166,0, 
50.0233,8.0,0.9,-5.9,-1.6,-1.6,-6.7,-5.0,0,90042,0,167,0, 
50.0267,7.8,-0.9,-5.9,-1.0,-2.0,-6.1,-3.6,0,90048,0,168,0, 
50.0300,7.5,-2.4,-4.1,0.5,-1.3,-4.1,-1.8,0,90054,0,169,0, 
50.0333,6.8,-2.1,-1.2,2.2,0.3,-2.2,-0.6,0,90060,0,170,0, 
50.0367,5.9,-0.1,1.2,3.7,1.8,-0.6,0.1,0,90066,0,171,0, 
50.0400,5.3,2.7,2.3,4.5,2.6,1.1,0.8,0,90072,0,172,0, 
50.0433,5.2,5.2,2.6,5.0,2.4,3.3,1.6,0,90078,0,173,0, 
50.0467,5.8,7.1,3.9,5.3,1.8,5.9,2.6,0,90084,0,174,0, 
50.0500,6.9,8.6,7.1,5.5,1.8,7.7,3.6,0,90090,0,175,0, 
50.0533,8.1,10.2,11.1,5.4,2.5,8.3,4.7,0,90096,0,176,0, 
50.0567,9.1,11.4,13.9,4.9,3.7,7.5,5.8,0,90102,0,177,0, 
50.0600,9.4,11.5,14.0,4.3,4.4,6.1,6.9,0,90108,0,178,0, 
50.0633,9.0,10.0,12.3,4.0,4.1,4.6,7.2,0,90114,0,179,0, 
50.0667,7.6,7.7,10.7,4.5,2.5,2.9,6.2,0,90120,0,180,0, 
50.0700,5.9,5.8,10.8,5.7,0.2,0.9,3.4,0,90126,0,181,0, 
50.0733,4.3,5.3,12.0,7.1,-2.1,-1.1,-0.3,0,90132,0,182,0, 
50.0767,3.3,6.2,11.9,8.0,-3.5,-2.3,-3.3,0,90138,0,183,0, 
50.0800,3.1,7.3,8.9,7.9,-3.2,-1.3,-4.0,0,90144,0,184,0, 
50.0833,3.6,7.6,3.6,7.2,-1.2,2.0,-2.0,0,90150,0,185,0, 
50.0867,4.3,6.7,-1.0,6.4,1.6,6.1,1.5,0,90156,0,186,0, 
50.0900,4.9,5.6,-2.3,5.9,4.0,8.6,4.2,0,90162,0,187,0, 
50.0933,5.4,5.2,0.2,5.7,4.7,7.8,4.6,0,90168,0,188,0, 
50.0967,5.4,5.9,4.3,5.4,3.1,4.4,2.5,0,90174,0,189,0, 
50.1000,4.9,7.5,7.2,4.9,0.1,0.8,-0.8,0,90180,0,190,0, 
50.1033,3.8,9.5,7.4,4.4,-2.7,-0.3,-3.2,0,90186,0,191,0, 
50.1067,2.2,11.2,5.6,4.0,-4.0,1.9,-3.4,0,90192,0,192,0, 
50.1100,0.7,12.4,4.2,3.9,-3.3,5.8,-1.9,0,90198,0,193,0, 
50.1133,-0.2,12.8,4.7,4.2,-1.5,8.3,0.0,0,90204,0,194,0, 
50.1167,0.0,12.4,7.3,4.6,-0.1,7.5,0.7,0,90210,0,195,0, 
50.1200,0.9,11.1,10.2,4.9,-0.2,4.7,-0.2,0,90216,0,196,0, 
50.1233,1.9,9.1,11.6,4.9,-1.8,2.9,-2.0,0,90222,0,197,0, 
50.1267,2.1,6.8,10.8,4.6,-3.8,4.5,-3.9,0,90228,0,198,0, 
50.1300,1.3,4.4,8.1,4.1,-4.9,9.0,-5.1,0,90234,0,199,0, 
50.1333,-0.6,2.0,4.9,3.1,-4.6,12.9,-5.7,0,90240,0,200,0, 
50.1367,-2.8,-0.2,2.1,1.4,-3.2,12.3,-6.3,0,90246,0,201,0, 
50.1400,-4.6,-2.1,0.0,-0.7,-1.6,6.0,-7.0,0,90252,0,202,0, 
50.1433,-5.4,-3.2,-1.6,-3.0,-0.5,-3.2,-7.7,0,90258,0,203,0, 
50.1467,-5.4,-3.4,-3.0,-4.9,-0.1,-10.4,-7.9,0,90264,0,204,0, 
50.1500,-5.0,-3.0,-4.3,-6.1,0.1,-11.9,-7.7,0,90270,0,205,0, 
50.1533,-4.9,-2.6,-5.2,-6.6,0.2,-8.3,-7.5,0,90276,0,206,0, 
50.1567,-5.7,-2.8,-5.4,-6.6,0.1,-3.5,-8.0,0,90282,0,207,0, 
50.1600,-7.2,-3.7,-5.0,-6.4,-0.7,-1.7,-9.4,0,90288,0,208,0, 
50.1633,-8.7,-4.8,-4.6,-6.3,-2.0,-4.3,-10.9,0,90294,0,209,0, 
50.1667,-9.6,-5.6,-5.0,-6.2,-3.5,-8.9,-11.6,0,90300,0,210,0, 
50.1700,-9.8,-5.9,-6.3,-6.1,-4.4,-11.5,-10.7,0,90306,0,211,0, 
50.1733,-9.3,-5.9,-7.6,-6.0,-4.5,-10.1,-8.7,0,90312,0,212,0, 
50.1767,-8.7,-5.7,-7.3,-6.0,-4.0,-5.9,-6.6,0,90318,0,213,0, 
50.1800,-8.4,-5.4,-4.3,-6.1,-4.0,-2.5,-5.2,0,90324,0,214,0, 
50.1833,-8.7,-4.9,0.3,-6.3,-4.7,-2.7,-4.9,0,90330,0,215,0, 
50.1867,-9.9,-4.5,3.8,-6.3,-6.1,-6.5,-5.3,0,90336,0,216,0, 
50.1900,-12.3,-5.3,2.8,-6.2,-7.1,-11.6,-6.3,0,90342,0,217,0, 
50.1933,-16.0,-8.2,-4.1,-6.5,-7.1,-15.3,-8.1,0,90348,0,218,0, 
50.1967,-20.9,-13.4,-14.7,-7.4,-6.3,-16.6,-11.3,0,90354,0,219,0, 
50.2000,-25.8,-19.5,-24.2,-9.1,-5.6,-16.6,-16.1,0,90360,0,220,0, 
50.2033,-29.6,-24.3,-28.5,-10.8,-6.0,-16.8,-21.4,0,90366,0,221,0, 
50.2067,-31.5,-26.0,-26.3,-11.9,-7.9,-17.5,-25.2,0,90372,0,222,0, 
50.2100,-31.5,-24.5,-20.5,-11.8,-10.4,-18.0,-25.7,0,90378,0,223,0, 
50.2133,-30.1,-21.2,-16.1,-10.9,-12.1,-17.2,-22.8,0,90384,0,224,0, 
50.2167,-28.2,-18.2,-15.9,-9.9,-12.1,-15.5,-17.9,0,90390,0,225,0, 
50.2200,-26.3,-16.7,-19.2,-9.4,-10.5,-13.9,-13.4,0,90396,0,226,0, 
50.2233,-24.3,-16.2,-22.2,-9.2,-8.3,-13.2,-11.4,0,90402,0,227,0, 
50.2267,-22.5,-15.9,-21.5,-8.9,-6.6,-13.0,-12.0,0,90408,0,228,0, 
50.2300,-21.3,-14.9,-17.4,-8.0,-6.0,-12.2,-14.2,0,90414,0,229,0, 
50.2333,-21.0,-13.6,-12.9,-7.0,-6.0,-10.0,-16.1,0,90420,0,230,0, 
50.2367,-21.4,-12.7,-11.8,-6.7,-6.4,-7.7,-17.0,0,90426,0,231,0, 
50.2400,-22.0,-12.8,-14.4,-7.6,-6.7,-7.5,-17.1,0,90432,0,232,0, 
50.2433,-22.1,-13.5,-17.7,-9.3,-7.1,-10.8,-16.9,0,90438,0,233,0, 
50.2467,-21.2,-13.9,-17.7,-10.5,-7.8,-16.4,-16.8,0,90444,0,234,0, 
50.2500,-19.6,-13.4,-13.6,-10.2,-8.5,-20.7,-16.5,0,90450,0,235,0, 
50.2533,-17.6,-12.0,-8.5,-8.4,-8.9,-20.8,-15.7,0,90456,0,236,0, 
50.2567,-15.6,-10.7,-6.8,-6.3,-8.8,-16.6,-14.5,0,90462,0,237,0, 
50.2600,-13.5,-10.1,-10.2,-5.2,-8.3,-11.2,-13.4,0,90468,0,238,0, 
50.2633,-11.1,-10.4,-15.6,-5.3,-7.8,-9.2,-13.1,0,90474,0,239,0, 
50.2667,-8.8,-11.0,-18.0,-6.2,-7.7,-12.3,-14.0,0,90480,0,240,0, 
50.2700,-7.0,-11.5,-14.8,-6.8,-7.8,-18.0,-15.3,0,90486,0,241,0, 
50.2733,-6.5,-11.8,-8.2,-6.7,-7.8,-21.8,-16.0,0,90492,0,242,0, 
50.2767,-7.2,-12.0,-3.5,-6.4,-7.3,-20.5,-15.7,0,90498,0,243,0, 
50.2800,-8.3,-12.3,-4.4,-6.6,-6.7,-15.3,-14.5,0,90504,0,244,0, 
50.2833,-8.8,-12.4,-9.8,-7.1,-6.5,-10.6,-13.3,0,90510,0,245,0, 
50.2867,-8.2,-12.1,-14.9,-7.3,-7.2,-10.7,-12.4,0,90516,0,246,0, 
50.2900,-6.6,-11.3,-15.2,-6.4,-8.5,-15.6,-11.7,0,90522,0,247,0, 
50.2933,-4.8,-10.7,-10.8,-4.3,-9.4,-21.5,-10.8,0,90528,0,248,0, 
50.2967,-3.4,-10.9,-5.6,-1.9,-8.7,-23.6,-9.4,0,90534,0,249,0, 
50.3000,-2.4,-11.9,-3.4,-0.3,-6.4,-20.5,-8.3,0,90540,0,250,0, 
50.3033,-1.7,-12.9,-5.1,0.1,-3.4,-14.8,-8.3,0,90546,0,251,0, 
50.3067,-1.1,-12.9,-7.4,-0.4,-1.3,-10.8,-9.6,0,90552,0,252,0, 
50.3100,-0.6,-11.5,-6.8,-1.1,-1.2,-10.7,-11.4,0,90558,0,253,0, 
50.3133,-0.3,-9.2,-3.1,-1.5,-3.0,-12.5,-12.4,0,90564,0,254,0, 
50.3167,0.1,-7.1,0.9,-1.9,-5.6,-12.3,-11.4,0,90570,0,255,0, 
50.3200,1.2,-5.9,1.3,-2.6,-7.0,-8.2,-8.5,0,90576,0,0,0, 
50.3233,3.3,-5.6,-2.8,-3.4,-6.1,-1.5,-4.9,0,90582,0,1,0, 
50.3267,6.2,-5.3,-8.5,-3.9,-2.9,3.5,-1.7,0,90588,0,2,0, 
50.3300,9.1,-4.2,-11.4,-3.4,1.2,4.0,0.6,0,90594,0,3,0, 
50.3333,10.9,-2.0,-9.1,-1.8,4.8,0.4,2.6,0,90600,0,4,0, 
50.3367,10.9,0.5,-2.9,0.3,6.4,-3.9,5.0,0,90606,0,5,0, 
50.3400,9.0,2.7,3.7,1.9,6.1,-5.7,8.0,0,90612,0,6,0, 
50.3433,6.1,3.9,7.3,2.4,4.6,-4.4,10.8,0,90618,0,7,0, 
50.3467,3.2,4.4,7.1,2.0,3.4,-1.7,12.4,0,90624,0,8,0, 
50.3500,1.2,4.5,4.6,1.3,3.2,0.4,12.1,0,90630,0,9,0, 
50.3533,0.9,4.8,1.8,1.0,4.2,1.4,11.0,0,90636,0,10,0, 
50.3567,2.3,5.7,0.3,1.7,5.5,2.0,10.6,0,90642,0,11,0, 
50.3600,5.1,7.5,0.5,3.2,6.1,3.1,12.0,0,90648,0,12,0, 
50.3633,8.1,9.8,2.5,4.9,5.6,4.5,15.2,0,90654,0,13,0, 
50.3667,10.1,12.0,6.0,5.8,4.2,4.9,18.4,0,90660,0,14,0, 
50.3700,10.1,13.2,10.4,5.6,3.1,3.5,19.7,0,90666,0,15,0, 
50.3733,8.1,12.9,14.4,4.3,2.9,0.8,18.4,0,90672,0,16,0, 
50.3767,5.0,11.6,16.2,2.6,3.4,-1.6,15.0,0,90678,0,17,0, 
50.3800,2.3,10.4,14.9,1.6,4.0,-2.5,11.6,0,90684,0,18,0, 
50.3833,1.2,10.4,11.0,1.6,4.1,-1.2,10.1,0,90690,0,19,0, 
50.3867,1.7,12.0,6.4,2.4,3.9,2.0,11.4,0,90696,0,20,0, 
50.3900,3.3,14.5,3.3,3.5,4.5,6.6,14.5,0,90702,0,21,0, 
50.3933,4.8,16.5,3.2,4.0,6.5,11.4,17.9,0,90708,0,22,0, 
50.3967,5.6,17.1,5.8,3.8,9.5,14.9,19.9,0,90714,0,23,0, 
50.4000,5.6,16.4,9.4,3.1,11.7,15.4,20.2,0,90720,0,24,0, 
50.4033,5.2,15.1,12.0,2.5,11.6,12.5,19.4,0,90726,0,25,0, 
50.4067,4.7,14.0,12.3,2.4,8.8,7.9,18.3,0,90732,0,26,0, 
50.4100,4.2,13.1,10.6,2.7,4.9,4.6,17.9,0,90738,0,27,0, 
50.4133,3.8,12.3,8.1,3.3,2.0,4.7,18.0,0,90744,0,28,0, 
50.4167,3.6,11.1,6.2,4.1,1.4,7.5,18.1,0,90750,0,29,0, 
50.4200,3.8,9.9,6.0,4.8,2.6,9.9,17.7,0,90756,0,30,0, 
50.4233,4.5,9.3,7.6,5.3,4.1,9.3,16.8,0,90762,0,31,0, 
50.4267,5.7,9.7,10.5,5.4,4.6,6.2,15.7,0,90768,0,32,0, 
50.4300,6.5,10.6,13.8,5.3,4.2,4.0,14.7,0,90774,0,33,0, 
50.4333,6.4,11.0,16.4,5.3,3.9,5.3,13.7,0,90780,0,34,0, 
50.4367,5.2,10.0,17.1,5.7,4.5,9.3,12.1,0,90786,0,35,0, 
50.4400,3.5,7.6,14.9,6.3,5.5,11.4,9.3,0,90792,0,36,0, 
50.4433,2.0,4.4,9.8,6.4,5.8,7.2,5.5,0,90798,0,37,0, 
50.4467,1.3,1.7,2.8,5.5,4.6,-3.6,1.2,0,90804,0,38,0, 
50.4500,1.5,0.3,-3.4,3.4,2.2,-15.9,-2.3,0,90810,0,39,0, 
50.4533,1.8,0.3,-6.1,1.0,0.3,-22.8,-4.1,0,90816,0,40,0, 
50.4567,1.5,1.1,-3.7,-0.2,0.0,-20.3,-4.0,0,90822,0,41,0, 
50.4600,0.5,2.1,2.4,0.6,1.3,-11.0,-2.2,0,90828,0,42,0, 
50.4633,-0.4,3.2,9.2,2.9,2.8,-1.1,0.4,0,90834,0,43,0, 
50.4667,-0.2,4.5,13.3,5.3,3.1,3.4,2.8,0,90840,0,44,0, 
50.4700,1.8,6.4,13.7,6.5,1.8,1.2,4.5,0,90846,0,45,0, 
50.4733,5.0,8.5,11.6,6.5,-0.1,-4.4,5.1,0,90852,0,46,0, 
50.4767,8.0,10.1,9.3,6.1,-1.7,-8.7,4.6,0,90858,0,47,0, 
50.4800,9.2,10.3,8.2,6.5,-2.5,-9.1,3.4,0,90864,0,48,0, 
50.4833,8.4,8.7,7.8,7.8,-2.9,-6.6,1.9,0,90870,0,49,0, 
50.4867,6.4,5.9,6.7,8.8,-3.6,-3.9,0.8,0,90876,0,50,0, 
50.4900,4.9,3.3,4.2,8.5,-4.7,-3.5,0.5,0,90882,0,51,0, 
50.4933,4.6,2.1,1.9,6.4,-5.4,-5.3,0.9,0,90888,0,52,0, 
50.4967,5.1,2.8,1.6,3.8,-5.0,-7.4,1.9,0,90894,0,53,0, 
50.5000,5.3,4.5,4.4,1.9,-3.3,-7.7,3.2,0,90900,0,54,0, 
50.5033,4.3,6.3,8.7,1.7,-1.2,-5.8,4.5,0,90906,0,55,0, 
50.5067,2.2,7.2,12.0,2.5,0.3,-3.3,5.8,0,90912,0,56,0, 
50.5100,0.4,7.6,12.3,2.9,0.7,-2.3,7.2,0,90918,0,57,0, 
50.5133,0.3,8.0,9.9,2.4,0.4,-3.8,8.6,0,90924,0,58,0, 
50.5167,2.0,9.3,7.3,1.5,0.2,-6.1,10.3,0,90930,0,59,0, 
50.5200,4.8,11.3,6.7,1.3,0.8,-6.0,12.1,0,90936,0,60,0, 
50.5233,7.2,13.3,8.5,2.5,2.3,-1.4,14.0,0,90942,0,61,0, 
50.5267,8.2,14.6,11.4,4.6,4.3,6.4,15.6,0,90948,0,62,0, 
50.5300,7.9,14.8,13.1,6.2,6.0,13.4,16.3,0,90954,0,63,0, 
50.5333,6.9,14.2,12.5,6.5,7.3,15.3,15.7,0,90960,0,64,0, 
50.5367,5.8,13.2,10.0,5.3,7.8,10.9,14.0,0,90966,0,65,0, 
50.5400,4.7,12.4,7.2,3.8,7.6,3.1,12.0,0,90972,0,66,0, 
50.5433,3.3,11.9,5.9,2.9,6.7,-3.0,10.7,0,90978,0,67,0, 
50.5467,1.7,11.8,7.1,3.2,5.3,-4.4,10.6,0,90984,0,68,0, 
50.5500,0.3,12.3,11.2,4.1,3.7,-1.8,11.3,0,90990,0,69,0, 
50.5533,-0.2,13.3,17.2,5.2,2.3,1.3,12.2,0,90996,0,70,0, 
50.5567,0.5,14.9,23.1,5.8,1.4,1.8,12.5,0,91002,0,71,0, 
50.5600,1.8,16.2,26.2,6.0,1.5,-0.1,12.2,0,91008,0,72,0, 
50.5633,2.9,16.6,24.3,5.7,2.3,-1.5,11.8,0,91014,0,73,0, 
50.5667,3.0,15.4,17.9,5.0,3.8,-0.1,11.4,0,91020,0,74,0, 
50.5700,1.9,12.9,9.9,4.0,5.5,3.7,11.2,0,91026,0,75,0, 
50.5733,0.3,10.3,4.2,3.1,6.5,6.9,10.7,0,91032,0,76,0, 
50.5767,-0.9,8.8,3.1,3.0,6.2,6.6,10.1,0,91038,0,77,0, 
50.5800,-0.7,8.7,5.7,4.0,4.5,3.0,9.6,0,91044,0,78,0, 
50.5833,0.7,9.6,8.6,5.5,1.8,-1.0,9.8,0,91050,0,79,0, 
50.5867,2.9,10.4,8.6,6.4,-0.7,-2.3,10.7,0,91056,0,80,0, 
50.5900,4.7,10.1,5.3,6.0,-2.1,-0.1,11.5,0,91062,0,81,0, 
50.5933,5.6,9.2,1.7,4.5,-2.2,3.7,11.3,0,91068,0,82,0, 
50.5967,5.7,8.7,1.4,3.0,-1.5,5.7,9.9,0,91074,0,83,0, 
50.6000,5.5,9.6,5.9,2.7,-1.0,4.6,7.7,0,91080,0,84,0, 
50.6033,5.5,12.0,13.0,4.1,-1.0,1.3,6.1,0,91086,0,85,0, 
50.6067,5.7,14.6,18.2,6.1,-1.3,-1.5,5.9,0,91092,0,86,0, 
50.6100,5.9,15.8,18.1,7.1,-1.1,-1.6,7.0,0,91098,0,87,0, 
50.6133,6.0,15.0,12.6,6.2,-0.2,1.4,8.5,0,91104,0,88,0, 
50.6167,6.3,13.0,5.1,3.9,1.1,6.2,9.6,0,91110,0,89,0, 
50.6200,7.5,11.6,0.1,1.8,2.1,10.9,10.2,0,91116,0,90,0, 
50.6233,9.9,12.1,0.4,1.3,2.4,14.2,10.8,0,91122,0,91,0, 
50.6267,12.8,14.4,5.5,2.4,2.3,15.6,12.0,0,91128,0,92,0, 
50.6300,14.9,17.6,12.3,4.0,2.6,15.5,13.9,0,91134,0,93,0, 
50.6333,15.1,20.0,17.2,4.4,3.6,14.7,15.4,0,91140,0,94,0, 
50.6367,13.6,20.9,18.3,2.8,5.1,13.4,15.6,0,91146,0,95,0, 
50.6400,11.4,20.1,16.0,0.2,6.2,11.4,14.1,0,91152,0,96,0, 
50.6433,9.7,18.3,12.3,-1.6,6.1,8.5,11.7,0,91158,0,97,0, 
50.6467,9.2,15.8,8.9,-1.5,4.5,4.9,9.4,0,91164,0,98,0, 
50.6500,9.1,13.0,6.2,0.3,2.3,1.5,8.0,0,91170,0,99,0, 
50.6533,8.6,10.1,3.8,2.1,0.5,-0.4,7.3,0,91176,0,100,0, 
50.6567,7.1,7.3,1.2,2.4,-0.3,0.1,6.2,0,91182,0,101,0, 
50.6600,4.7,5.0,-1.2,0.6,0.0,2.3,4.1,0,91188,0,102,0, 
50.6633,2.4,3.1,-2.6,-2.0,1.0,4.6,1.3,0,91194,0,103,0, 
50.6667,0.8,1.3,-2.2,-3.7,1.8,5.5,-1.1,0,91200,0,104,0, 
50.6700,0.0,-0.4,-0.6,-3.2,2.0,4.6,-1.6,0,91206,0,105,0, 
50.6733,0.0,-1.6,1.0,-1.1,1.6,2.9,0.0,0,91212,0,106,0, 
50.6767,0.7,-1.8,1.3,1.3,0.8,1.9,2.6,0,91218,0,107,0, 
50.6800,2.2,-0.5,0.2,2.4,0.4,2.2,4.4,0,91224,0,108,0, 
50.6833,4.5,1.6,-1.4,1.8,0.8,3.2,3.8,0,91230,0,109,0, 
50.6867,6.7,3.0,-2.1,0.5,2.0,3.9,0.8,0,91236,0,110,0, 
50.6900,7.5,2.6,-1.3,-0.4,3.1,3.7,-3.3,0,91242,0,111,0, 
50.6933,6.2,0.2,0.3,-0.3,3.6,3.1,-7.0,0,91248,0,112,0, 
50.6967,2.9,-2.7,1.6,0.5,2.8,2.7,-9.4,0,91254,0,113,0, 
50.7000,-1.1,-4.6,1.5,1.1,1.1,3.2,-10.3,0,91260,0,114,0, 
50.7033,-3.8,-4.7,0.2,1.0,-0.5,4.1,-10.4,0,91266,0,115,0, 
50.7067,-4.3,-3.8,-1.8,0.5,-1.1,5.0,-10.1,0,91272,0,116,0, 
50.7100,-2.7,-3.0,-3.4,0.0,-0.4,5.7,-9.4,0,91278,0,117,0, 
50.7133,-0.3,-3.1,-4.0,-0.1,1.1,6.4,-7.8,0,91284,0,118,0, 
50.7167,1.4,-3.5,-3.3,0.3,2.2,7.1,-5.5,0,91290,0,119,0, 
50.7200,1.6,-3.1,-1.4,0.7,2.0,7.3,-2.9,0,91296,0,120,0, 
50.7233,0.8,-1.6,1.0,0.7,0.3,5.9,-0.9,0,91302,0,121,0, 
50.7267,-0.1,0.5,3.1,0.3,-1.8,2.5,-0.3,0,91308,0,122,0, 
50.7300,-0.1,1.7,3.9,-0.4,-2.9,-2.3,-0.5,0,91314,0,123,0, 
50.7333,1.0,1.4,3.4,-1.1,-2.2,-6.3,-0.6,0,91320,0,124,0, 
50.7367,2.7,0.7,2.6,-1.6,0.2,-7.3,0.6,0,91326,0,125,0, 
50.7400,3.8,1.1,2.8,-1.7,3.1,-4.1,3.5,0,91332,0,126,0, 
50.7433,3.7,3.7,4.8,-1.4,5.0,2.5,7.3,0,91338,0,127,0, 
50.7467,2.4,7.8,8.1,-0.5,5.3,10.5,10.5,0,91344,0,128,0, 
50.7500,0.7,11.2,10.4,1.0,4.3,16.8,11.4,0,91350,0,129,0, 
50.7533,-0.6,11.7,9.6,2.8,3.2,19.1,9.6,0,91356,0,130,0, 
50.7567,-1.0,8.2,5.3,4.5,3.0,16.1,5.7,0,91362,0,131,0, 
50.7600,-1.0,1.8,-1.1,5.9,3.9,8.7,0.9,0,91368,0,132,0, 
50.7633,-1.3,-5.3,-6.4,6.5,5.1,-0.5,-3.5,0,91374,0,133,0, 
50.7667,-2.2,-10.9,-8.3,6.2,5.6,-7.8,-6.8,0,91380,0,134,0, 
50.7700,-3.4,-13.7,-6.3,5.1,4.6,-10.3,-8.8,0,91386,0,135,0, 
50.7733,-4.4,-13.9,-2.2,3.5,2.6,-7.8,-9.6,0,91392,0,136,0, 
50.7767,-4.4,-12.3,1.1,2.0,0.6,-2.5,-9.1,0,91398,0,137,0, 
50.7800,-3.6,-10.3,1.7,1.2,-0.6,2.1,-7.4,0,91404,0,138,0, 
50.7833,-2.8,-8.8,-0.4,1.0,-0.5,3.5,-5.0,0,91410,0,139,0, 
50.7867,-3.0,-8.3,-3.1,1.1,0.4,1.5,-2.8,0,91416,0,140,0, 
50.7900,-4.3,-8.6,-4.3,1.0,1.6,-2.1,-2.0,0,91422,0,141,0, 
50.7933,-6.2,-9.0,-3.0,0.5,2.5,-4.7,-2.9,0,91428,0,142,0, 
50.7967,-7.4,-8.9,-0.3,-0.2,2.6,-5.1,-5.2,0,91434,0,143,0, 
50.8000,-7.3,-8.2,1.6,-0.2,1.9,-3.8,-7.8,0,91440,0,144,0, 
50.8033,-5.8,-7.4,0.8,0.7,0.6,-2.6,-9.7,0,91446,0,145,0, 
50.8067,-3.8,-7.0,-2.4,2.2,-0.8,-2.9,-10.6,0,91452,0,146,0, 
50.8100,-2.3,-7.2,-5.6,3.5,-1.7,-5.3,-10.7,0,91458,0,147,0, 
50.8133,-2.0,-7.6,-6.4,3.7,-1.8,-8.9,-10.8,0,91464,0,148,0, 
50.8167,-2.7,-7.7,-3.9,2.5,-1.2,-12.2,-10.9,0,91470,0,149,0, 
50.8200,-3.8,-7.2,0.2,0.7,-0.2,-13.3,-10.9,0,91476,0,150,0, 
50.8233,-4.5,-6.2,2.8,-0.9,0.5,-11.4,-10.3,0,91482,0,151,0, 
50.8267,-4.7,-5.4,2.2,-1.6,0.8,-6.8,-9.5,0,91488,0,152,0, 
50.8300,-4.6,-5.1,-0.8,-1.4,0.7,-1.5,-9.1,0,91494,0,153,0, 
50.8333,-4.9,-5.2,-3.7,-0.9,0.6,1.7,-9.7,0,91500,0,154,0, 
50.8367,-6.0,-5.5,-4.5,-0.8,0.5,0.9,-11.7,0,91506,0,155,0, 
50.8400,-7.9,-6.2,-3.5,-1.5,-0.1,-3.8,-14.2,0,91512,0,156,0, 
50.8433,-10.0,-7.7,-3.0,-2.9,-1.4,-9.9,-16.4,0,91518,0,157,0, 
50.8467,-11.5,-10.2,-4.8,-4.4,-3.1,-14.2,-17.6,0,91524,0,158,0, 
50.8500,-11.7,-13.4,-8.5,-5.3,-4.5,-14.5,-17.7,0,91530,0,159,0, 
50.8533,-10.6,-15.9,-11.6,-5.3,-4.8,-11.0,-17.3,0,91536,0,160,0, 
50.8567,-8.5,-16.7,-11.9,-4.4,-3.7,-6.5,-16.9,0,91542,0,161,0, 
50.8600,-6.0,-15.8,-9.2,-3.3,-1.5,-3.7,-16.5,0,91548,0,162,0, 
50.8633,-3.7,-14.3,-6.1,-2.6,0.7,-4.2,-15.7,0,91554,0,163,0, 
50.8667,-1.6,-13.7,-5.4,-2.9,2.2,-6.6,-14.4,0,91560,0,164,0, 
50.8700,0.0,-14.8,-8.0,-4.3,2.6,-8.4,-12.6,0,91566,0,165,0, 
50.8733,1.1,-16.6,-11.7,-5.9,2.1,-7.5,-10.9,0,91572,0,166,0, 
50.8767,1.6,-17.7,-13.1,-6.9,0.9,-4.2,-9.9,0,91578,0,167,0, 
50.8800,1.0,-16.8,-10.2,-6.6,-0.5,-0.6,-9.9,0,91584,0,168,0, 
50.8833,-0.7,-14.2,-4.2,-5.1,-1.7,0.7,-10.7,0,91590,0,169,0, 
50.8867,-3.1,-11.1,1.6,-3.0,-2.4,-1.6,-11.6,0,91596,0,170,0, 
50.8900,-5.4,-8.9,4.5,-1.3,-2.4,-6.6,-12.2,0,91602,0,171,0, 
50.8933,-6.6,-8.0,3.9,-0.3,-1.6,-11.6,-12.0,0,91608,0,172,0, 
50.8967,-6.0,-7.5,1.6,0.0,-0.8,-14.4,-11.3,0,91614,0,173,0, 
50.9000,-4.2,-6.7,0.0,0.2,-0.5,-13.8,-10.0,0,91620,0,174,0, 
50.9033,-2.5,-5.0,0.1,0.4,-1.5,-10.7,-8.5,0,91626,0,175,0, 
50.9067,-2.0,-3.0,1.2,0.6,-3.4,-7.0,-7.0,0,91632,0,176,0, 
50.9100,-2.9,-1.9,1.5,0.8,-5.4,-4.7,-5.9,0,91638,0,177,0, 
50.9133,-4.5,-2.1,0.2,0.8,-6.5,-4.7,-5.5,0,91644,0,178,0, 
50.9167,-5.7,-3.5,-1.8,0.7,-5.8,-6.5,-5.9,0,91650,0,179,0, 
50.9200,-6.2,-5.0,-3.1,0.9,-3.6,-8.8,-6.8,0,91656,0,180,0, 
50.9233,-6.5,-5.9,-2.5,1.3,-0.5,-9.9,-7.6,0,91662,0,181,0, 
50.9267,-7.4,-6.3,-1.1,1.6,2.3,-8.5,-7.6,0,91668,0,182,0, 
50.9300,-9.2,-6.6,-0.5,1.7,3.8,-4.9,-6.2,0,91674,0,183,0, 
50.9333,-10.5,-6.8,-1.9,1.6,3.8,-0.6,-3.8,0,91680,0,184,0, 
50.9367,-9.8,-6.7,-4.8,1.6,2.8,2.4,-1.0,0,91686,0,185,0, 
50.9400,-6.5,-5.3,-6.9,1.7,1.5,3.1,0.9,0,91692,0,186,0, 
50.9433,-1.8,-2.7,-6.1,2.2,0.6,1.8,1.6,0,91698,0,187,0, 
50.9467,2.2,0.4,-2.6,2.5,0.2,0.4,1.1,0,91704,0,188,0, 
50.9500,4.3,2.3,1.5,2.2,0.2,0.4,0.1,0,91710,0,189,0, 
50.9533,4.7,2.1,3.3,1.3,0.3,2.1,-0.6,0,91716,0,190,0, 
50.9567,5.3,0.4,2.1,0.3,0.2,4.3,-0.7,0,91722,0,191,0, 
50.9600,7.3,-0.8,-0.1,-0.3,-0.3,5.5,-0.2,0,91728,0,192,0, 
50.9633,10.6,0.0,0.2,0.1,-0.8,4.8,0.4,0,91734,0,193,0, 
50.9667,13.7,3.3,4.3,1.1,-1.1,2.7,0.9,0,91740,0,194,0, 
50.9700,15.0,7.3,10.6,2.4,-0.6,0.1,1.2,0,91746,0,195,0, 
50.9733,14.4,10.0,15.2,3.2,0.7,-2.2,1.4,0,91752,0,196,0, 
50.9767,13.4,10.4,15.4,3.5,2.5,-4.1,1.9,0,91758,0,197,0, 
50.9800,13.4,9.5,11.7,3.6,4.1,-5.6,3.2,0,91764,0,198,0, 
50.9833,15.0,9.2,7.2,3.6,5.1,-6.1,5.6,0,91770,0,199,0, 
50.9867,16.9,10.7,5.2,3.8,5.4,-4.7,9.4,0,91776,0,200,0, 
50.9900,17.4,13.5,6.5,3.8,5.3,-1.3,14.0,0,91782,0,201,0, 
50.9933,16.0,15.9,8.8,3.6,5.1,2.9,18.0,0,91788,0,202,0, 
50.9967,13.1,16.6,9.9,3.1,5.1,5.3,20.0,0,91794,0,203,0, 
51.0000,10.3,16.1,9.3,3.0,5.0,4.5,18.8,0,91800,0,204,0, 
51.0033,8.2,15.7,9.0,3.5,4.4,1.1,15.0,0,91806,0,205,0, 
51.0067,6.7,16.6,10.8,4.3,3.6,-2.2,10.3,0,91812,0,206,0, 
51.0100,5.0,18.2,14.4,5.1,2.9,-3.0,6.6,0,91818,0,207,0, 
51.0133,2.9,18.6,17.1,5.1,3.3,-0.9,5.2,0,91824,0,208,0, 
51.0167,1.0,16.3,15.8,4.3,5.0,2.2,5.6,0,91830,0,209,0, 
51.0200,0.3,11.5,9.7,2.9,7.4,3.6,6.4,0,91836,0,210,0, 
51.0233,1.2,6.1,0.8,1.5,9.3,2.6,6.2,0,91842,0,211,0, 
51.0267,3.0,2.3,-7.5,0.4,9.3,0.7,4.6,0,91848,0,212,0, 
51.0300,4.5,1.1,-12.5,-0.2,7.2,0.2,2.2,0,91854,0,213,0, 
51.0333,5.0,1.5,-13.2,-0.1,3.7,1.7,0.0,0,91860,0,214,0, 
51.0367,4.4,1.8,-10.3,0.9,0.4,3.6,-1.5,0,91866,0,215,0, 
51.0400,3.4,1.0,-5.3,2.5,-1.3,3.3,-2.3,0,91872,0,216,0, 
51.0433,2.5,-0.8,0.0,4.1,-1.1,-0.2,-2.9,0,91878,0,217,0, 
51.0467,1.5,-2.3,3.6,4.7,0.5,-5.2,-3.3,0,91884,0,218,0, 
51.0500,0.5,-2.7,4.0,3.7,2.4,-8.3,-3.5,0,91890,0,219,0, 
51.0533,-0.6,-1.9,1.2,1.8,3.6,-7.4,-3.0,0,91896,0,220,0, 
51.0567,-1.1,-0.4,-2.4,0.2,3.7,-2.7,-1.5,0,91902,0,221,0, 
51.0600,-0.3,1.2,-3.9,0.1,2.9,3.2,1.0,0,91908,0,222,0, 
51.0633,1.7,2.9,-1.9,1.2,1.9,7.4,4.2,0,91914,0,223,0, 
51.0667,4.3,4.3,2.2,2.2,1.4,8.3,7.3,0,91920,0,224,0, 
51.0700,5.9,5.1,4.8,1.7,1.5,6.1,9.5,0,91926,0,225,0, 
51.0733,5.6,4.6,3.5,-0.5,1.8,2.3,10.1,0,91932,0,226,0, 
51.0767,3.8,2.8,-0.7,-2.8,1.5,-1.6,8.9,0,91938,0,227,0, 
51.0800,1.7,0.5,-4.5,-3.2,0.2,-4.4,6.8,0,91944,0,228,0, 
51.0833,0.9,-1.2,-4.8,-1.1,-1.7,-5.0,5.1,0,91950,0,229,0, 
51.0867,2.3,-1.0,-1.6,2.1,-3.1,-3.3,5.4,0,91956,0,230,0, 
51.0900,5.6,1.2,2.0,4.1,-2.9,0.5,8.1,0,91962,0,231,0, 
51.0933,9.7,4.5,3.1,3.5,-1.2,4.9,12.2,0,91968,0,232,0, 
51.0967,13.0,7.9,1.6,1.3,1.0,8.2,15.9,0,91974,0,233,0, 
51.1000,14.4,10.7,0.4,-0.5,2.5,9.4,17.6,0,91980,0,234,0, 
51.1033,13.7,12.7,2.5,0.0,2.5,8.7,17.2,0,91986,0,235,0, 
51.1067,11.4,13.7,7.4,2.3,1.4,7.4,15.7,0,91992,0,236,0, 
51.1100,8.4,13.6,11.6,4.7,0.1,6.4,14.3,0,91998,0,237,0, 
51.1133,5.7,12.5,11.2,5.1,-0.3,5.9,13.5,0,92004,0,238,0, 
51.1167,4.1,10.5,5.7,3.2,0.1,5.4,12.8,0,92010,0,239,0, 
51.1200,3.7,8.4,-1.7,0.4,1.0,4.4,11.5,0,92016,0,240,0, 
51.1233,4.1,6.9,-6.3,-1.2,1.9,3.0,9.4,0,92022,0,241,0, 
51.1267,4.6,6.4,-6.1,-0.7,2.4,2.1,7.3,0,92028,0,242,0, 
51.1300,4.7,6.2,-2.8,0.9,2.8,2.1,6.0,0,92034,0,243,0, 
51.1333,4.4,5.7,0.1,2.2,3.2,3.1,6.1,0,92040,0,244,0, 
51.1367,4.0,4.5,0.4,2.2,3.4,4.3,6.8,0,92046,0,245,0, 
51.1400,3.9,2.9,-0.8,1.3,3.3,5.1,7.4,0,92052,0,246,0, 
51.1433,4.3,1.5,-1.1,0.4,3.0,5.7,7.2,0,92058,0,247,0, 
51.1467,4.6,0.4,0.5,0.1,2.5,6.1,6.2,0,92064,0,248,0, 
51.1500,4.5,-1.1,2.3,0.5,1.9,6.5,5.0,0,92070,0,249,0, 
51.1533,3.9,-3.5,1.6,0.8,1.0,6.2,3.9,0,92076,0,250,0, 
51.1567,3.1,-6.7,-2.7,0.4,-0.2,5.1,2.9,0,92082,0,251,0, 
51.1600,2.4,-9.5,-8.4,-0.4,-1.3,3.3,1.8,0,92088,0,252,0, 
51.1633,2.0,-10.2,-11.5,-1.2,-1.7,1.6,0.6,0,92094,0,253,0, 
51.1667,1.9,-8.2,-9.6,-1.6,-0.6,0.7,-0.4,0,92100,0,254,0, 
51.1700,1.9,-4.4,-3.8,-1.5,1.9,0.4,-0.7,0,92106,0,255,0, 
51.1733,2.2,-0.6,2.1,-1.3,4.4,-0.1,-0.3,0,92112,0,0,0, 
51.1767,3.0,1.7,4.7,-1.0,5.2,-1.3,0.8,0,92118,0,1,0, 
51.1800,4.0,2.2,3.4,-0.6,3.4,-2.7,1.8,0,92124,0,2,0, 
51.1833,4.7,1.9,0.4,-0.2,-0.3,-3.2,2.5,0,92130,0,3,0, 
51.1867,4.3,2.0,-1.4,0.2,-4.0,-2.2,2.3,0,92136,0,4,0, 
51.1900,2.9,2.7,-0.7,0.2,-5.7,-0.2,1.2,0,92142,0,5,0, 
51.1933,0.8,3.4,1.0,0.0,-5.1,0.8,-0.5,0,92148,0,6,0, 
51.1967,-0.7,3.2,1.9,-0.1,-3.3,-0.3,-2.4,0,92154,0,7,0, 
51.2000,-1.0,1.7,1.1,0.2,-1.7,-3.6,-3.7,0,92160,0,8,0, 
51.2033,-0.2,-0.5,-0.7,1.1,-1.3,-7.0,-3.9,0,92166,0,9,0, 
51.2067,0.9,-2.5,-1.9,1.9,-1.7,-8.6,-2.9,0,92172,0,10,0, 
51.2100,1.2,-3.5,-1.9,2.0,-1.9,-7.7,-1.3,0,92178,0,11,0, 
51.2133,0.7,-3.4,-1.0,1.4,-1.0,-4.9,0.6,0,92184,0,12,0, 
51.2167,-0.2,-2.3,0.3,0.5,0.5,-1.8,2.3,0,92190,0,13,0, 
51.2200,-0.8,-0.5,1.8,0.4,1.8,0.7,3.9,0,92196,0,14,0, 
51.2233,-0.5,1.3,3.8,1.2,2.2,2.3,5.2,0,92202,0,15,0, 
51.2267,0.3,2.5,6.0,2.2,1.8,2.6,5.7,0,92208,0,16,0, 
51.2300,1.0,2.1,7.1,2.3,1.1,1.4,4.6,0,92214,0,17,0, 
51.2333,0.9,0.1,5.8,0.9,0.4,-1.2,1.6,0,92220,0,18,0, 
51.2367,-0.3,-3.0,1.6,-1.3,-0.1,-4.2,-2.6,0,92226,0,19,0, 
51.2400,-2.5,-6.2,-3.9,-2.9,-0.9,-6.1,-6.7,0,92232,0,20,0, 
51.2433,-4.8,-8.2,-8.0,-2.7,-1.9,-5.8,-9.4,0,92238,0,21,0, 
51.2467,-6.5,-8.6,-8.8,-0.9,-2.8,-4.2,-10.3,0,92244,0,22,0, 
51.2500,-6.5,-7.5,-6.4,1.4,-3.2,-3.3,-9.8,0,92250,0,23,0, 
51.2533,-4.1,-5.3,-2.4,2.7,-2.7,-4.2,-8.4,0,92256,0,24,0, 
51.2567,0.2,-2.4,1.0,2.4,-1.6,-5.6,-6.3,0,92262,0,25,0, 
51.2600,5.1,0.7,2.5,1.0,-0.4,-4.3,-2.9,0,92268,0,26,0, 
51.2633,8.5,3.5,2.1,-0.3,0.9,1.7,1.7,0,92274,0,27,0, 
51.2667,9.3,5.1,0.8,-0.9,2.0,10.4,6.3,0,92280,0,28,0, 
51.2700,7.5,4.7,-0.3,-0.7,3.1,16.7,9.2,0,92286,0,29,0, 
51.2733,4.6,2.7,-0.1,0.0,4.0,15.6,8.9,0,92292,0,30,0, 
51.2767,1.9,0.3,1.7,0.4,4.4,6.5,6.0,0,92298,0,31,0, 
51.2800,0.3,-1.1,4.8,0.1,4.2,-5.1,2.6,0,92304,0,32,0, 
51.2833,-0.7,-1.1,7.8,-0.9,3.5,-12.0,0.9,0,92310,0,33,0, 
51.2867,-2.1,-0.2,8.8,-2.4,3.0,-10.3,1.4,0,92316,0,34,0, 
51.2900,-4.2,0.1,6.7,-3.9,2.9,-2.7,2.9,0,92322,0,35,0, 
51.2933,-6.3,-0.5,2.4,-4.6,3.1,3.9,3.2,0,92328,0,36,0, 
51.2967,-7.1,-1.7,-1.7,-4.1,3.2,3.7,1.2,0,92334,0,37,0, 
51.3000,-6.0,-2.0,-3.3,-2.6,2.8,-3.1,-2.3,0,92340,0,38,0, 
51.3033,-3.2,-0.6,-1.9,-0.9,1.6,-11.1,-5.2,0,92346,0,39,0, 
51.3067,-0.4,1.8,1.1,0.1,0.2,-14.2,-5.7,0,92352,0,40,0, 
51.3100,0.8,3.9,3.2,-0.2,-1.1,-10.3,-3.9,0,92358,0,41,0, 
51.3133,-0.4,4.6,3.4,-1.2,-2.0,-2.6,-0.9,0,92364,0,42,0, 
51.3167,-3.3,3.7,2.7,-2.0,-2.7,3.4,1.5,0,92370,0,43,0, 
51.3200,-6.5,2.3,2.7,-2.1,-3.6,4.5,2.3,0,92376,0,44,0, 
51.3233,-8.7,1.3,4.1,-1.6,-4.2,1.7,1.6,0,92382,0,45,0, 
51.3267,-9.5,1.0,5.9,-1.1,-4.0,-1.4,0.1,0,92388,0,46,0, 
51.3300,-9.2,0.8,6.2,-1.5,-2.6,-2.0,-1.5,0,92394,0,47,0, 
51.3333,-8.7,0.3,4.4,-2.6,0.1,-0.4,-3.0,0,92400,0,48,0, 
51.3367,-8.5,-0.6,1.4,-3.8,2.9,1.2,-4.2,0,92406,0,49,0, 
51.3400,-8.3,-1.1,-0.8,-4.4,4.5,1.3,-4.7,0,92412,0,50,0, 
51.3433,-7.4,-0.6,-1.2,-4.1,4.3,0.8,-3.7,0,92418,0,51,0, 
51.3467,-5.5,0.7,-0.4,-3.1,2.4,2.0,-1.1,0,92424,0,52,0, 
51.3500,-2.9,2.1,-0.2,-2.2,0.3,5.9,2.7,0,92430,0,53,0, 
51.3533,-0.6,2.7,-0.9,-1.5,-1.0,11.0,6.1,0,92436,0,54,0, 
51.3567,0.3,2.3,-1.6,-1.2,-0.8,13.6,7.9,0,92442,0,55,0, 
51.3600,-0.7,1.6,-1.2,-1.0,0.2,11.5,7.6,0,92448,0,56,0, 
51.3633,-3.1,1.0,0.5,-1.2,0.9,5.7,6.0,0,92454,0,57,0, 
51.3667,-5.5,0.9,1.9,-2.0,0.5,0.3,4.7,0,92460,0,58,0, 
51.3700,-6.9,0.9,1.1,-3.3,-0.7,-0.4,5.0,0,92466,0,59,0, 
51.3733,-6.9,0.6,-1.7,-4.5,-2.1,4.5,6.9,0,92472,0,60,0, 
51.3767,-6.2,0.0,-4.6,-4.9,-2.9,11.9,8.7,0,92478,0,61,0, 
51.3800,-5.7,-0.5,-5.1,-4.3,-2.7,16.2,8.4,0,92484,0,62,0, 
51.3833,-6.2,-0.6,-2.8,-3.2,-1.7,14.1,4.8,0,92490,0,63,0, 
51.3867,-7.2,-0.4,0.2,-2.5,-0.4,6.1,-1.1,0,92496,0,64,0, 
51.3900,-7.9,-0.1,1.0,-2.9,0.6,-3.5,-7.0,0,92502,0,65,0, 
51.3933,-7.7,0.1,-1.2,-4.1,1.0,-9.6,-10.4,0,92508,0,66,0, 
51.3967,-6.7,0.4,-4.3,-5.0,0.8,-10.0,-10.2,0,92514,0,67,0, 
51.4000,-5.7,1.0,-5.1,-4.7,0.4,-5.9,-7.5,0,92520,0,68,0, 
51.4033,-5.4,2.0,-2.1,-3.4,-0.1,-0.8,-4.5,0,92526,0,69,0, 
51.4067,-6.0,2.9,3.0,-2.1,-0.1,2.5,-2.8,0,92532,0,70,0, 
51.4100,-6.7,2.9,6.3,-1.7,0.6,3.3,-2.8,0,92538,0,71,0, 
51.4133,-6.5,1.9,5.8,-2.4,1.8,3.0,-3.4,0,92544,0,72,0, 
51.4167,-5.1,0.1,2.5,-3.1,3.4,2.9,-3.7,0,92550,0,73,0, 
51.4200,-3.0,-1.6,0.1,-2.4,4.6,3.7,-3.5,0,92556,0,74,0, 
51.4233,-1.0,-2.5,1.0,-0.1,4.7,4.7,-3.3,0,92562,0,75,0, 
51.4267,0.3,-2.4,4.7,2.7,3.6,5.6,-3.7,0,92568,0,76,0, 
51.4300,1.4,-1.8,7.2,4.1,1.6,6.6,-4.7,0,92574,0,77,0, 
51.4333,3.1,-1.2,5.3,3.1,-0.5,7.9,-5.3,0,92580,0,78,0, 
51.4367,5.7,-0.6,-0.7,0.4,-1.8,9.2,-5.1,0,92586,0,79,0, 
51.4400,8.6,0.2,-6.8,-2.2,-1.7,9.3,-4.0,0,92592,0,80,0, 
51.4433,10.7,1.6,-8.3,-2.9,-0.5,7.4,-2.5,0,92598,0,81,0, 
51.4467,11.4,3.6,-3.8,-1.5,1.0,3.9,-1.1,0,92604,0,82,0, 
51.4500,10.8,5.7,3.4,0.7,2.0,0.9,0.4,0,92610,0,83,0, 
51.4533,10.0,7.1,8.1,1.8,2.3,0.5,2.1,0,92616,0,84,0, 
51.4567,9.7,7.2,6.9,0.9,2.5,3.2,4.1,0,92622,0,85,0, 
51.4600,9.7,6.3,1.2,-1.1,3.4,6.9,5.4,0,92628,0,86,0, 
51.4633,8.9,5.1,-4.4,-2.6,5.4,9.2,5.3,0,92634,0,87,0, 
51.4667,6.4,4.2,-5.6,-2.4,7.7,8.8,3.9,0,92640,0,88,0, 
51.4700,2.6,4.0,-1.7,-0.6,8.8,7.1,2.5,0,92646,0,89,0, 
51.4733,-1.0,4.1,3.5,1.4,7.5,6.4,2.7,0,92652,0,90,0, 
51.4767,-2.9,3.6,5.5,2.2,3.8,8.0,4.8,0,92658,0,91,0, 
51.4800,-2.4,2.2,2.1,1.3,-0.9,10.4,7.4,0,92664,0,92,0, 
51.4833,-0.4,0.0,-4.6,-0.6,-4.4,10.6,8.6,0,92670,0,93,0, 
51.4867,1.7,-2.2,-10.2,-2.4,-5.2,6.9,7.1,0,92676,0,94,0, 
51.4900,2.7,-3.3,-11.5,-3.3,-3.1,0.8,3.6,0,92682,0,95,0, 
51.4933,2.9,-3.0,-8.7,-3.4,0.4,-4.0,0.6,0,92688,0,96,0, 
51.4967,3.3,-1.4,-5.0,-3.2,3.4,-4.5,-0.1,0,92694,0,97,0, 
51.5000,4.8,0.2,-3.7,-3.3,4.7,-0.7,1.8,0,92700,0,98,0, 
51.5033,6.9,1.0,-5.5,-3.7,4.5,4.0,4.5,0,92706,0,99,0, 
51.5067,8.6,0.4,-8.3,-3.9,3.4,6.0,5.9,0,92712,0,100,0, 
51.5100,8.5,-0.9,-9.6,-3.5,2.4,4.0,4.9,0,92718,0,101,0, 
51.5133,6.6,-2.1,-8.2,-2.6,1.7,0.2,2.4,0,92724,0,102,0, 
51.5167,4.0,-2.6,-5.9,-1.4,1.3,-2.2,0.4,0,92730,0,103,0, 
51.5200,2.1,-2.3,-5.3,-0.4,1.0,-1.5,0.2,0,92736,0,104,0, 
51.5233,1.9,-1.5,-7.5,0.1,0.8,1.3,1.9,0,92742,0,105,0, 
51.5267,2.8,-0.5,-10.8,0.1,0.8,3.8,4.6,0,92748,0,106,0, 
51.5300,3.6,0.6,-12.1,-0.1,1.0,4.7,7.1,0,92754,0,107,0, 
51.5333,3.3,1.8,-9.3,-0.2,1.0,4.4,8.4,0,92760,0,108,0, 
51.5367,1.9,3.0,-3.3,-0.1,0.5,4.6,8.7,0,92766,0,109,0, 
51.5400,0.5,4.1,3.1,-0.1,-0.3,5.8,8.2,0,92772,0,110,0, 
51.5433,0.1,5.0,6.8,-0.1,-1.1,7.1,7.6,0,92778,0,111,0, 
51.5467,1.1,6.0,7.2,-0.3,-1.4,7.0,7.2,0,92784,0,112,0, 
51.5500,2.8,7.2,5.9,-0.3,-1.5,5.1,6.9,0,92790,0,113,0, 
51.5533,3.8,8.3,4.6,-0.1,-1.4,2.8,6.4,0,92796,0,114,0, 
51.5567,3.0,8.6,3.9,0.2,-1.6,1.7,5.2,0,92802,0,115,0, 
51.5600,0.8,7.3,2.7,0.5,-1.7,2.8,3.2,0,92808,0,116,0, 
51.5633,-2.0,4.4,0.1,0.6,-1.4,4.7,0.8,0,92814,0,117,0, 
51.5667,-3.7,0.9,-3.6,0.5,-0.4,5.5,-1.3,0,92820,0,118,0, 
51.5700,-3.6,-1.6,-6.0,0.9,0.6,4.0,-2.2,0,92826,0,119,0, 
51.5733,-1.7,-1.6,-5.3,1.9,1.0,0.9,-1.7,0,92832,0,120,0, 
51.5767,0.9,0.7,-1.4,3.4,0.1,-1.9,-0.2,0,92838,0,121,0, 
51.5800,3.1,4.2,3.6,4.9,-1.7,-2.8,1.4,0,92844,0,122,0, 
51.5833,4.2,6.9,6.8,5.4,-3.2,-1.6,2.4,0,92850,0,123,0, 
51.5867,3.9,7.6,7.0,4.5,-3.3,1.3,3.0,0,92856,0,124,0, 
51.5900,2.9,6.4,5.0,2.4,-1.9,4.9,3.8,0,92862,0,125,0, 
51.5933,1.9,4.5,3.1,-0.1,0.3,8.8,5.0,0,92868,0,126,0, 
51.5967,1.5,3.2,2.6,-1.9,2.3,12.3,6.3,0,92874,0,127,0, 
51.6000,2.1,2.9,3.4,-2.8,3.5,14.6,7.3,0,92880,0,128,0, 
51.6033,3.4,3.6,4.1,-3.1,4.1,14.6,7.5,0,92886,0,129,0, 
51.6067,5.1,4.4,3.5,-3.2,4.6,11.8,7.3,0,92892,0,130,0, 
51.6100,6.7,4.7,1.7,-3.4,5.1,7.4,6.9,0,92898,0,131,0, 
51.6133,7.9,4.2,-0.7,-3.6,5.2,3.8,6.7,0,92904,0,132,0, 
51.6167,8.6,2.8,-3.0,-3.4,4.6,3.0,6.2,0,92910,0,133,0, 
51.6200,8.7,1.0,-5.1,-2.8,3.0,4.7,5.0,0,92916,0,134,0, 
51.6233,8.4,-0.6,-7.1,-1.8,1.1,7.1,3.2,0,92922,0,135,0, 
51.6267,7.8,-1.4,-8.1,-0.8,-0.5,7.6,1.3,0,92928,0,136,0, 
51.6300,7.2,-0.9,-7.0,-0.1,-1.5,5.3,0.2,0,92934,0,137,0, 
51.6333,7.2,0.8,-3.4,0.6,-2.0,2.1,0.5,0,92940,0,138,1, sound 
51.6367,8.0,3.2,1.8,1.2,-2.0,1.1,2.0,0,92946,0,139,0, 
51.6400,9.4,5.4,6.2,1.9,-1.7,4.0,3.7,0,92952,0,140,0, 
51.6433,10.8,6.6,7.5,2.5,-0.6,9.8,4.5,0,92958,0,141,0, 
51.6467,11.7,6.2,5.4,2.8,1.1,14.8,3.7,0,92964,0,142,0, 
51.6500,11.9,4.8,1.8,2.8,2.8,15.6,1.3,0,92970,0,143,0, 
51.6533,11.8,3.3,-0.5,2.7,3.6,11.1,-1.9,0,92976,0,144,0, 
51.6567,12.1,2.6,0.1,2.7,2.6,3.8,-5.0,0,92982,0,145,0, 
51.6600,12.9,3.0,3.1,3.0,0.1,-2.3,-7.1,0,92988,0,146,0, 
51.6633,14.0,3.8,5.9,3.1,-2.5,-4.0,-7.8,0,92994,0,147,0, 
51.6667,14.3,4.4,6.7,2.7,-3.8,-0.9,-7.3,0,93000,0,148,0, 
51.6700,13.5,3.9,5.3,1.8,-2.8,4.4,-6.0,0,93006,0,149,0, 
51.6733,11.7,2.5,3.2,0.6,0.1,8.6,-4.5,0,93012,0,150,0, 
51.6767,9.7,0.6,2.2,-0.4,3.7,9.3,-3.3,0,93018,0,151,0, 
51.6800,8.4,-1.1,2.8,-0.9,6.4,6.7,-2.5,0,93024,0,152,0, 
51.6833,8.0,-2.7,3.3,-0.9,7.4,3.0,-1.9,0,93030,0,153,0, 
51.6867,7.8,-4.2,1.6,-0.7,6.8,0.9,-1.4,0,93036,0,154,0, 
51.6900,7.1,-5.7,-2.8,-0.9,5.4,1.6,-0.7,0,93042,0,155,0, 
51.6933,5.6,-6.5,-8.1,-1.2,4.0,4.3,0.2,0,93048,0,156,0, 
51.6967,3.8,-5.9,-10.8,-1.4,3.0,6.8,1.4,0,93054,0,157,0, 
51.7000,2.3,-3.6,-8.8,-0.9,2.6,7.5,2.7,0,93060,0,158,0, 
51.7033,1.6,0.0,-2.8,0.3,2.4,6.2,3.8,0,93066,0,159,0, 
51.7067,1.7,3.2,3.6,1.6,2.2,4.8,4.5,0,93072,0,160,0, 
51.7100,1.9,4.9,6.6,2.3,1.9,4.9,4.6,0,93078,0,161,0, 
51.7133,1.9,4.8,4.7,2.0,1.9,6.6,3.8,0,93084,0,162,0, 
51.7167,2.1,3.6,0.2,0.9,2.1,8.0,2.0,0,93090,0,163,0, 
51.7200,2.9,2.6,-2.9,0.0,2.5,6.9,-0.9,0,93096,0,164,0, 
51.7233,4.3,2.2,-1.4,0.3,3.1,3.1,-4.4,0,93102,0,165,0, 
51.7267,5.8,2.2,4.1,2.2,3.7,-1.0,-7.7,0,93108,0,166,0, 
51.7300,6.4,1.8,10.4,4.8,4.6,-2.6,-9.9,0,93114,0,167,0, 
51.7333,5.6,0.6,13.6,6.9,5.4,-0.7,-10.7,0,93120,0,168,0, 
51.7367,3.8,-1.2,12.2,7.7,5.9,2.8,-10.7,0,93126,0,169,0, 
51.7400,2.1,-3.0,7.3,7.1,5.3,4.3,-11.1,0,93132,0,170,0, 
51.7433,1.6,-4.6,2.3,5.7,3.4,2.0,-12.9,0,93138,0,171,0, 
51.7467,2.4,-6.1,-0.5,4.1,0.7,-2.5,-16.1,0,93144,0,172,0, 
51.7500,4.2,-7.6,-0.6,2.7,-1.5,-5.6,-19.6,0,93150,0,173,0, 
51.7533,6.1,-9.2,0.7,1.6,-2.2,-5.0,-21.7,0,93156,0,174,0, 
51.7567,7.7,-10.3,1.5,0.6,-1.0,-2.0,-21.4,0,93162,0,175,0, 
51.7600,9.3,-10.7,1.2,-0.1,0.9,-0.1,-18.4,0,93168,0,176,0, 
51.7633,11.4,-10.2,-0.1,-0.3,2.3,-1.9,-13.9,0,93174,0,177,0, 
51.7667,14.0,-9.2,-1.4,-0.3,2.5,-6.0,-9.0,0,93180,0,178,0, 
51.7700,16.8,-7.8,-2.0,-0.2,2.0,-8.4,-4.4,0,93186,0,179,0, 
51.7733,19.1,-5.9,-1.4,-0.3,1.9,-5.7,-0.1,0,93192,0,180,0, 
51.7767,20.3,-3.6,-0.2,-0.5,2.9,1.6,3.9,0,93198,0,181,0, 
51.7800,20.6,-1.4,1.2,-0.4,4.6,9.5,6.9,0,93204,0,182,0, 
51.7833,20.2,-0.6,1.9,0.0,5.4,13.0,8.0,0,93210,0,183,0, 
51.7867,18.9,-2.1,1.2,0.3,4.4,10.4,6.3,0,93216,0,184,0, 
51.7900,16.5,-5.8,-0.6,0.0,1.6,3.7,2.0,0,93222,0,185,0, 
51.7933,13.0,-10.3,-2.9,-1.2,-1.6,-2.9,-3.7,0,93228,0,186,0, 
51.7967,8.3,-13.8,-4.4,-2.7,-3.6,-6.7,-9.4,0,93234,0,187,0, 
51.8000,3.5,-15.2,-4.5,-3.3,-3.8,-7.8,-14.2,0,93240,0,188,0, 
51.8033,-0.7,-15.5,-4.3,-2.4,-3.0,-7.9,-18.1,0,93246,0,189,0, 
51.8067,-3.7,-16.2,-5.5,-0.6,-2.4,-8.6,-21.9,0,93252,0,190,0, 
51.8100,-5.6,-18.4,-9.6,0.8,-2.7,-9.7,-26.1,0,93258,0,191,0, 
51.8133,-6.8,-21.4,-15.6,0.6,-3.9,-10.2,-30.0,0,93264,0,192,0, 
51.8167,-7.6,-23.0,-20.0,-0.8,-5.1,-9.6,-32.1,0,93270,0,193,0, 
51.8200,-7.9,-21.5,-19.3,-1.9,-5.7,-8.7,-31.4,0,93276,0,194,0, 
51.8233,-7.3,-16.9,-12.7,-1.4,-5.5,-8.9,-28.2,0,93282,0,195,0, 
51.8267,-5.9,-11.6,-3.0,1.1,-4.8,-10.5,-24.0,0,93288,0,196,0, 
51.8300,-4.3,-8.2,4.6,4.0,-3.6,-12.7,-20.6,0,93294,0,197,0, 
51.8333,-3.3,-8.1,6.1,5.3,-1.9,-14.0,-18.8,0,93300,0,198,0, 
51.8367,-3.0,-10.5,1.4,4.2,0.2,-13.1,-18.0,0,93306,0,199,0, 
51.8400,-3.2,-12.9,-5.3,1.4,2.0,-10.2,-16.8,0,93312,0,200,0, 
51.8433,-2.8,-13.4,-9.3,-1.1,2.6,-6.6,-14.4,0,93318,0,201,0, 
51.8467,-1.3,-11.4,-8.1,-1.9,1.4,-4.1,-11.0,0,93324,0,202,0, 
51.8500,1.2,-8.3,-3.4,-1.0,-1.3,-3.5,-8.0,0,93330,0,203,0, 
51.8533,3.2,-6.2,0.9,0.2,-4.1,-5.0,-7.0,0,93336,0,204,0, 
51.8567,3.4,-6.4,1.6,0.5,-5.9,-8.2,-8.7,0,93342,0,205,0, 
51.8600,1.1,-9.1,-1.7,-0.6,-6.5,-12.4,-12.3,0,93348,0,206,0, 
51.8633,-2.5,-13.0,-6.9,-2.6,-6.7,-16.7,-16.2,0,93354,0,207,0, 
51.8667,-5.7,-16.3,-11.2,-4.3,-7.5,-20.0,-18.5,0,93360,0,208,0, 
51.8700,-6.8,-17.4,-13.1,-4.9,-9.0,-21.1,-18.3,0,93366,0,209,0, 
51.8733,-5.6,-15.6,-12.3,-4.2,-10.2,-19.5,-15.6,0,93372,0,210,0, 
51.8767,-3.5,-11.6,-9.6,-2.7,-10.1,-15.4,-11.4,0,93378,0,211,0, 
51.8800,-2.7,-7.0,-5.9,-0.7,-8.4,-10.3,-7.1,0,93384,0,212,0, 
51.8833,-4.0,-3.6,-2.1,1.1,-5.9,-6.0,-4.1,0,93390,0,213,0, 
51.8867,-6.8,-2.4,0.6,2.3,-4.2,-3.9,-3.0,0,93396,0,214,0, 
51.8900,-9.2,-3.1,1.5,2.4,-3.8,-4.0,-3.4,0,93402,0,215,0, 
51.8933,-9.5,-4.3,0.7,1.5,-4.4,-5.2,-3.8,0,93408,0,216,0, 
51.8967,-7.4,-4.3,-0.6,0.1,-5.0,-6.2,-3.4,0,93414,0,217,0, 
51.9000,-4.3,-2.7,-1.1,-0.8,-4.6,-6.9,-2.0,0,93420,0,218,0, 
51.9033,-2.0,-0.6,-0.6,-0.5,-3.4,-7.8,-0.6,0,93426,0,219,0, 
51.9067,-1.8,0.3,-0.2,0.5,-2.3,-10.1,-0.8,0,93432,0,220,0, 
51.9100,-3.6,-1.4,-1.7,1.3,-2.0,-13.9,-3.3,0,93438,0,221,0, 
51.9133,-6.5,-5.4,-5.3,0.8,-2.6,-18.2,-7.6,0,93444,0,222,0, 
51.9167,-9.4,-10.1,-9.0,-1.0,-3.6,-21.1,-12.2,0,93450,0,223,0, 
51.9200,-11.8,-13.5,-10.1,-3.4,-4.5,-21.7,-15.9,0,93456,0,224,0, 
51.9233,-13.8,-14.3,-7.8,-5.0,-4.9,-20.1,-18.1,0,93462,0,225,0, 
51.9267,-14.9,-13.1,-3.7,-5.3,-4.9,-17.2,-18.8,0,93468,0,226,0, 
51.9300,-14.6,-11.2,-1.5,-4.6,-4.4,-14.1,-17.9,0,93474,0,227,0, 
51.9333,-12.6,-9.8,-3.2,-3.6,-3.6,-11.0,-15.2,0,93480,0,228,0, 
51.9367,-8.9,-9.3,-7.9,-3.4,-2.5,-7.7,-10.7,0,93486,0,229,0, 
51.9400,-4.8,-9.2,-12.0,-4.0,-1.5,-4.6,-5.0,0,93492,0,230,0, 
51.9433,-2.0,-8.7,-12.8,-4.9,-1.3,-2.7,0.2,0,93498,0,231,0, 
51.9467,-1.4,-7.7,-9.9,-5.5,-2.3,-3.0,3.1,0,93504,0,232,0, 
51.9500,-2.8,-6.5,-5.7,-5.3,-4.4,-5.9,3.0,0,93510,0,233,0, 
51.9533,-4.6,-5.3,-2.9,-4.3,-6.5,-10.1,1.2,0,93516,0,234,0, 
51.9567,-5.4,-4.0,-2.3,-2.9,-7.8,-13.8,-0.4,0,93522,0,235,0, 
51.9600,-4.1,-2.3,-2.4,-1.3,-7.8,-15.2,-0.3,0,93528,0,236,0, 
51.9633,-1.5,0.4,-1.5,0.2,-6.8,-14.3,1.3,0,93534,0,237,0, 
51.9667,1.0,3.6,0.8,1.3,-5.7,-12.7,2.5,0,93540,0,238,0, 
51.9700,1.9,6.7,3.4,2.1,-5.1,-12.3,1.3,0,93546,0,239,0, 
51.9733,0.8,8.5,4.8,2.3,-5.0,-14.2,-2.5,0,93552,0,240,0, 
51.9767,-1.7,8.5,4.4,1.9,-4.8,-17.6,-7.4,0,93558,0,241,0, 
51.9800,-3.9,7.2,2.8,1.0,-4.1,-19.9,-11.0,0,93564,0,242,0, 
51.9833,-4.8,5.6,1.3,-0.1,-2.7,-18.7,-11.3,0,93570,0,243,0, 
51.9867,-4.2,4.4,0.7,-1.3,-1.4,-13.2,-8.1,0,93576,0,244,0, 
51.9900,-3.0,4.3,1.0,-2.2,-0.8,-5.2,-2.7,0,93582,0,245,0, 
51.9933,-2.1,4.7,2.0,-2.5,-1.3,1.6,3.0,0,93588,0,246,0, 
51.9967,-1.8,5.0,3.3,-2.1,-2.1,4.0,7.7,0,93594,0,247,0, 
52.0000,-1.6,4.8,4.9,-1.4,-2.2,1.7,10.9,0,93600,0,248,0, 
52.0033,-0.6,4.2,6.3,-0.7,-1.0,-2.7,12.7,0,93606,0,249,0, 
52.0067,1.6,3.6,6.9,-0.5,1.2,-4.8,13.7,0,93612,0,250,0, 
52.0100,4.2,3.2,6.4,-0.7,3.4,-2.3,14.1,0,93618,0,251,0, 
52.0133,6.1,3.2,4.8,-1.3,4.2,3.9,14.2,0,93624,0,252,0, 
52.0167,6.7,2.8,3.0,-1.9,3.4,9.8,13.9,0,93630,0,253,0, 
52.0200,6.2,1.6,1.5,-2.7,1.6,11.3,13.2,0,93636,0,254,0, 
52.0233,5.6,-0.4,0.4,-3.4,0.0,7.5,11.6,0,93642,0,255,0, 
52.0267,6.0,-2.8,-0.5,-4.2,-0.1,0.9,9.1,0,93648,0,0,0, 
52.0300,7.1,-4.3,-1.1,-4.7,1.2,-4.2,6.4,0,93654,0,1,0, 
52.0333,8.3,-4.2,-1.0,-4.5,3.4,-4.8,4.7,0,93660,0,2,0, 
52.0367,8.8,-2.0,0.7,-3.5,5.2,-1.1,5.4,0,93666,0,3,0, 
52.0400,8.7,1.6,3.9,-2.1,6.1,4.3,9.0,0,93672,0,4,0, 
52.0433,8.6,5.7,7.7,-1.0,6.1,8.4,14.6,0,93678,0,5,0, 
52.0467,9.0,9.2,10.3,-0.5,5.4,9.8,20.1,0,93684,0,6,0, 
52.0500,9.6,11.2,10.3,-0.8,4.8,9.0,23.4,0,93690,0,7,0, 
52.0533,9.5,11.6,8.0,-1.2,4.5,7.3,23.5,0,93696,0,8,0, 
52.0567,8.0,11.0,4.8,-1.2,4.3,5.9,21.1,0,93702,0,9,0, 
52.0600,5.1,10.1,2.5,-0.9,4.1,4.9,17.9,0,93708,0,10,0, 
52.0633,1.8,9.6,2.2,-0.8,4.0,4.4,15.2,0,93714,0,11,0, 
52.0667,-1.0,9.4,3.2,-1.3,4.0,4.7,13.5,0,93720,0,12,0, 
52.0700,-2.8,9.2,4.0,-2.2,4.2,5.8,12.3,0,93726,0,13,0, 
52.0733,-4.0,8.1,3.4,-2.8,4.9,7.1,11.0,0,93732,0,14,0, 
52.0767,-4.9,6.1,1.7,-2.3,5.7,7.9,9.8,0,93738,0,15,0, 
52.0800,-5.7,4.1,0.3,-0.6,6.5,7.7,9.4,0,93744,0,16,0, 
52.0833,-5.8,3.1,0.5,1.6,6.6,6.8,10.6,0,93750,0,17,0, 
52.0867,-4.9,3.7,2.6,3.4,5.8,6.1,13.2,0,93756,0,18,0, 
52.0900,-3.1,5.4,5.0,4.0,4.3,6.3,15.8,0,93762,0,19,0, 
52.0933,-1.0,6.9,5.4,3.4,2.4,6.7,16.5,0,93768,0,20,0, 
52.0967,0.3,7.0,2.6,2.2,0.8,6.0,14.4,0,93774,0,21,0, 
52.1000,0.6,5.9,-2.4,0.8,0.0,3.9,10.1,0,93780,0,22,0, 
52.1033,0.1,4.7,-6.6,-0.4,-0.2,1.2,5.7,0,93786,0,23,0, 
52.1067,-0.4,4.8,-7.4,-1.0,-0.3,-0.1,3.4,0,93792,0,24,0, 
52.1100,-0.1,6.6,-3.8,-1.1,-0.9,1.1,4.2,0,93798,0,25,0, 
52.1133,1.3,9.2,1.9,-0.7,-2.1,4.1,6.9,0,93804,0,26,0, 
52.1167,3.4,10.9,6.6,0.2,-3.4,7.1,9.3,0,93810,0,27,0, 
52.1200,5.8,11.0,8.0,1.0,-3.9,8.6,10.2,0,93816,0,28,0, 
52.1233,7.9,10.1,6.7,1.5,-3.1,9.3,9.7,0,93822,0,29,0, 
52.1267,9.4,10.0,5.3,1.5,-1.3,10.7,9.8,0,93828,0,30,0, 
52.1300,10.4,11.7,6.7,1.4,0.5,13.9,11.9,0,93834,0,31,0, 
52.1333,11.1,15.0,11.4,1.6,0.9,17.3,15.7,0,93840,0,32,0, 
52.1367,11.7,18.0,16.9,2.3,-0.4,18.2,18.6,0,93846,0,33,0, 
52.1400,11.9,18.4,19.9,3.2,-2.6,15.3,18.0,0,93852,0,34,0, 
52.1433,11.2,15.5,18.0,3.5,-4.1,10.1,12.7,0,93858,0,35,0, 
52.1467,9.4,10.1,11.6,2.8,-3.3,6.6,4.9,0,93864,0,36,0, 
52.1500,6.7,4.6,3.3,1.2,-0.3,7.6,-1.8,0,93870,0,37,0, 
52.1533,4.2,1.1,-3.6,-0.6,3.4,12.5,-4.3,0,93876,0,38,0, 
52.1567,2.9,0.4,-7.0,-2.2,5.6,17.0,-2.1,0,93882,0,39,0, 
52.1600,3.3,2.2,-6.7,-3.2,5.0,17.2,2.4,0,93888,0,40,0, 
52.1633,4.9,5.2,-3.7,-3.8,2.1,12.4,6.3,0,93894,0,41,0, 
52.1667,6.7,8.3,0.8,-3.9,-1.2,6.5,7.9,0,93900,0,42,0, 
52.1700,7.6,11.0,5.6,-3.3,-2.6,4.2,7.7,0,93906,0,43,0, 
52.1733,6.9,13.0,10.0,-2.0,-1.6,7.6,7.3,0,93912,0,44,0, 
52.1767,4.7,14.1,13.0,-0.1,0.9,13.8,8.1,0,93918,0,45,0, 
52.1800,1.6,13.9,13.3,1.2,3.1,18.1,9.5,0,93924,0,46,0, 
52.1833,-1.7,12.0,10.5,1.1,3.8,17.1,10.2,0,93930,0,47,0, 
52.1867,-5.0,8.4,4.9,-1.0,2.9,12.1,9.2,0,93936,0,48,0, 
52.1900,-7.8,4.2,-1.8,-4.3,1.5,6.9,6.5,0,93942,0,49,0, 
52.1933,-9.9,0.6,-7.4,-7.7,0.6,4.8,3.3,0,93948,0,50,0, 
52.1967,-10.8,-1.2,-10.7,-10.2,0.5,5.7,0.8,0,93954,0,51,0, 
52.2000,-10.7,-1.2,-11.6,-11.6,0.6,6.8,-0.5,0,93960,0,52,0, 
52.2033,-10.0,-0.5,-11.3,-12.4,0.3,5.7,-0.9,0,93966,0,53,0, 
52.2067,-9.8,-0.5,-11.0,-12.8,-0.3,2.8,-1.0,0,93972,0,54,0, 
52.2100,-11.0,-1.9,-10.9,-12.8,-0.8,1.0,-1.2,0,93978,0,55,0, 
52.2133,-13.9,-4.1,-10.3,-12.0,-1.0,2.2,-1.6,0,93984,0,56,0, 
52.2167,-17.7,-6.0,-8.6,-10.2,-1.3,5.1,-2.5,0,93990,0,57,0, 
52.2200,-21.3,-6.6,-5.9,-8.2,-2.3,6.3,-4.0,0,93996,0,58,0, 
52.2233,-23.5,-6.3,-3.6,-6.9,-4.3,3.2,-6.5,0,94002,0,59,0, 
52.2267,-24.3,-6.4,-3.7,-7.0,-6.8,-3.1,-9.6,0,94008,0,60,0, 
52.2300,-24.5,-8.1,-6.9,-8.2,-8.6,-8.3,-12.6,0,94014,0,61,0, 
52.2333,-25.1,-11.9,-12.7,-9.7,-9.0,-8.5,-15.1,0,94020,0,62,0, 
52.2367,-26.9,-17.1,-19.5,-10.7,-8.4,-4.5,-17.0,0,94026,0,63,0, 
52.2400,-29.5,-22.6,-25.6,-11.1,-7.7,-1.2,-19.3,0,94032,0,64,0, 
52.2433,-32.2,-27.5,-30.0,-11.6,-8.1,-4.0,-22.6,0,94038,0,65,0, 
52.2467,-34.0,-31.4,-32.8,-12.6,-9.5,-14.3,-26.8,0,94044,0,66,0, 
52.2500,-34.9,-34.0,-33.8,-14.0,-10.9,-27.5,-31.1,0,94050,0,67,0, 
52.2533,-35.1,-34.9,-32.9,-15.3,-11.3,-36.6,-33.7,0,94056,0,68,0, 
52.2567,-35.5,-33.8,-30.1,-15.9,-10.5,-37.1,-33.9,0,94062,0,69,0, 
52.2600,-36.2,-30.6,-26.0,-15.9,-9.5,-30.8,-31.8,0,94068,0,70,0, 
52.2633,-37.2,-26.1,-22.1,-15.8,-9.5,-23.3,-28.6,0,94074,0,71,0, 
52.2667,-38.2,-22.1,-20.2,-16.0,-11.2,-20.0,-26.0,0,94080,0,72,0, 
52.2700,-38.7,-20.6,-21.6,-16.5,-13.7,-21.9,-24.8,0,94086,0,73,0, 
52.2733,-38.9,-22.1,-25.7,-16.8,-15.2,-25.8,-25.2,0,94092,0,74,0, 
52.2767,-38.9,-25.8,-30.6,-16.5,-14.5,-27.8,-26.8,0,94098,0,75,0, 
52.2800,-38.6,-29.7,-33.9,-15.5,-11.6,-26.1,-28.7,0,94104,0,76,0, 
52.2833,-38.1,-32.2,-34.4,-14.2,-8.3,-22.4,-30.2,0,94110,0,77,0, 
52.2867,-37.5,-32.2,-32.2,-13.1,-6.9,-19.1,-30.6,0,94116,0,78,0, 
52.2900,-36.9,-30.4,-28.8,-12.4,-8.4,-17.5,-29.7,0,94122,0,79,0, 
52.2933,-36.4,-28.0,-25.5,-11.7,-12.2,-16.8,-28.0,0,94128,0,80,0, 
52.2967,-35.8,-25.9,-23.0,-10.8,-15.9,-15.9,-26.3,0,94134,0,81,0, 
52.3000,-35.0,-24.6,-20.8,-9.7,-17.3,-14.7,-25.5,0,94140,0,82,0, 
52.3033,-33.8,-23.9,-18.7,-8.7,-15.7,-13.8,-25.8,0,94146,0,83,0, 
52.3067,-32.7,-23.3,-16.5,-8.1,-12.4,-14.1,-26.4,0,94152,0,84,0, 
52.3100,-32.7,-22.5,-14.9,-8.1,-9.8,-15.2,-26.6,0,94158,0,85,0, 
52.3133,-34.2,-21.8,-14.7,-8.4,-9.5,-16.3,-25.7,0,94164,0,86,0, 
52.3167,-36.9,-21.5,-16.3,-8.4,-11.1,-17.1,-24.4,0,94170,0,87,0, 
52.3200,-39.5,-22.0,-19.1,-8.0,-12.7,-18.1,-23.8,0,94176,0,88,0, 
52.3233,-40.8,-23.2,-21.6,-7.1,-12.6,-20.1,-24.8,0,94182,0,89,0, 
52.3267,-40.3,-24.9,-22.5,-6.0,-10.6,-22.9,-26.9,0,94188,0,90,0, 
52.3300,-38.8,-26.6,-21.6,-4.8,-8.1,-25.4,-28.8,0,94194,0,91,0, 
52.3333,-37.3,-27.9,-19.9,-3.9,-7.3,-26.7,-29.3,0,94200,0,92,0, 
52.3367,-35.9,-28.8,-19.1,-3.5,-8.9,-26.9,-28.0,0,94206,0,93,0, 
52.3400,-34.3,-29.3,-20.1,-3.6,-11.8,-26.8,-25.6,0,94212,0,94,0, 
52.3433,-31.4,-29.1,-22.3,-4.5,-14.0,-26.8,-23.5,0,94218,0,95,0, 
52.3467,-26.9,-27.8,-23.4,-6.0,-14.3,-26.3,-22.3,0,94224,0,96,0, 
52.3500,-21.9,-25.2,-21.8,-7.3,-12.7,-24.2,-21.9,0,94230,0,97,0, 
52.3533,-17.6,-21.8,-17.6,-7.9,-10.9,-20.6,-21.6,0,94236,0,98,0, 
52.3567,-14.8,-18.2,-12.8,-7.4,-9.9,-17.1,-20.5,0,94242,0,99,0, 
52.3600,-13.1,-15.2,-9.8,-6.1,-9.6,-15.8,-18.4,0,94248,0,100,0, 
52.3633,-11.6,-13.1,-9.7,-4.8,-9.0,-17.1,-15.8,0,94254,0,101,0, 
52.3667,-9.6,-11.2,-11.0,-4.1,-7.2,-19.0,-13.5,0,94260,0,102,0, 
52.3700,-7.5,-9.2,-11.1,-4.1,-4.9,-19.1,-12.4,0,94266,0,103,0, 
52.3733,-6.3,-7.0,-8.7,-4.0,-3.3,-16.5,-12.9,0,94272,0,104,0, 
52.3767,-6.9,-5.6,-4.8,-3.2,-3.2,-13.1,-15.1,0,94278,0,105,0, 
52.3800,-9.1,-6.4,-2.1,-1.7,-3.9,-11.7,-18.7,0,94284,0,106,0, 
52.3833,-11.9,-9.7,-2.3,-0.1,-3.8,-13.4,-22.7,0,94290,0,107,0, 
52.3867,-14.0,-14.7,-5.4,0.7,-2.1,-16.4,-26.1,0,94296,0,108,0, 
52.3900,-14.4,-19.5,-9.6,0.0,0.6,-17.3,-28.2,0,94302,0,109,0, 
52.3933,-13.3,-22.7,-13.0,-1.6,2.1,-14.3,-28.3,0,94308,0,110,0, 
52.3967,-11.4,-23.2,-14.6,-3.0,1.1,-8.5,-26.1,0,94314,0,111,0, 
52.4000,-9.3,-21.4,-14.6,-3.1,-1.8,-3.7,-22.0,0,94320,0,112,0, 
52.4033,-7.4,-17.7,-12.8,-1.3,-4.5,-2.9,-16.5,0,94326,0,113,0, 
52.4067,-5.3,-12.6,-8.8,1.6,-4.7,-5.9,-11.0,0,94332,0,114,0, 
52.4100,-2.7,-6.7,-2.9,4.4,-2.1,-9.7,-6.4,0,94338,0,115,0, 
52.4133,0.4,-1.1,3.1,5.9,1.6,-10.8,-3.4,0,94344,0,116,0, 
52.4167,3.7,3.0,6.5,5.7,3.9,-8.1,-1.7,0,94350,0,117,0, 
52.4200,6.1,4.3,5.5,4.4,3.7,-3.4,-0.5,0,94356,0,118,0, 
52.4233,6.7,2.8,1.4,3.1,1.8,-0.3,0.9,0,94362,0,119,0, 
52.4267,5.0,-0.3,-2.2,2.7,-0.1,-0.5,2.6,0,94368,0,120,0, 
52.4300,1.8,-3.0,-2.4,3.3,-0.5,-3.1,3.7,0,94374,0,121,0, 
52.4333,-1.3,-4.3,0.5,4.3,0.3,-5.3,3.6,0,94380,0,122,0, 
52.4367,-2.7,-4.7,3.0,4.8,1.1,-5.0,2.4,0,94386,0,123,0, 
52.4400,-1.9,-5.3,1.1,4.2,0.7,-2.4,0.9,0,94392,0,124,0, 
52.4433,0.2,-7.0,-5.7,3.1,-0.7,0.2,-0.1,0,94398,0,125,0, 
52.4467,2.1,-9.3,-13.5,2.4,-2.3,-0.1,-0.1,0,94404,0,126,0, 
52.4500,2.8,-10.9,-17.5,2.9,-3.1,-3.9,0.0,0,94410,0,127,0, 
52.4533,2.2,-10.3,-15.2,4.4,-2.9,-9.8,-0.7,0,94416,0,128,0, 
52.4567,1.5,-7.3,-8.7,5.9,-2.5,-14.9,-2.6,0,94422,0,129,0, 
52.4600,1.5,-2.8,-2.5,6.4,-2.8,-17.2,-4.9,0,94428,0,130,0, 
52.4633,2.5,2.0,0.4,5.7,-4.4,-16.9,-6.5,0,94434,0,131,0, 
52.4667,3.6,6.2,0.4,4.5,-6.8,-15.4,-6.3,0,94440,0,132,0, 
52.4700,3.9,9.3,0.5,3.9,-9.0,-13.8,-4.6,0,94446,0,133,0, 
52.4733,3.4,11.2,2.6,4.2,-9.5,-11.7,-2.3,0,94452,0,134,0, 
52.4767,3.1,11.3,5.4,4.8,-7.5,-8.0,-0.1,0,94458,0,135,0, 
52.4800,4.1,9.7,6.2,4.9,-3.7,-2.4,1.8,0,94464,0,136,0, 
52.4833,6.9,6.7,3.4,4.3,0.5,2.9,3.7,0,94470,0,137,0, 
52.4867,10.7,3.9,-1.2,3.3,3.3,4.9,6.0,0,94476,0,138,0, 
52.4900,14.0,2.7,-3.7,3.0,3.4,2.0,8.5,0,94482,0,139,0, 
52.4933,15.6,3.7,-1.1,3.5,1.4,-4.0,10.8,0,94488,0,140,0, 
52.4967,15.6,6.3,5.5,4.3,-1.3,-8.8,12.5,0,94494,0,141,0, 
52.5000,14.7,9.0,11.8,4.7,-2.8,-8.4,13.8,0,94500,0,142,0, 
52.5033,14.4,10.6,13.6,4.3,-2.1,-2.5,15.1,0,94506,0,143,0, 
52.5067,15.3,10.8,9.4,3.8,0.3,5.4,16.6,0,94512,0,144,0, 
52.5100,17.1,10.2,2.2,3.9,3.0,10.4,17.8,0,94518,0,145,0, 
52.5133,18.9,9.8,-3.4,4.9,4.7,10.3,18.0,0,94524,0,146,0, 
52.5167,19.5,9.9,-4.6,6.2,4.9,6.9,16.8,0,94530,0,147,0, 
52.5200,18.4,10.1,-1.9,6.7,4.1,4.6,14.6,0,94536,0,148,0, 
52.5233,16.2,9.8,1.5,5.9,3.2,6.1,12.2,0,94542,0,149,0, 
52.5267,13.7,8.9,2.7,4.3,3.1,10.7,10.6,0,94548,0,150,0, 
52.5300,11.6,7.8,1.3,3.2,3.8,14.4,9.8,0,94554,0,151,0, 
52.5333,10.0,6.9,-0.8,3.4,4.9,13.8,9.4,0,94560,0,152,0, 
52.5367,8.8,6.5,-1.0,4.9,5.4,8.0,8.5,0,94566,0,153,0, 
52.5400,7.6,6.3,1.0,6.5,4.7,-0.1,6.7,0,94572,0,154,0, 
52.5433,6.2,5.9,3.5,7.2,2.8,-6.9,4.4,0,94578,0,155,0, 
52.5467,5.0,5.1,4.2,6.2,0.3,-10.1,2.3,0,94584,0,156,0, 
52.5500,4.1,3.9,2.3,4.1,-1.6,-9.6,1.1,0,94590,0,157,0, 
52.5533,3.5,2.8,-0.5,1.9,-2.0,-6.7,1.1,0,94596,0,158,0, 
52.5567,3.3,2.0,-1.9,0.5,-0.6,-2.8,1.8,0,94602,0,159,0, 
52.5600,3.5,1.6,-0.7,0.2,1.8,1.2,2.5,0,94608,0,160,0, 
52.5633,4.3,1.5,1.7,0.9,3.9,4.3,2.7,0,94614,0,161,0, 
52.5667,5.9,1.7,2.9,2.1,4.9,5.4,2.8,0,94620,0,162,0, 
52.5700,8.2,2.7,1.7,3.4,4.8,3.4,3.4,0,94626,0,163,0, 
52.5733,10.4,4.6,-0.4,4.3,4.0,-1.1,5.3,0,94632,0,164,0, 
52.5767,11.7,7.5,-0.1,4.6,3.2,-5.8,8.4,0,94638,0,165,0, 
52.5800,11.8,10.5,4.1,4.3,2.9,-8.1,11.4,0,94644,0,166,0, 
52.5833,11.1,12.7,10.6,3.5,2.9,-6.5,13.2,0,94650,0,167,0, 
52.5867,10.3,13.0,15.1,2.5,3.1,-2.5,12.9,0,94656,0,168,0, 
52.5900,10.3,11.3,14.0,1.4,3.4,1.5,11.2,0,94662,0,169,0, 
52.5933,11.0,8.7,7.7,0.2,4.0,3.6,9.8,0,94668,0,170,0, 
52.5967,12.1,6.7,0.4,-1.0,5.0,3.9,10.0,0,94674,0,171,0, 
52.6000,12.8,6.6,-3.1,-2.2,6.0,4.5,12.4,0,94680,0,172,0, 
52.6033,13.0,8.3,-0.5,-3.0,6.7,6.4,15.7,0,94686,0,173,0, 
52.6067,13.0,10.8,5.8,-2.7,6.7,8.9,18.2,0,94692,0,174,0, 
52.6100,13.2,12.9,11.1,-1.1,5.7,9.7,18.7,0,94698,0,175,0, 
52.6133,13.9,13.7,11.9,1.5,3.9,7.5,17.3,0,94704,0,176,0, 
52.6167,14.7,13.6,8.6,4.0,1.7,3.5,15.5,0,94710,0,177,0, 
52.6200,15.2,13.6,4.4,5.3,0.1,0.9,15.1,0,94716,0,178,0, 
52.6233,15.0,14.7,3.0,5.3,0.0,2.6,16.6,0,94722,0,179,0, 
52.6267,14.3,16.9,5.9,4.8,1.8,8.6,19.8,0,94728,0,180,0, 
52.6300,13.4,19.4,11.6,5.1,4.9,15.2,23.2,0,94734,0,181,0, 
52.6333,12.6,21.2,17.2,6.8,8.1,18.0,25.1,0,94740,0,182,0, 
52.6367,11.9,21.1,20.2,9.1,9.6,14.5,24.7,0,94746,0,183,0, 
52.6400,10.8,19.0,19.8,10.5,8.8,6.1,21.7,0,94752,0,184,0, 
52.6433,9.3,15.2,16.3,9.5,6.8,-2.6,17.2,0,94758,0,185,0, 
52.6467,7.2,10.8,10.9,6.2,5.4,-6.8,12.5,0,94764,0,186,0, 
52.6500,5.4,7.0,5.0,2.2,5.8,-4.8,9.3,0,94770,0,187,0, 
52.6533,4.4,5.2,0.6,-0.7,7.7,1.7,8.5,0,94776,0,188,0, 
52.6567,4.6,5.8,-0.5,-1.3,9.2,8.1,10.1,0,94782,0,189,0, 
52.6600,5.7,8.3,2.5,-0.1,8.3,10.4,12.8,0,94788,0,190,0, 
52.6633,6.9,11.6,8.7,1.8,4.9,7.0,14.8,0,94794,0,191,0, 
52.6667,7.4,14.0,15.0,3.2,0.6,0.4,14.8,0,94800,0,192,0, 
52.6700,6.9,14.3,18.3,4.0,-2.1,-5.1,12.8,0,94806,0,193,0, 
52.6733,5.9,12.4,16.9,4.7,-1.7,-5.7,9.5,0,94812,0,194,0, 
52.6767,5.1,9.0,11.8,5.4,1.1,-1.1,6.4,0,94818,0,195,0, 
52.6800,5.4,5.6,6.5,6.0,4.4,5.2,3.9,0,94824,0,196,0, 
52.6833,6.6,3.4,3.8,5.8,6.3,8.5,2.2,0,94830,0,197,0, 
52.6867,8.3,2.7,4.4,4.8,6.6,6.6,0.9,0,94836,0,198,0, 
52.6900,9.5,3.3,6.4,3.3,6.1,1.6,0.1,0,94842,0,199,0, 
52.6933,9.8,4.5,7.0,2.1,5.9,-1.7,0.2,0,94848,0,200,0, 
52.6967,9.4,5.6,4.7,1.8,6.4,0.5,1.3,0,94854,0,201,0, 
52.7000,9.0,6.3,1.0,2.1,7.1,7.1,3.2,0,94860,0,202,0, 
52.7033,9.0,6.8,-1.2,2.5,7.5,13.0,5.0,0,94866,0,203,0, 
52.7067,9.7,7.2,0.2,2.3,7.5,12.9,6.1,0,94872,0,204,0, 
52.7100,10.6,7.9,4.7,1.8,7.4,6.1,6.5,0,94878,0,205,0, 
52.7133,11.3,8.6,9.4,1.4,7.6,-3.0,7.0,0,94884,0,206,0, 
52.7167,11.3,9.0,11.3,1.4,8.2,-8.0,8.0,0,94890,0,207,0, 
52.7200,10.7,8.6,9.4,1.5,8.6,-6.1,9.6,0,94896,0,208,0, 
52.7233,10.0,7.8,5.1,1.5,8.5,0.1,11.2,0,94902,0,209,0, 
52.7267,9.7,6.9,1.5,1.1,8.0,5.2,12.1,0,94908,0,210,0, 
52.7300,10.2,6.6,0.4,0.4,7.8,5.5,12.0,0,94914,0,211,0, 
52.7333,11.3,6.8,1.3,-0.2,8.3,2.0,11.3,0,94920,0,212,0, 
52.7367,12.2,6.9,2.2,-0.5,9.4,-1.4,10.2,0,94926,0,213,0, 
52.7400,12.4,6.3,1.4,-0.7,10.2,-1.6,9.1,0,94932,0,214,0, 
52.7433,11.7,5.0,-1.0,-0.9,10.1,0.9,8.0,0,94938,0,215,0, 
52.7467,11.0,3.7,-3.5,-1.2,9.1,3.2,7.4,0,94944,0,216,0, 
52.7500,11.1,3.3,-4.0,-1.3,7.7,3.3,7.6,0,94950,0,217,0, 
52.7533,12.5,4.4,-1.8,-1.1,6.8,2.0,9.0,0,94956,0,218,0, 
52.7567,14.9,6.4,2.0,-0.5,6.8,2.3,10.8,0,94962,0,219,0, 
52.7600,17.1,8.3,5.5,0.2,7.7,5.6,12.3,0,94968,0,220,0, 
52.7633,17.9,9.3,7.4,0.6,8.6,10.2,12.8,0,94974,0,221,0, 
52.7667,17.1,9.4,7.4,0.7,9.3,12.5,12.3,0,94980,0,222,0, 
52.7700,15.2,9.2,6.5,0.6,9.7,10.3,11.9,0,94986,0,223,0, 
52.7733,13.5,9.3,5.6,0.6,10.2,4.8,12.6,0,94992,0,224,0, 
52.7767,12.3,9.6,5.3,0.8,10.9,0.0,14.0,0,94998,0,225,0, 
52.7800,11.4,9.3,5.9,1.0,11.3,-0.9,15.1,0,95004,0,226,0, 
52.7833,9.8,8.0,7.0,1.2,10.3,2.1,14.5,0,95010,0,227,0, 
52.7867,7.2,6.0,7.9,1.5,7.7,5.8,12.1,0,95016,0,228,0, 
52.7900,4.1,4.0,7.7,2.1,4.1,6.5,8.9,0,95022,0,229,0, 
52.7933,1.8,2.4,5.7,2.7,1.2,3.4,6.2,0,95028,0,230,0, 
52.7967,1.2,1.4,2.2,2.8,0.5,-1.6,5.0,0,95034,0,231,0, 
52.8000,2.1,0.6,-1.2,2.1,2.2,-5.0,4.8,0,95040,0,232,0, 
52.8033,3.7,0.0,-2.3,0.9,5.1,-4.9,4.8,0,95046,0,233,0, 
52.8067,4.7,-0.1,0.1,0.1,7.1,-1.9,4.5,0,95052,0,234,0, 
52.8100,4.6,0.7,5.0,0.2,7.2,1.7,4.4,0,95058,0,235,0, 
52.8133,3.6,2.1,9.4,1.4,5.8,3.8,4.9,0,95064,0,236,0, 
52.8167,2.5,3.0,10.4,2.8,4.8,4.0,6.5,0,95070,0,237,0, 
52.8200,1.6,2.6,7.9,3.4,5.3,3.5,8.5,0,95076,0,238,0, 
52.8233,1.2,1.2,4.4,3.1,7.0,4.2,10.2,0,95082,0,239,0, 
52.8267,1.2,0.5,3.3,2.3,8.5,7.1,11.2,0,95088,0,240,0, 
52.8300,1.8,1.9,5.7,1.9,8.2,11.4,11.9,0,95094,0,241,0, 
52.8333,3.1,5.3,9.7,2.1,5.7,14.6,12.3,0,95100,0,242,0, 
52.8367,4.6,9.0,11.6,2.7,2.5,14.4,12.6,0,95106,0,243,0, 
52.8400,5.7,10.8,9.5,3.0,0.1,9.6,12.2,0,95112,0,244,0, 
52.8433,5.5,9.9,5.1,2.5,-0.4,1.8,10.7,0,95118,0,245,0, 
52.8467,3.7,7.6,2.3,1.5,0.2,-5.4,8.7,0,95124,0,246,0, 
52.8500,1.2,6.1,3.8,0.6,1.0,-8.0,7.2,0,95130,0,247,0, 
52.8533,-0.9,7.0,8.7,-0.2,1.2,-4.3,7.0,0,95136,0,248,0, 
52.8567,-1.4,9.8,13.1,-0.7,1.2,3.6,8.2,0,95142,0,249,0, 
52.8600,-0.5,12.5,13.6,-1.4,1.6,11.4,9.9,0,95148,0,250,0, 
52.8633,1.2,13.3,9.6,-2.2,2.7,14.6,11.0,0,95154,0,251,0, 
52.8667,2.5,11.6,3.8,-3.0,3.7,11.7,10.6,0,95160,0,252,0, 
52.8700,2.8,8.5,-0.3,-3.5,3.9,5.0,8.8,0,95166,0,253,0, 
52.8733,1.7,5.6,-1.3,-3.6,3.2,-0.8,6.6,0,95172,0,254,0, 
52.8767,-0.7,3.5,0.0,-3.7,2.4,-2.3,4.7,0,95178,0,255,0, 
52.8800,-3.9,2.2,1.5,-3.7,2.0,0.6,3.1,0,95184,0,0,0, 
52.8833,-7.4,0.9,1.8,-3.8,1.9,4.8,1.5,0,95190,0,1,0, 
52.8867,-9.9,-0.8,0.9,-4.0,1.1,6.1,-0.9,0,95196,0,2,0, 
52.8900,-10.5,-2.9,-0.9,-4.1,-1.2,2.4,-4.3,0,95202,0,3,0, 
52.8933,-9.1,-5.0,-3.2,-4.4,-4.3,-4.7,-8.2,0,95208,0,4,0, 
52.8967,-6.6,-6.7,-6.1,-4.6,-6.5,-11.0,-11.5,0,95214,0,5,0, 
52.9000,-5.0,-7.5,-8.5,-4.4,-6.1,-12.4,-12.8,0,95220,0,6,0, 
52.9033,-5.2,-7.0,-9.0,-3.4,-3.0,-7.8,-11.4,0,95226,0,7,0, 
52.9067,-6.8,-5.2,-6.7,-1.8,0.7,0.3,-7.6,0,95232,0,8,0, 
52.9100,-7.7,-2.6,-2.5,-0.2,3.0,7.0,-3.0,0,95238,0,9,0, 
52.9133,-6.4,-0.4,0.9,0.1,2.8,8.8,0.5,0,95244,0,10,0, 
52.9167,-2.7,0.6,1.1,-1.3,1.4,5.6,1.6,0,95250,0,11,0, 
52.9200,1.3,0.0,-1.4,-3.7,0.7,0.5,0.8,0,95256,0,12,0, 
52.9233,3.0,-1.0,-3.7,-5.6,1.9,-2.3,-0.3,0,95262,0,13,0, 
52.9267,1.5,-1.1,-3.1,-6.0,4.5,-0.7,-0.2,0,95268,0,14,0, 
52.9300,-1.5,0.5,0.7,-4.7,6.5,4.0,1.3,0,95274,0,15,0, 
52.9333,-3.2,3.3,4.6,-2.9,6.5,8.2,3.2,0,95280,0,16,0, 
52.9367,-1.5,5.6,5.3,-1.8,4.6,8.8,3.8,0,95286,0,17,0, 
52.9400,2.9,6.0,2.0,-1.7,2.3,5.5,2.7,0,95292,0,18,0, 
52.9433,7.5,4.4,-2.2,-2.1,1.2,0.7,0.7,0,95298,0,19,0, 
52.9467,9.5,2.3,-3.1,-2.3,1.9,-2.1,-0.6,0,95304,0,20,0, 
52.9500,8.0,1.4,1.0,-1.7,3.7,-1.5,0.1,0,95310,0,21,0, 
52.9533,4.4,2.4,7.4,-0.8,5.2,1.9,2.5,0,95316,0,22,0, 
52.9567,1.4,4.9,11.4,-0.1,5.5,5.4,5.3,0,95322,0,23,0, 
52.9600,0.6,7.3,9.8,0.3,4.8,6.9,7.1,0,95328,0,24,0, 
52.9633,1.7,8.5,3.9,0.7,3.7,5.8,7.5,0,95334,0,25,0, 
52.9667,3.5,8.3,-1.9,1.5,3.3,3.7,7.2,0,95340,0,26,0, 
52.9700,4.8,7.4,-3.9,2.6,3.7,3.1,7.0,0,95346,0,27,0, 
52.9733,5.3,6.9,-1.4,3.4,4.9,5.3,7.8,0,95352,0,28,0, 
52.9767,5.8,7.5,2.9,3.7,5.9,9.8,9.7,0,95358,0,29,0, 
52.9800,7.3,9.3,5.8,3.5,6.1,14.1,12.2,0,95364,0,30,0, 
52.9833,9.8,11.7,5.9,3.3,5.2,15.8,14.5,0,95370,0,31,0, 
52.9867,12.3,13.7,4.4,3.7,3.8,13.8,15.7,0,95376,0,32,0, 
52.9900,13.5,14.3,3.2,4.6,2.8,9.4,14.9,0,95382,0,33,0, 
52.9933,12.8,12.8,3.3,5.6,3.3,5.6,11.7,0,95388,0,34,0, 
52.9967,10.1,9.2,3.7,5.9,5.3,5.2,6.7,0,95394,0,35,0, 
53.0000,6.3,3.8,2.8,5.2,7.8,8.6,0.9,0,95400,0,36,0, 
53.0033,2.4,-1.9,0.2,3.8,9.2,13.8,-4.1,0,95406,0,37,0, 
53.0067,-0.3,-6.6,-3.1,2.1,8.6,17.3,-7.5,0,95412,0,38,0, 
53.0100,-1.2,-8.7,-5.0,0.9,6.3,16.6,-9.2,0,95418,0,39,0, 
53.0133,0.0,-8.1,-4.4,0.2,3.7,11.5,-9.6,0,95424,0,40,0, 
53.0167,2.7,-5.4,-1.7,0.1,2.1,4.6,-9.2,0,95430,0,41,0, 
53.0200,5.8,-2.3,1.3,0.1,1.8,-0.5,-8.0,0,95436,0,42,0, 
53.0233,8.0,-0.3,2.8,0.1,2.3,-1.6,-5.5,0,95442,0,43,0, 
53.0267,8.2,-0.3,2.1,-0.3,2.6,1.1,-2.1,0,95448,0,44,0, 
53.0300,6.4,-1.6,-0.2,-0.7,2.5,5.4,1.6,0,95454,0,45,0, 
53.0333,3.6,-2.8,-2.7,-1.2,2.2,8.8,4.3,0,95460,0,46,0, 
53.0367,1.5,-2.5,-4.3,-1.5,2.5,9.8,5.4,0,95466,0,47,0, 
53.0400,1.3,-0.5,-4.5,-1.8,3.4,8.4,5.4,0,95472,0,48,0, 
53.0433,3.0,2.6,-3.8,-2.5,4.4,6.1,5.6,0,95478,0,49,0, 
53.0467,5.5,5.3,-2.7,-3.4,4.9,4.8,7.0,0,95484,0,50,0, 
53.0500,7.5,6.8,-1.6,-4.3,4.8,5.4,9.7,0,95490,0,51,0, 
53.0533,8.2,7.1,-0.5,-4.5,4.5,7.7,12.8,0,95496,0,52,0, 
53.0567,8.1,7.1,0.6,-3.5,4.6,10.3,14.8,0,95502,0,53,0, 
53.0600,8.2,7.6,1.7,-1.8,5.1,11.4,15.3,0,95508,0,54,0, 
53.0633,9.2,8.8,2.5,-0.2,5.7,9.8,14.4,0,95514,0,55,0, 
53.0667,10.5,10.0,3.0,0.3,5.8,6.1,13.1,0,95520,0,56,0, 
53.0700,11.1,10.6,3.5,-0.9,5.5,2.1,12.3,0,95526,0,57,0, 
53.0733,10.2,10.2,4.5,-3.2,5.2,-0.3,12.2,0,95532,0,58,0, 
53.0767,8.1,9.4,6.1,-5.5,5.3,0.2,12.5,0,95538,0,59,0, 
53.0800,6.1,8.5,7.9,-6.6,5.7,2.8,12.7,0,95544,0,60,0, 
53.0833,5.5,7.9,8.7,-6.0,6.1,5.4,12.4,0,95550,0,61,0, 
53.0867,6.5,7.5,7.7,-4.1,6.5,6.2,11.6,0,95556,0,62,0, 
53.0900,8.1,6.8,4.9,-1.8,7.0,4.3,10.4,0,95562,0,63,0, 
53.0933,8.9,5.7,1.1,0.0,7.6,1.1,8.7,0,95568,0,64,0, 
53.0967,8.4,4.5,-2.1,0.7,8.3,-1.5,6.7,0,95574,0,65,0, 
53.1000,6.9,3.7,-3.6,0.5,8.3,-2.0,4.3,0,95580,0,66,0, 
53.1033,5.6,3.6,-2.8,0.2,7.0,-0.5,1.5,0,95586,0,67,0, 
53.1067,5.4,4.4,-0.3,0.2,4.4,1.3,-1.7,0,95592,0,68,0, 
53.1100,6.3,5.5,2.9,0.8,1.1,1.1,-5.1,0,95598,0,69,0, 
53.1133,7.6,6.4,5.6,1.5,-1.5,-2.2,-8.3,0,95604,0,70,0, 
53.1167,8.7,6.3,6.6,1.8,-2.8,-7.6,-10.2,0,95610,0,71,0, 
53.1200,9.3,5.1,5.6,1.5,-2.8,-12.5,-10.2,0,95616,0,72,0, 
53.1233,9.6,3.2,3.1,1.1,-2.1,-13.8,-7.9,0,95622,0,73,0, 
53.1267,9.8,1.6,0.5,1.0,-1.3,-10.2,-3.8,0,95628,0,74,0, 
53.1300,9.6,1.1,-0.6,1.5,-0.4,-3.4,0.6,0,95634,0,75,0, 
53.1333,9.1,1.9,0.4,2.2,0.7,3.1,4.2,0,95640,0,76,0, 
53.1367,8.2,3.7,2.7,2.2,2.6,5.9,6.0,0,95646,0,77,0, 
53.1400,7.6,5.4,4.6,1.1,5.0,4.3,6.6,0,95652,0,78,0, 
53.1433,7.8,6.2,4.4,-0.8,7.5,0.4,6.9,0,95658,0,79,0, 
53.1467,9.2,6.0,2.1,-2.1,9.1,-2.0,8.1,0,95664,0,80,0, 
53.1500,11.1,5.4,-0.5,-1.9,9.1,-0.8,10.5,0,95670,0,81,0, 
53.1533,12.3,5.2,-1.4,-0.1,7.2,3.2,13.3,0,95676,0,82,0, 
53.1567,11.8,5.6,-0.1,2.2,3.9,6.7,15.3,0,95682,0,83,0, 
53.1600,9.3,5.9,1.7,3.4,0.5,6.4,15.1,0,95688,0,84,0, 
53.1633,5.6,5.3,1.4,2.4,-1.9,2.0,12.6,0,95694,0,85,0, 
53.1667,2.1,3.5,-2.4,-0.3,-2.5,-4.1,8.5,0,95700,0,86,0, 
53.1700,-0.2,1.1,-8.4,-3.4,-1.6,-8.0,4.7,0,95706,0,87,0, 
53.1733,-0.7,-0.5,-12.7,-5.1,0.1,-7.5,2.6,0,95712,0,88,0, 
53.1767,0.4,-0.1,-12.0,-4.9,1.3,-3.2,3.0,0,95718,0,89,0, 
53.1800,2.5,2.4,-5.8,-3.0,1.6,1.7,5.6,0,95724,0,90,0, 
53.1833,5.1,6.1,2.9,-0.5,1.6,4.5,9.1,0,95730,0,91,0, 
53.1867,7.8,9.7,9.6,1.5,1.8,4.6,12.1,0,95736,0,92,0, 
53.1900,10.5,11.9,11.3,2.4,2.5,3.6,13.4,0,95742,0,93,0, 
53.1933,12.5,12.3,8.9,2.5,3.2,4.0,12.6,0,95748,0,94,0, 
53.1967,13.5,11.6,5.7,2.3,3.1,6.5,10.0,0,95754,0,95,0, 
53.2000,13.4,10.6,5.1,2.2,2.1,9.9,6.6,0,95760,0,96,0, 
53.2033,12.5,9.9,8.0,2.4,0.7,11.6,2.9,0,95766,0,97,0, 
53.2067,11.6,9.9,12.3,2.6,0.2,9.5,-0.2,0,95772,0,98,0, 
53.2100,11.4,9.8,14.7,2.5,0.8,3.7,-2.4,0,95778,0,99,0, 
53.2133,12.1,9.1,13.4,1.9,2.1,-3.5,-3.6,0,95784,0,100,0, 
53.2167,13.2,7.1,8.8,1.0,2.8,-9.2,-3.9,0,95790,0,101,0, 
53.2200,13.8,3.9,3.1,0.1,1.9,-11.0,-3.9,0,95796,0,102,0, 
53.2233,13.7,0.4,-1.4,-0.5,-0.2,-8.8,-4.2,0,95802,0,103,0, 
53.2267,12.9,-2.2,-3.8,-0.5,-2.1,-4.0,-5.1,0,95808,0,104,0, 
53.2300,12.4,-3.0,-4.3,-0.5,-2.4,0.7,-6.1,0,95814,0,105,0, 
53.2333,12.5,-2.0,-3.5,-0.7,-1.0,3.4,-6.3,0,95820,0,106,0, 
53.2367,13.3,-0.1,-1.9,-1.2,1.2,3.7,-5.1,0,95826,0,107,0, 
53.2400,13.9,1.6,0.2,-1.4,2.8,2.5,-2.4,0,95832,0,108,0, 
53.2433,13.5,2.2,2.3,-1.1,3.4,1.6,1.1,0,95838,0,109,0, 
53.2467,11.6,1.7,3.1,0.0,3.4,2.0,4.3,0,95844,0,110,0, 
53.2500,8.9,0.9,1.9,1.0,3.5,3.7,6.2,0,95850,0,111,0, 
53.2533,6.2,0.5,-1.1,1.2,4.0,5.4,7.1,0,95856,0,112,0, 
53.2567,4.2,1.0,-4.2,0.1,4.2,6.1,7.6,0,95862,0,113,0, 
53.2600,3.0,1.8,-5.5,-1.8,3.3,5.3,8.2,0,95868,0,114,0, 
53.2633,2.3,2.3,-4.3,-3.3,1.4,4.0,8.8,0,95874,0,115,0, 
53.2667,1.6,1.6,-2.0,-3.2,-0.4,3.2,8.7,0,95880,0,116,0, 
53.2700,0.9,-0.2,-0.8,-1.7,-1.1,3.5,7.3,0,95886,0,117,0, 
53.2733,0.4,-2.6,-2.3,0.3,-0.4,4.6,4.8,0,95892,0,118,0, 
53.2767,0.3,-4.5,-5.9,1.5,0.9,5.8,2.1,0,95898,0,119,0, 
53.2800,0.4,-5.2,-9.3,1.4,1.3,6.3,0.2,0,95904,0,120,0, 
53.2833,0.5,-4.7,-10.2,0.5,0.0,5.6,-0.9,0,95910,0,121,0, 
53.2867,0.4,-3.3,-7.9,0.0,-2.5,3.5,-1.8,0,95916,0,122,0, 
53.2900,0.1,-2.0,-4.1,0.4,-4.7,0.2,-3.3,0,95922,0,123,0, 
53.2933,-0.1,-1.1,-1.1,1.6,-5.3,-3.7,-5.8,0,95928,0,124,0, 
53.2967,-0.3,-0.8,-0.4,2.4,-4.0,-7.0,-8.3,0,95934,0,125,0, 
53.3000,-0.6,-0.9,-1.6,2.2,-1.8,-7.9,-9.2,0,95940,0,126,0, 
53.3033,-1.0,-0.9,-3.0,1.0,-0.2,-5.4,-8.0,0,95946,0,127,0, 
53.3067,-1.1,-0.5,-3.0,-0.2,0.0,-0.1,-5.1,0,95952,0,128,0, 
53.3100,-0.3,0.5,-1.4,-0.4,-1.2,5.5,-2.4,0,95958,0,129,0, 
53.3133,2.2,1.8,1.1,0.6,-2.6,8.4,-1.3,0,95964,0,130,0, 
53.3167,6.1,2.9,3.0,2.0,-3.1,7.0,-2.3,0,95970,0,131,0, 
53.3200,10.4,3.2,3.6,2.8,-2.4,2.4,-4.5,0,95976,0,132,0, 
53.3233,13.6,2.5,2.8,2.4,-1.1,-2.4,-6.2,0,95982,0,133,0, 
53.3267,14.8,1.4,1.5,1.3,0.0,-4.7,-6.1,0,95988,0,134,0, 
53.3300,13.9,0.6,0.9,0.6,0.3,-4.2,-4.3,0,95994,0,135,0, 
53.3333,11.5,0.9,1.7,0.8,0.1,-2.8,-1.7,0,96000,0,136,0, 
53.3367,8.5,2.0,3.6,1.8,0.5,-2.6,0.2,0,96006,0,137,0, 
53.3400,5.4,2.9,4.9,2.3,1.9,-4.0,0.6,0,96012,0,138,0, 
53.3433,2.4,2.2,4.0,1.4,4.1,-5.2,-0.2,0,96018,0,139,0, 
53.3467,-0.7,-0.6,0.2,-0.7,5.6,-4.2,-1.4,0,96024,0,140,0, 
53.3500,-3.5,-4.4,-5.1,-2.8,5.4,-0.8,-1.9,0,96030,0,141,0, 
53.3533,-5.4,-7.3,-9.5,-3.2,3.3,2.5,-1.2,0,96036,0,142,0, 
53.3567,-5.9,-7.7,-10.5,-1.5,0.8,2.9,0.2,0,96042,0,143,0, 
53.3600,-4.8,-5.9,-8.0,1.5,-0.4,-0.8,1.6,0,96048,0,144,0, 
53.3633,-2.8,-3.2,-4.0,4.2,0.6,-5.8,2.6,0,96054,0,145,0, 
53.3667,-0.5,-1.3,-1.1,5.2,3.1,-7.6,3.4,0,96060,0,146,0, 
53.3700,1.2,-0.9,-0.6,4.3,5.3,-3.2,4.9,0,96066,0,147,0, 
53.3733,1.8,-1.2,-1.5,2.7,5.9,6.3,7.3,0,96072,0,148,0, 
53.3767,1.2,-1.3,-1.8,1.5,4.9,15.5,9.7,0,96078,0,149,0, 
53.3800,-1.0,-1.0,-0.9,1.2,3.1,18.2,10.1,0,96084,0,150,0, 
53.3833,-4.4,-1.5,0.0,1.4,1.6,11.4,7.2,0,96090,0,151,0, 
53.3867,-8.5,-4.0,-1.5,1.3,0.5,-2.5,1.0,0,96096,0,152,0, 
53.3900,-12.2,-8.5,-5.7,0.9,-0.7,-17.1,-6.5,0,96102,0,153,0, 
53.3933,-14.9,-13.2,-10.5,0.6,-2.3,-25.5,-12.4,0,96108,0,154,0, 
53.3967,-16.2,-15.7,-12.4,1.2,-3.7,-25.0,-15.1,0,96114,0,155,0, 
53.4000,-16.5,-14.6,-9.5,2.6,-4.1,-18.1,-15.0,0,96120,0,156,0, 
53.4033,-16.4,-10.8,-3.3,4.3,-3.1,-10.7,-13.9,0,96126,0,157,0, 
53.4067,-16.0,-6.5,2.2,5.3,-1.5,-7.7,-13.7,0,96132,0,158,0, 
53.4100,-15.3,-4.0,3.8,5.4,-0.8,-10.2,-14.7,0,96138,0,159,0, 
53.4133,-14.2,-3.5,1.6,5.2,-1.9,-15.2,-15.7,0,96144,0,160,0, 
53.4167,-12.8,-3.7,-1.4,5.7,-4.3,-18.2,-15.4,0,96150,0,161,0, 
53.4200,-11.5,-3.1,-2.0,7.2,-6.7,-16.6,-13.4,0,96156,0,162,0, 
53.4233,-10.9,-1.3,0.4,9.0,-7.7,-11.5,-10.7,0,96162,0,163,0, 
53.4267,-10.6,0.1,3.6,10.1,-7.2,-6.2,-8.7,0,96168,0,164,0, 
53.4300,-10.0,-0.5,4.7,9.8,-5.8,-3.7,-8.2,0,96174,0,165,0, 
53.4333,-8.5,-3.7,2.4,8.3,-4.4,-4.8,-8.5,0,96180,0,166,0, 
53.4367,-6.3,-7.9,-1.6,6.6,-3.8,-7.8,-8.5,0,96186,0,167,0, 
53.4400,-4.5,-11.0,-5.0,5.6,-4.1,-10.5,-7.8,0,96192,0,168,0, 
53.4433,-4.2,-11.4,-6.5,5.2,-5.3,-11.8,-6.6,0,96198,0,169,0, 
53.4467,-5.8,-9.7,-6.5,4.5,-7.1,-11.6,-5.6,0,96204,0,170,0, 
53.4500,-8.5,-7.2,-6.6,3.1,-8.9,-10.5,-5.2,0,96210,0,171,0, 
53.4533,-11.0,-5.4,-7.2,1.1,-9.9,-9.2,-5.0,0,96216,0,172,0, 
53.4567,-11.9,-4.3,-7.4,-0.5,-9.3,-8.1,-4.4,0,96222,0,173,0, 
53.4600,-11.3,-2.9,-5.6,-0.7,-7.3,-7.9,-2.9,0,96228,0,174,0, 
53.4633,-9.7,-0.2,-1.7,0.9,-5.2,-9.2,-1.2,0,96234,0,175,0, 
53.4667,-8.0,3.3,2.9,3.4,-4.3,-11.6,0.3,0,96240,0,176,0, 
53.4700,-6.6,6.0,5.6,5.6,-5.2,-13.8,0.7,0,96246,0,177,0, 
53.4733,-5.2,6.2,5.1,6.4,-6.8,-13.9,0.1,0,96252,0,178,0, 
53.4767,-3.7,3.5,1.7,5.9,-7.4,-11.6,-1.3,0,96258,0,179,0, 
53.4800,-2.0,-1.0,-2.5,4.5,-5.9,-8.9,-3.2,0,96264,0,180,0, 
53.4833,-1.0,-5.2,-5.6,2.8,-3.2,-8.6,-4.9,0,96270,0,181,0, 
53.4867,-1.0,-7.5,-6.9,1.3,-1.3,-12.0,-6.0,0,96276,0,182,0, 
53.4900,-2.3,-7.9,-7.2,-0.3,-1.7,-17.3,-6.2,0,96282,0,183,0, 
53.4933,-4.3,-7.3,-7.4,-1.9,-4.2,-20.9,-5.9,0,96288,0,184,0, 
53.4967,-6.5,-6.8,-8.0,-3.3,-6.6,-20.1,-6.1,0,96294,0,185,0, 
53.5000,-8.4,-7.0,-8.5,-4.0,-7.0,-15.5,-7.7,0,96300,0,186,0, 
53.5033,-10.3,-7.8,-8.2,-3.8,-4.9,-11.1,-11.2,0,96306,0,187,0, 
53.5067,-12.3,-8.8,-7.1,-2.8,-2.0,-10.5,-15.8,0,96312,0,188,0, 
53.5100,-14.4,-9.8,-6.0,-1.5,-0.2,-14.1,-20.1,0,96318,0,189,0, 
53.5133,-16.4,-11.0,-5.9,-0.3,-0.7,-19.1,-22.8,0,96324,0,190,0, 
53.5167,-17.8,-12.5,-6.8,0.3,-2.8,-21.7,-23.6,0,96330,0,191,0, 
53.5200,-18.4,-14.1,-8.1,0.4,-4.9,-21.2,-23.1,0,96336,0,192,0, 
53.5233,-18.2,-15.0,-8.5,0.3,-5.9,-19.9,-22.3,0,96342,0,193,0, 
53.5267,-17.3,-14.7,-7.4,0.1,-5.8,-20.3,-21.3,0,96348,0,194,0, 
53.5300,-15.7,-12.8,-4.8,0.3,-5.3,-22.3,-19.4,0,96354,0,195,0, 
53.5333,-13.5,-9.6,-1.7,0.8,-4.9,-22.6,-15.8,0,96360,0,196,0, 
53.5367,-10.9,-5.8,1.0,1.5,-4.6,-17.8,-10.5,0,96366,0,197,0, 
53.5400,-8.6,-2.5,2.6,2.5,-3.8,-8.3,-5.2,0,96372,0,198,0, 
53.5433,-7.1,-0.6,2.7,3.3,-2.5,1.0,-1.8,0,96378,0,199,0, 
53.5467,-6.7,-0.5,1.5,3.8,-1.2,4.3,-1.6,0,96384,0,200,0, 
53.5500,-7.0,-1.6,-0.2,3.9,-0.6,-0.2,-4.1,0,96390,0,201,0, 
53.5533,-7.1,-2.9,-1.6,3.6,-0.7,-8.4,-7.0,0,96396,0,202,0, 
53.5567,-6.6,-3.5,-2.1,3.0,-1.0,-13.2,-8.2,0,96402,0,203,0, 
53.5600,-5.5,-2.9,-1.5,2.2,-0.7,-10.3,-6.8,0,96408,0,204,0, 
53.5633,-4.8,-1.8,-0.6,1.4,0.4,-1.5,-3.9,0,96414,0,205,0, 
53.5667,-5.2,-1.3,-0.7,0.7,1.7,7.1,-1.6,0,96420,0,206,0, 
53.5700,-6.8,-2.1,-2.9,0.1,2.0,9.7,-1.5,0,96426,0,207,0, 
53.5733,-8.8,-4.0,-6.4,-0.6,0.7,5.7,-3.5,0,96432,0,208,0, 
53.5767,-9.9,-5.7,-9.5,-1.3,-1.5,-0.3,-5.7,0,96438,0,209,0, 
53.5800,-9.6,-6.1,-9.9,-1.9,-3.3,-2.8,-6.2,0,96444,0,210,0, 
53.5833,-8.4,-4.7,-7.3,-2.6,-3.6,0.3,-4.4,0,96450,0,211,0, 
53.5867,-7.7,-2.5,-3.0,-3.2,-2.2,6.0,-1.6,0,96456,0,212,0, 
53.5900,-8.6,-1.0,0.2,-3.9,-0.1,9.4,0.1,0,96462,0,213,0, 
53.5933,-11.3,-1.1,0.5,-4.8,1.2,7.5,-0.6,0,96468,0,214,0, 
53.5967,-14.5,-2.4,-2.0,-5.7,0.9,1.5,-3.2,0,96474,0,215,0, 
53.6000,-16.5,-3.7,-5.3,-6.6,-0.7,-4.4,-5.8,0,96480,0,216,0, 
53.6033,-16.2,-3.6,-7.4,-6.9,-2.7,-6.8,-6.4,0,96486,0,217,0, 
53.6067,-13.6,-1.8,-7.5,-6.7,-3.9,-5.4,-4.8,0,96492,0,218,0, 
53.6100,-10.0,0.9,-6.1,-5.8,-4.0,-2.5,-2.2,0,96498,0,219,0, 
53.6133,-6.7,3.5,-4.2,-4.6,-3.3,-0.2,-0.5,0,96504,0,220,0, 
53.6167,-4.9,5.2,-2.0,-3.7,-2.4,1.2,-0.5,0,96510,0,221,0, 
53.6200,-4.4,6.1,0.6,-3.2,-1.6,3.3,-1.4,0,96516,0,222,0, 
53.6233,-5.0,6.6,3.3,-3.5,-0.8,7.1,-1.6,0,96522,0,223,0, 
53.6267,-6.0,6.9,4.7,-4.3,0.4,11.0,-0.7,0,96528,0,224,0, 
53.6300,-7.1,6.7,3.6,-5.3,1.8,12.2,0.8,0,96534,0,225,0, 
53.6333,-7.9,5.7,0.1,-5.8,2.9,9.0,1.5,0,96540,0,226,0, 
53.6367,-8.0,4.1,-3.7,-5.4,3.5,2.9,0.9,0,96546,0,227,0, 
53.6400,-7.3,2.9,-4.9,-4.2,3.7,-1.5,0.0,0,96552,0,228,0, 
53.6433,-5.6,2.9,-2.4,-2.3,4.1,-0.2,0.5,0,96558,0,229,0, 
53.6467,-3.4,4.3,2.2,-0.4,5.6,6.9,3.0,0,96564,0,230,0, 
53.6500,-1.5,6.3,5.4,0.9,7.7,15.5,6.8,0,96570,0,231,0, 
53.6533,-0.3,7.7,4.7,1.5,9.2,19.8,9.8,0,96576,0,232,0, 
53.6567,0.2,7.6,0.6,1.5,8.7,17.2,10.3,0,96582,0,233,0, 
53.6600,0.4,6.4,-3.9,1.3,5.5,10.4,8.4,0,96588,0,234,0, 
53.6633,0.9,5.3,-5.7,1.3,0.7,5.1,5.9,0,96594,0,235,0, 
53.6667,2.0,5.4,-3.7,1.4,-3.9,5.2,4.5,0,96600,0,236,0, 
53.6700,3.7,6.9,0.6,1.8,-6.3,9.8,4.9,0,96606,0,237,0, 
53.6733,5.3,9.3,4.5,2.4,-5.8,14.1,6.1,0,96612,0,238,0, 
53.6767,6.6,11.3,6.5,3.2,-3.4,13.5,6.7,0,96618,0,239,0, 
53.6800,7.2,12.3,6.5,3.9,-0.8,7.6,5.9,0,96624,0,240,0, 
53.6833,7.2,12.4,5.9,4.2,0.7,0.4,4.1,0,96630,0,241,0, 
53.6867,6.7,12.2,5.7,3.6,0.7,-3.3,2.4,0,96636,0,242,0, 
53.6900,5.6,12.0,6.4,2.2,-0.4,-1.4,1.9,0,96642,0,243,0, 
53.6933,4.1,11.8,7.5,0.4,-1.7,3.6,2.4,0,96648,0,244,0, 
53.6967,2.1,11.1,8.6,-0.9,-2.9,7.0,3.1,0,96654,0,245,0, 
53.7000,-0.1,9.4,8.6,-1.3,-4.1,6.2,3.2,0,96660,0,246,0, 
53.7033,-1.8,6.9,7.0,-1.0,-5.2,2.0,2.5,0,96666,0,247,0, 
53.7067,-2.6,4.2,3.7,-0.4,-6.3,-2.1,1.6,0,96672,0,248,0, 
53.7100,-2.0,2.7,0.0,-0.1,-6.9,-3.0,1.3,0,96678,0,249,0, 
53.7133,-0.4,2.9,-2.0,0.0,-6.7,-0.3,1.9,0,96684,0,250,0, 
53.7167,1.5,4.7,-1.0,0.3,-5.5,3.7,3.1,0,96690,0,251,0, 
53.7200,2.6,6.9,2.8,1.1,-3.6,6.2,4.0,0,96696,0,252,0, 
53.7233,2.1,8.1,6.6,1.9,-1.4,5.6,4.0,0,96702,0,253,0, 
53.7267,0.4,7.8,7.6,2.3,0.5,2.5,2.8,0,96708,0,254,0, 
53.7300,-1.3,6.6,5.3,1.8,1.6,-1.0,1.3,0,96714,0,255,0, 
53.7333,-2.1,6.3,2.2,0.5,1.8,-3.0,0.3,0,96720,0,0,0, 
53.7367,-1.8,7.9,1.6,-0.7,1.6,-2.3,0.6,0,96726,0,1,0, 
53.7400,-1.0,11.0,5.4,-1.2,1.7,0.7,2.2,0,96732,0,2,0, 
53.7433,-1.0,14.0,11.2,-0.9,2.7,4.4,3.9,0,96738,0,3,0, 
53.7467,-2.2,15.0,14.8,-0.3,4.3,6.5,4.7,0,96744,0,4,0, 
53.7500,-4.0,13.6,13.2,0.0,5.8,6.1,4.1,0,96750,0,5,0, 
53.7533,-5.1,10.9,7.4,-0.1,6.4,4.0,2.7,0,96756,0,6,0, 
53.7567,-4.5,8.9,1.3,-0.1,5.7,2.5,1.7,0,96762,0,7,0, 
53.7600,-2.0,9.0,-1.0,0.5,4.5,3.9,2.5,0,96768,0,8,0, 
53.7633,1.4,10.9,1.4,1.8,3.9,8.0,4.9,0,96774,0,9,0, 
53.7667,4.2,12.8,5.6,3.2,4.6,11.9,7.8,0,96780,0,10,0, 
53.7700,5.8,13.0,7.9,4.0,5.8,12.2,9.7,0,96786,0,11,0, 
53.7733,6.4,11.1,6.0,3.8,6.1,7.8,9.7,0,96792,0,12,0, 
53.7767,6.8,8.0,1.4,2.6,4.9,1.1,8.2,0,96798,0,13,0, 
53.7800,7.5,5.3,-2.8,1.2,2.5,-3.2,6.9,0,96804,0,14,0, 
53.7833,8.5,4.3,-4.0,0.2,0.7,-2.0,7.0,0,96810,0,15,0, 
53.7867,9.1,5.3,-2.0,0.1,1.1,3.9,8.7,0,96816,0,16,0, 
53.7900,8.3,7.4,1.6,1.0,3.8,10.4,10.7,0,96822,0,17,0, 
53.7933,5.9,9.6,4.4,2.5,6.9,13.6,11.5,0,96828,0,18,0, 
53.7967,2.7,10.8,5.2,3.9,8.5,12.4,10.3,0,96834,0,19,0, 
53.8000,0.1,10.8,4.2,4.5,7.2,9.1,7.9,0,96840,0,20,0, 
53.8033,-0.5,9.7,2.9,4.3,4.1,6.6,6.1,0,96846,0,21,0, 
53.8067,1.0,8.6,2.5,3.5,1.3,6.2,6.3,0,96852,0,22,0, 
53.8100,3.4,8.1,3.9,3.2,0.7,6.7,8.5,0,96858,0,23,0, 
53.8133,4.6,8.5,6.6,3.9,2.6,6.5,11.0,0,96864,0,24,0, 
53.8167,3.3,8.7,9.5,5.6,5.5,5.3,11.8,0,96870,0,25,0, 
53.8200,-0.3,7.8,11.4,7.5,7.6,4.7,9.5,0,96876,0,26,0, 
53.8233,-4.5,4.9,11.4,8.5,7.5,6.0,5.0,0,96882,0,27,0, 
53.8267,-6.8,0.9,9.7,8.2,5.7,8.6,0.3,0,96888,0,28,0, 
53.8300,-6.3,-2.6,6.9,6.8,3.4,10.2,-2.7,0,96894,0,29,0, 
53.8333,-3.7,-3.6,4.2,5.2,2.3,9.2,-2.9,0,96900,0,30,0, 
53.8367,-0.6,-1.5,2.5,4.1,2.7,6.4,-1.0,0,96906,0,31,0, 
53.8400,1.3,2.6,2.9,3.6,4.2,4.5,1.7,0,96912,0,32,0, 
53.8433,1.9,6.6,5.6,3.6,5.6,6.4,3.8,0,96918,0,33,0, 
53.8467,1.9,8.7,10.1,3.4,6.4,11.8,4.7,0,96924,0,34,0, 
53.8500,2.5,8.3,14.7,3.3,6.3,17.8,4.5,0,96930,0,35,0, 
53.8533,3.9,6.3,17.1,3.3,6.3,20.6,3.8,0,96936,0,36,0, 
53.8567,5.5,3.9,15.5,3.7,6.7,18.6,3.3,0,96942,0,37,0, 
53.8600,6.7,1.9,10.0,4.1,7.6,13.4,3.5,0,96948,0,38,0, 
53.8633,7.4,0.6,3.2,4.1,8.4,8.0,4.2,0,96954,0,39,0, 
53.8667,7.7,0.1,-1.6,3.4,8.3,4.9,5.2,0,96960,0,40,0, 
53.8700,7.9,0.2,-2.0,2.0,7.2,4.3,5.6,0,96966,0,41,0, 
53.8733,7.7,0.8,1.6,0.9,5.6,5.3,4.9,0,96972,0,42,0, 
53.8767,6.8,1.7,6.3,0.7,4.4,6.8,3.2,0,96978,0,43,0, 
53.8800,5.5,2.3,9.0,1.6,4.0,8.5,1.5,0,96984,0,44,0, 
53.8833,4.7,2.5,8.3,3.2,4.2,10.1,0.8,0,96990,0,45,0, 
53.8867,5.2,2.5,5.8,4.5,4.3,11.1,1.9,0,96996,0,46,0, 
53.8900,7.1,2.7,3.9,4.9,4.0,10.6,4.0,0,97002,0,47,0, 
53.8933,9.1,3.5,4.2,4.2,3.8,8.7,6.0,0,97008,0,48,0, 
53.8967,9.8,4.8,6.1,3.0,4.6,7.0,6.7,0,97014,0,49,0, 
53.9000,8.4,5.9,7.9,2.3,6.8,7.2,6.4,0,97020,0,50,0, 
53.9033,5.9,6.2,8.1,2.6,9.6,9.9,6.2,0,97026,0,51,0, 
53.9067,4.0,5.4,6.9,4.0,11.4,13.1,6.9,0,97032,0,52,0, 
53.9100,3.7,3.9,5.3,5.5,11.0,13.9,8.6,0,97038,0,53,0, 
53.9133,4.6,2.6,4.3,6.3,8.4,10.7,9.8,0,97044,0,54,0, 
53.9167,4.9,1.8,3.5,5.5,4.6,5.0,9.5,0,97050,0,55,0, 
53.9200,3.3,1.7,2.1,3.5,1.4,0.5,7.4,0,97056,0,56,0, 
53.9233,-0.1,1.8,0.0,1.2,-0.5,0.3,4.6,0,97062,0,57,0, 
53.9267,-3.7,1.7,-1.4,0.0,-1.3,3.8,2.6,0,97068,0,58,0, 
53.9300,-6.1,1.5,-0.6,0.5,-1.7,7.5,1.9,0,97074,0,59,0, 
53.9333,-6.5,1.3,2.8,2.2,-2.1,7.2,1.5,0,97080,0,60,0, 
53.9367,-5.9,1.3,6.9,4.0,-2.1,2.2,0.2,0,97086,0,61,0, 
53.9400,-5.8,1.3,8.9,4.7,-1.5,-4.7,-2.7,0,97092,0,62,0, 
53.9433,-6.6,1.4,7.2,4.0,-0.3,-9.0,-6.1,0,97098,0,63,0, 
53.9467,-7.8,1.3,2.8,2.7,0.6,-8.1,-8.6,0,97104,0,64,0, 
53.9500,-8.6,1.6,-0.9,2.0,0.5,-3.7,-9.1,0,97110,0,65,0, 
53.9533,-8.2,2.2,-0.7,2.4,-0.5,0.6,-8.0,0,97116,0,66,0, 
53.9567,-7.2,3.2,3.4,3.6,-1.5,1.5,-6.7,0,97122,0,67,0, 
53.9600,-6.2,3.8,8.5,4.5,-1.3,-0.9,-6.1,0,97128,0,68,0, 
53.9633,-5.7,3.5,10.6,4.2,0.3,-4.0,-6.1,0,97134,0,69,0, 
53.9667,-5.6,2.2,7.4,2.6,2.4,-4.6,-5.6,0,97140,0,70,0, 
53.9700,-5.5,0.1,0.2,0.2,3.8,-2.0,-3.4,0,97146,0,71,0, 
53.9733,-5.3,-1.9,-7.4,-2.0,3.9,2.5,0.3,0,97152,0,72,0, 
53.9767,-5.5,-3.8,-12.2,-3.6,3.5,6.3,4.3,0,97158,0,73,0, 
53.9800,-6.4,-5.7,-12.9,-4.3,3.8,8.4,6.8,0,97164,0,74,0, 
53.9833,-8.1,-7.9,-10.8,-4.6,5.3,8.8,6.8,0,97170,0,75,0, 
53.9867,-10.1,-10.5,-8.0,-4.6,7.2,8.4,4.5,0,97176,0,76,0, 
53.9900,-11.5,-12.6,-5.7,-4.6,8.1,7.5,1.0,0,97182,0,77,0, 
53.9933,-12.0,-13.3,-4.1,-4.7,6.7,5.1,-2.2,0,97188,0,78,0, 
53.9967,-11.7,-12.0,-3.0,-4.8,3.4,0.8,-4.3,0,97194,0,79,0, 
54.0000,-11.1,-9.2,-2.9,-5.1,-0.1,-4.3,-5.0,0,97200,0,80,0, 
54.0033,-10.2,-6.2,-4.4,-5.2,-2.2,-7.9,-4.5,0,97206,0,81,0, 
54.0067,-9.1,-4.2,-7.6,-5.2,-2.2,-7.3,-3.2,0,97212,0,82,0, 
54.0100,-8.1,-3.7,-11.4,-4.9,-1.0,-2.3,-1.2,0,97218,0,83,0, 
54.0133,-7.9,-4.3,-14.0,-4.5,0.1,4.7,0.8,0,97224,0,84,0, 
54.0167,-9.4,-5.2,-13.8,-4.5,0.5,9.6,2.4,0,97230,0,85,0, 
54.0200,-12.6,-6.1,-11.0,-4.7,0.9,9.2,2.6,0,97236,0,86,0, 
54.0233,-16.2,-6.8,-7.5,-5.2,2.0,3.8,1.2,0,97242,0,87,0, 
54.0267,-18.4,-7.5,-5.3,-5.5,3.8,-3.3,-1.6,0,97248,0,88,0, 
54.0300,-17.8,-8.4,-5.6,-5.6,5.4,-7.5,-5.1,0,97254,0,89,0, 
54.0333,-14.7,-9.3,-8.0,-5.8,5.4,-6.3,-8.0,0,97260,0,90,0, 
54.0367,-10.7,-10.0,-11.0,-6.3,3.6,-0.7,-9.9,0,97266,0,91,0, 
54.0400,-7.5,-10.4,-12.8,-7.3,1.0,5.5,-10.5,0,97272,0,92,0, 
54.0433,-6.1,-10.9,-12.6,-8.2,-0.5,8.1,-10.6,0,97278,0,93,0, 
54.0467,-5.9,-11.5,-10.6,-8.4,0.0,5.4,-10.7,0,97284,0,94,0, 
54.0500,-6.0,-12.1,-7.6,-7.6,1.7,-0.8,-10.9,0,97290,0,95,0, 
54.0533,-5.5,-12.0,-4.7,-5.9,3.1,-7.2,-10.9,0,97296,0,96,0, 
54.0567,-5.0,-10.9,-2.4,-4.0,2.7,-10.5,-9.9,0,97302,0,97,0, 
54.0600,-5.0,-8.8,-0.9,-2.3,1.0,-10.0,-8.1,0,97308,0,98,0, 
54.0633,-5.8,-6.6,-0.1,-1.4,-0.8,-6.8,-6.1,0,97314,0,99,0, 
54.0667,-7.0,-5.4,-0.3,-1.3,-1.2,-3.2,-4.7,0,97320,0,100,0, 
54.0700,-7.1,-5.8,-1.8,-2.0,-0.2,-1.1,-4.9,0,97326,0,101,0, 
54.0733,-5.8,-7.5,-4.7,-3.4,0.9,-1.2,-6.3,0,97332,0,102,0, 
54.0767,-3.8,-9.7,-8.6,-5.4,0.8,-3.2,-8.0,0,97338,0,103,0, 
54.0800,-2.5,-11.1,-11.7,-7.3,-0.8,-6.1,-8.8,0,97344,0,104,0, 
54.0833,-3.5,-10.9,-12.3,-8.4,-2.8,-8.3,-8.2,0,97350,0,105,0, 
54.0867,-6.6,-9.0,-9.4,-7.9,-3.8,-8.3,-6.1,0,97356,0,106,0, 
54.0900,-10.1,-6.3,-4.3,-5.9,-2.8,-5.3,-3.3,0,97362,0,107,0, 
54.0933,-12.3,-4.0,0.2,-2.9,-0.1,-0.2,-0.7,0,97368,0,108,0, 
54.0967,-12.5,-3.1,1.5,-0.1,3.0,4.6,1.2,0,97374,0,109,0, 
54.1000,-11.6,-3.7,-0.6,1.7,5.1,6.9,2.0,0,97380,0,110,0, 
54.1033,-11.1,-5.2,-4.0,2.4,5.3,5.7,1.8,0,97386,0,111,0, 
54.1067,-11.8,-6.6,-5.3,2.3,3.8,2.1,0.6,0,97392,0,112,0, 
54.1100,-12.8,-6.9,-3.1,1.6,1.6,-1.3,-1.0,0,97398,0,113,0, 
54.1133,-12.4,-6.0,1.5,0.9,-0.1,-2.9,-2.6,0,97404,0,114,0, 
54.1167,-9.5,-4.4,5.5,0.1,-0.4,-2.8,-3.2,0,97410,0,115,0, 
54.1200,-4.6,-2.9,6.8,-0.5,1.0,-2.0,-2.4,0,97416,0,116,0, 
54.1233,0.0,-1.8,5.9,-0.4,3.1,-1.4,-0.1,0,97422,0,117,0, 
54.1267,2.2,-1.2,5.1,0.6,4.9,-0.1,2.9,0,97428,0,118,0, 
54.1300,1.6,-0.9,6.0,2.2,5.4,3.1,5.3,0,97434,0,119,0, 
54.1333,-0.5,-0.7,8.1,3.8,4.8,8.0,6.2,0,97440,0,120,0, 
54.1367,-2.0,-0.7,8.9,4.5,3.6,12.2,5.0,0,97446,0,121,0, 
54.1400,-1.9,-1.0,6.5,4.0,2.6,12.4,2.4,0,97452,0,122,0, 
54.1433,-0.9,-1.4,1.9,2.7,2.1,7.2,-0.8,0,97458,0,123,0, 
54.1467,-0.7,-1.3,-1.4,1.6,1.6,-1.5,-3.4,0,97464,0,124,0, 
54.1500,-1.9,-0.3,-0.3,1.6,0.7,-9.0,-5.1,0,97470,0,125,0, 
54.1533,-4.0,1.3,5.1,2.6,-0.6,-11.6,-6.2,0,97476,0,126,0, 
54.1567,-5.3,2.6,11.0,4.1,-1.6,-9.4,-7.4,0,97482,0,127,0, 
54.1600,-4.6,2.7,12.7,5.0,-2.0,-6.1,-9.5,0,97488,0,128,0, 
54.1633,-2.4,1.6,8.5,4.9,-1.7,-6.1,-12.2,0,97494,0,129,0, 
54.1667,-0.1,0.3,1.1,3.9,-1.6,-10.4,-14.9,0,97500,0,130,0, 
54.1700,0.6,0.1,-4.0,2.9,-2.1,-16.1,-16.2,0,97506,0,131,0, 
54.1733,-0.3,2.0,-2.8,2.4,-3.4,-18.3,-15.4,0,97512,0,132,0, 
54.1767,-1.7,5.5,4.1,2.4,-4.7,-14.6,-12.3,0,97518,0,133,0, 
54.1800,-2.4,8.9,12.0,2.4,-5.2,-6.8,-7.9,0,97524,0,134,0, 
54.1833,-1.9,10.7,15.5,2.0,-4.6,0.1,-3.4,0,97530,0,135,0, 
54.1867,-0.8,9.8,12.3,1.1,-3.6,1.9,0.1,0,97536,0,136,0, 
54.1900,-0.2,6.9,4.4,0.6,-3.1,-2.1,2.4,0,97542,0,137,0, 
54.1933,-0.2,3.8,-3.1,0.9,-3.5,-8.5,3.9,0,97548,0,138,0, 
54.1967,-0.3,2.1,-6.2,1.9,-4.4,-12.6,5.1,0,97554,0,139,0, 
54.2000,0.5,2.6,-4.0,2.9,-5.0,-11.2,6.5,0,97560,0,140,0, 
54.2033,2.3,4.5,0.6,2.7,-4.6,-4.6,8.4,0,97566,0,141,0, 
54.2067,4.2,6.2,3.9,1.2,-3.2,4.5,10.4,0,97572,0,142,0, 
54.2100,4.7,6.2,3.4,-1.1,-1.6,12.1,11.7,0,97578,0,143,0, 
54.2133,3.4,4.1,-0.2,-2.7,-0.6,15.0,11.9,0,97584,0,144,0, 
54.2167,0.8,1.0,-3.9,-2.8,-0.8,12.3,10.5,0,97590,0,145,0, 
54.2200,-1.7,-0.9,-4.7,-1.9,-2.2,5.5,7.9,0,97596,0,146,0, 
54.2233,-2.7,-0.1,-1.7,-1.0,-4.0,-1.6,5.3,0,97602,0,147,0, 
54.2267,-2.1,3.6,3.7,-0.8,-5.2,-5.2,4.0,0,97608,0,148,0, 
54.2300,-0.6,8.9,8.8,-1.3,-4.9,-3.3,5.0,0,97614,0,149,0, 
54.2333,0.5,13.8,11.8,-1.2,-3.4,3.0,8.2,0,97620,0,150,0, 
54.2367,0.8,16.6,12.7,0.4,-1.5,9.6,12.1,0,97626,0,151,0, 
54.2400,0.5,17.5,12.7,3.7,-0.7,12.2,14.7,0,97632,0,152,0, 
54.2433,0.4,17.4,12.9,7.3,-1.7,9.3,14.8,0,97638,0,153,0, 
54.2467,1.1,17.5,13.4,9.7,-4.1,3.2,12.8,0,97644,0,154,0, 
54.2500,2.5,17.9,12.9,10.0,-6.7,-1.6,10.2,0,97650,0,155,0, 
54.2533,4.0,18.0,10.6,8.4,-8.3,-2.0,8.8,0,97656,0,156,0, 
54.2567,4.6,17.1,6.9,6.2,-8.2,1.5,9.2,0,97662,0,157,0, 
54.2600,4.1,15.2,3.5,4.3,-7.2,5.3,10.4,0,97668,0,158,0, 
54.2633,2.5,13.3,2.2,3.3,-6.1,5.6,11.1,0,97674,0,159,0, 
54.2667,0.4,12.3,3.3,2.7,-5.4,1.5,10.1,0,97680,0,160,0, 
54.2700,-1.3,12.4,5.5,2.0,-5.1,-4.3,7.7,0,97686,0,161,0, 
54.2733,-1.9,12.7,7.0,1.0,-4.8,-8.0,5.1,0,97692,0,162,0, 
54.2767,-1.2,12.1,6.0,-0.4,-4.4,-7.9,3.3,0,97698,0,163,0, 
54.2800,0.5,10.1,2.4,-2.0,-4.0,-5.2,2.6,0,97704,0,164,0, 
54.2833,2.0,7.3,-2.4,-3.6,-4.0,-2.9,2.7,0,97710,0,165,0, 
54.2867,2.6,5.0,-6.6,-4.8,-4.2,-2.2,3.0,0,97716,0,166,0, 
54.2900,1.7,4.3,-8.2,-5.1,-4.0,-2.1,3.6,0,97722,0,167,0, 
54.2933,0.1,5.3,-6.4,-4.0,-3.2,-0.3,4.6,0,97728,0,168,0, 
54.2967,-1.3,7.2,-2.0,-1.5,-2.1,4.5,6.2,0,97734,0,169,0, 
54.3000,-1.4,8.9,3.1,1.3,-1.2,10.6,7.9,0,97740,0,170,0, 
54.3033,-0.3,9.2,6.2,3.0,-0.7,14.7,8.6,0,97746,0,171,0, 
54.3067,0.9,7.8,6.0,2.5,-0.4,14.4,7.8,0,97752,0,172,0, 
54.3100,1.2,5.2,2.9,0.3,0.1,10.1,5.6,0,97758,0,173,0, 
54.3133,0.2,2.3,-1.2,-2.3,0.9,4.7,3.2,0,97764,0,174,0, 
54.3167,-1.4,0.3,-4.1,-3.4,1.0,1.2,1.8,0,97770,0,175,0, 
54.3200,-2.3,0.0,-4.6,-2.4,-0.1,0.9,2.3,0,97776,0,176,0, 
54.3233,-1.5,1.5,-3.4,-0.1,-2.6,2.7,4.7,0,97782,0,177,0, 
54.3267,1.1,4.6,-1.2,2.1,-4.9,4.5,8.8,0,97788,0,178,0, 
54.3300,4.5,8.7,1.2,3.0,-5.2,6.0,14.0,0,97794,0,179,0, 
54.3333,7.8,13.4,4.0,2.7,-2.7,8.5,19.9,0,97800,0,180,0, 
54.3367,10.1,18.1,7.3,2.0,1.7,13.6,25.5,0,97806,0,181,0, 
54.3400,11.5,22.3,10.4,1.9,5.7,21.2,29.6,0,97812,0,182,0, 
54.3433,12.3,25.1,12.1,2.5,7.2,28.1,31.0,0,97818,0,183,0, 
54.3467,12.9,26.3,12.1,3.1,5.6,30.3,29.3,0,97824,0,184,0, 
54.3500,13.2,25.9,11.8,3.2,2.1,25.9,25.2,0,97830,0,185,0, 
54.3533,13.3,24.3,13.1,2.4,-1.4,16.6,20.6,0,97836,0,186,0, 
54.3567,12.9,22.4,16.8,1.4,-3.5,7.0,17.1,0,97842,0,187,0, 
54.3600,12.1,20.6,21.0,0.8,-4.3,1.4,15.1,0,97848,0,188,0, 
54.3633,11.1,18.8,22.1,1.1,-4.4,0.6,13.7,0,97854,0,189,0, 
54.3667,10.1,16.4,17.5,1.6,-4.7,2.1,11.6,0,97860,0,190,0, 
54.3700,8.9,13.5,8.3,1.8,-5.2,2.2,8.4,0,97866,0,191,0, 
54.3733,7.8,11.0,-1.0,1.6,-5.3,-0.4,5.1,0,97872,0,192,0, 
54.3767,6.6,9.8,-5.3,1.3,-4.7,-3.7,2.8,0,97878,0,193,0, 
54.3800,5.4,10.4,-2.7,1.7,-3.9,-5.0,2.1,0,97884,0,194,0, 
54.3833,4.1,11.9,4.3,3.0,-3.6,-3.3,1.8,0,97890,0,195,0, 
54.3867,2.6,12.3,10.4,4.7,-4.3,-0.6,0.3,0,97896,0,196,0, 
54.3900,1.0,10.3,11.7,5.6,-5.4,0.1,-3.5,0,97902,0,197,0, 
54.3933,-0.5,6.0,7.8,5.3,-6.0,-2.1,-8.4,0,97908,0,198,0, 
54.3967,-1.6,1.2,2.0,3.9,-5.2,-5.5,-12.0,0,97914,0,199,0, 
54.4000,-2.2,-2.1,-2.0,2.2,-3.1,-7.0,-12.4,0,97920,0,200,0, 
54.4033,-2.3,-2.8,-2.6,1.2,-0.7,-5.8,-9.8,0,97926,0,201,0, 
54.4067,-2.1,-1.6,-0.7,0.9,1.0,-3.6,-6.2,0,97932,0,202,0, 
54.4100,-1.8,-0.2,1.7,1.1,1.3,-3.0,-3.9,0,97938,0,203,0, 
54.4133,-1.5,0.5,3.4,1.2,0.8,-4.3,-3.5,0,97944,0,204,0, 
54.4167,-1.3,0.2,4.4,1.1,0.4,-4.9,-3.3,0,97950,0,205,0, 
54.4200,-1.3,-0.3,4.9,1.1,1.1,-1.8,-1.6,0,97956,0,206,0, 
54.4233,-1.5,-0.7,4.6,1.8,3.0,5.0,2.0,0,97962,0,207,0, 
54.4267,-2.0,-1.2,2.5,2.9,5.2,11.8,6.1,0,97968,0,208,0, 
54.4300,-2.6,-2.1,-1.1,3.8,6.5,13.9,8.7,0,97974,0,209,0, 
54.4333,-3.0,-3.3,-4.9,3.9,6.1,9.7,9.1,0,97980,0,210,0, 
54.4367,-2.8,-3.5,-6.4,3.3,4.1,2.5,8.8,0,97986,0,211,0, 
54.4400,-1.9,-1.9,-4.4,2.4,1.4,-2.4,9.5,0,97992,0,212,0, 
54.4433,-0.7,1.4,0.1,2.0,-0.4,-1.7,11.8,0,97998,0,213,0, 
54.4467,0.2,4.7,4.2,2.2,-0.3,2.9,14.0,0,98004,0,214,0, 
54.4500,0.6,6.4,5.5,2.7,1.8,7.1,14.2,0,98010,0,215,0, 
54.4533,0.7,6.0,4.0,2.9,4.7,7.2,11.5,0,98016,0,216,0, 
54.4567,1.2,4.8,2.0,2.7,6.8,3.7,7.6,0,98022,0,217,0, 
54.4600,2.7,4.9,2.0,2.2,6.8,-0.5,5.0,0,98028,0,218,0, 
54.4633,4.8,6.9,5.1,1.8,4.6,-2.4,4.9,0,98034,0,219,0, 
54.4667,6.8,9.7,9.2,1.6,1.4,-1.8,5.9,0,98040,0,220,0, 
54.4700,7.7,11.0,11.7,1.3,-1.1,-0.8,5.6,0,98046,0,221,0, 
54.4733,7.2,9.6,10.7,0.5,-1.6,-1.2,2.7,0,98052,0,222,0, 
54.4767,6.0,6.3,7.2,-0.6,-0.1,-3.0,-1.5,0,98058,0,223,0, 
54.4800,5.2,3.3,4.0,-1.4,2.2,-4.6,-4.2,0,98064,0,224,0, 
54.4833,5.5,2.8,3.1,-1.2,3.9,-4.7,-3.5,0,98070,0,225,0, 
54.4867,6.9,4.6,4.3,-0.1,4.0,-3.6,-0.1,0,98076,0,226,0, 
54.4900,8.4,6.9,5.7,1.3,2.7,-2.4,3.3,0,98082,0,227,0, 
54.4933,9.1,7.5,5.2,2.0,1.0,-1.9,4.3,0,98088,0,228,0, 
54.4967,8.6,6.0,2.8,1.4,-0.2,-1.5,3.0,0,98094,0,229,0, 
54.5000,7.2,3.5,0.2,0.2,-0.3,-0.6,1.4,0,98100,0,230,0, 
54.5033,5.8,2.0,-0.4,-0.7,0.7,0.6,1.9,0,98106,0,231,0, 
54.5067,4.8,2.2,1.6,-0.2,2.1,1.1,4.7,0,98112,0,232,0, 
54.5100,4.3,3.4,4.7,1.1,3.7,0.3,8.3,0,98118,0,233,0, 
54.5133,4.4,3.9,6.2,2.4,5.3,-1.0,10.6,0,98124,0,234,0, 
54.5167,4.7,3.0,4.3,2.4,6.8,-0.9,10.6,0,98130,0,235,0, 
54.5200,5.1,1.2,0.2,1.0,8.0,1.6,9.1,0,98136,0,236,0, 
54.5233,5.8,0.1,-3.3,-0.9,8.7,5.3,7.6,0,98142,0,237,0, 
54.5267,6.5,0.9,-3.3,-1.7,8.3,7.5,6.9,0,98148,0,238,0, 
54.5300,7.3,3.6,0.9,-0.6,6.6,6.2,6.6,0,98154,0,239,0, 
54.5333,8.2,6.9,7.2,2.0,4.1,2.0,6.1,0,98160,0,240,0, 
54.5367,9.1,9.3,11.7,4.7,1.4,-2.5,5.3,0,98166,0,241,0, 
54.5400,10.3,9.9,11.5,6.1,-0.6,-4.7,4.4,0,98172,0,242,0, 
54.5433,11.6,8.9,6.5,6.0,-1.5,-3.9,4.2,0,98178,0,243,0, 
54.5467,12.9,7.4,-0.1,5.0,-1.6,-1.2,4.7,0,98184,0,244,0, 
54.5500,13.7,6.5,-4.2,4.2,-1.5,1.9,5.6,0,98190,0,245,0, 
54.5533,14.0,6.7,-2.8,4.3,-1.9,4.7,6.4,0,98196,0,246,0, 
54.5567,13.8,7.7,3.3,4.8,-2.3,7.6,7.0,0,98202,0,247,0, 
54.5600,13.3,8.8,10.1,4.9,-1.8,10.4,7.4,0,98208,0,248,0, 
54.5633,12.8,8.8,12.9,3.6,0.2,11.9,7.5,0,98214,0,249,0, 
54.5667,12.2,7.1,9.7,1.1,3.5,10.5,6.9,0,98220,0,250,0, 
54.5700,11.6,4.3,2.2,-1.9,6.7,6.2,5.5,0,98226,0,251,0, 
54.5733,11.0,1.5,-5.2,-4.1,8.0,1.0,3.6,0,98232,0,252,0, 
54.5767,10.4,0.2,-8.4,-4.7,6.6,-2.1,2.0,0,98238,0,253,0, 
54.5800,9.9,0.9,-6.9,-3.9,3.2,-1.6,1.4,0,98244,0,254,0, 
54.5833,9.5,2.9,-3.1,-2.7,-0.2,1.1,1.8,0,98250,0,255,0, 
54.5867,9.0,4.5,-0.6,-2.1,-2.0,2.8,2.5,0,98256,0,0,0, 
54.5900,8.0,4.3,-0.9,-2.6,-1.8,1.3,2.5,0,98262,0,1,0, 
54.5933,6.2,2.3,-3.1,-3.6,-0.7,-2.7,1.8,0,98268,0,2,0, 
54.5967,3.7,-0.4,-4.4,-4.0,0.2,-6.1,1.1,0,98274,0,3,0, 
54.6000,1.0,-1.8,-3.2,-3.1,0.7,-6.2,1.3,0,98280,0,4,0, 
54.6033,-1.1,-0.9,0.0,-0.8,1.1,-2.5,2.8,0,98286,0,5,0, 
54.6067,-1.7,1.8,3.3,1.5,2.1,2.2,4.8,0,98292,0,6,0, 
54.6100,-1.0,4.6,4.6,2.7,3.5,4.5,6.2,0,98298,0,7,0, 
54.6133,0.3,5.6,3.7,2.0,4.8,2.9,6.0,0,98304,0,8,0, 
54.6167,0.9,4.4,1.6,0.1,5.1,-1.0,4.0,0,98310,0,9,0, 
54.6200,0.0,1.8,-0.1,-1.6,4.7,-4.0,1.0,0,98316,0,10,0, 
54.6233,-2.0,-0.2,-0.3,-1.9,4.2,-3.9,-1.5,0,98322,0,11,0, 
54.6267,-3.9,-0.3,0.8,-0.4,4.4,-0.7,-2.6,0,98328,0,12,0, 
54.6300,-4.4,1.4,2.3,1.9,5.0,3.3,-1.8,0,98334,0,13,0, 
54.6333,-3.0,3.6,3.1,3.6,5.4,5.4,0.2,0,98340,0,14,0, 
54.6367,-0.6,4.3,2.4,3.9,4.7,4.0,2.2,0,98346,0,15,0, 
54.6400,1.6,2.9,-0.1,2.9,3.0,-0.5,2.8,0,98352,0,16,0, 
54.6433,2.7,0.3,-3.6,1.5,1.1,-6.5,1.3,0,98358,0,17,0, 
54.6467,2.7,-1.8,-6.5,0.4,-0.3,-11.6,-1.8,0,98364,0,18,0, 
54.6500,2.3,-2.3,-6.9,0.1,-0.9,-13.8,-5.2,0,98370,0,19,0, 
54.6533,1.9,-1.3,-4.0,0.1,-1.1,-12.7,-7.5,0,98376,0,20,0, 
54.6567,1.6,-0.3,0.3,0.1,-1.1,-9.3,-7.7,0,98382,0,21,0, 
54.6600,1.2,-0.6,3.1,-0.2,-0.7,-5.9,-6.4,0,98388,0,22,0, 
54.6633,0.5,-2.3,2.0,-0.7,0.3,-5.1,-4.4,0,98394,0,23,0, 
54.6667,-0.4,-4.2,-2.8,-1.2,2.0,-7.1,-3.0,0,98400,0,24,0, 
54.6700,-1.0,-4.9,-7.9,-1.7,3.8,-9.8,-2.0,0,98406,0,25,0, 
54.6733,-1.7,-4.0,-9.5,-1.9,4.8,-9.8,-1.1,0,98412,0,26,0, 
54.6767,-2.6,-2.5,-6.7,-2.1,4.8,-5.1,0.4,0,98418,0,27,0, 
54.6800,-4.1,-2.0,-1.8,-2.1,4.2,2.5,2.2,0,98424,0,28,0, 
54.6833,-5.5,-3.2,0.8,-2.1,3.6,8.3,3.5,0,98430,0,29,0, 
54.6867,-5.9,-5.4,-1.4,-2.1,3.7,8.1,3.3,0,98436,0,30,0, 
54.6900,-4.2,-6.9,-7.2,-2.5,3.8,1.5,1.7,0,98442,0,31,0, 
54.6933,-0.6,-6.5,-12.7,-3.3,3.4,-7.6,-0.6,0,98448,0,32,0, 
54.6967,3.4,-4.3,-14.4,-4.3,1.8,-13.8,-2.5,0,98454,0,33,0, 
54.7000,6.1,-1.7,-12.3,-5.2,-0.9,-14.4,-3.4,0,98460,0,34,0, 
54.7033,6.5,-0.4,-8.9,-5.5,-3.7,-10.7,-3.5,0,98466,0,35,0, 
54.7067,4.8,-0.7,-6.9,-5.0,-5.8,-6.7,-3.6,0,98472,0,36,0, 
54.7100,2.0,-2.0,-6.7,-4.2,-6.4,-5.2,-4.2,0,98478,0,37,0, 
54.7133,-0.5,-3.0,-6.4,-3.5,-5.6,-5.8,-5.0,0,98484,0,38,0, 
54.7167,-1.9,-3.0,-4.1,-3.1,-3.8,-6.0,-5.7,0,98490,0,39,0, 
54.7200,-2.0,-2.3,0.1,-3.2,-1.3,-3.8,-5.9,0,98496,0,40,0, 
54.7233,-1.2,-1.9,3.5,-3.2,1.0,-0.2,-5.7,0,98502,0,41,1, sound 
54.7267,0.1,-2.3,3.6,-3.0,2.8,2.1,-5.5,0,98508,0,42,0, 
54.7300,1.4,-3.5,0.4,-2.3,3.8,1.2,-5.4,0,98514,0,43,0, 
54.7333,2.5,-5.0,-3.8,-1.2,4.0,-2.2,-5.1,0,98520,0,44,0, 
54.7367,3.1,-5.8,-6.1,-0.2,3.8,-5.2,-4.2,0,98526,0,45,0, 
54.7400,3.3,-5.3,-5.1,0.2,3.5,-5.2,-2.4,0,98532,0,46,0, 
54.7433,3.4,-3.6,-2.0,-0.2,3.1,-2.1,0.1,0,98538,0,47,0, 
54.7467,3.6,-1.0,0.7,-1.2,2.6,2.5,2.7,0,98544,0,48,0, 
54.7500,4.0,1.8,1.6,-2.3,1.9,6.3,5.0,0,98550,0,49,0, 
54.7533,4.5,4.1,0.6,-2.7,1.3,8.4,6.8,0,98556,0,50,0, 
54.7567,5.0,5.9,-1.0,-2.0,1.0,9.1,8.4,0,98562,0,51,0, 
54.7600,5.3,7.2,-1.8,-0.2,1.2,8.7,10.0,0,98568,0,52,0, 
54.7633,5.6,8.3,-1.3,1.7,1.6,7.0,11.5,0,98574,0,53,0, 
54.7667,5.8,9.4,0.5,3.0,1.8,4.0,12.5,0,98580,0,54,0, 
54.7700,5.8,10.1,3.4,3.1,1.7,0.3,12.6,0,98586,0,55,0, 
54.7733,5.3,10.3,6.9,2.2,1.3,-2.2,12.1,0,98592,0,56,0, 
54.7767,4.4,10.0,9.9,1.0,1.0,-1.9,11.8,0,98598,0,57,0, 
54.7800,3.2,9.7,10.9,-0.1,1.0,1.1,12.2,0,98604,0,58,0, 
54.7833,2.4,9.7,8.8,-0.6,0.9,4.7,13.4,0,98610,0,59,0, 
54.7867,2.3,9.9,3.8,-0.9,0.6,6.6,14.6,0,98616,0,60,0, 
54.7900,3.0,9.7,-2.3,-1.0,0.1,5.7,15.0,0,98622,0,61,0, 
54.7933,4.0,8.2,-6.9,-1.3,-0.1,3.5,13.8,0,98628,0,62,0, 
54.7967,5.0,5.5,-8.1,-1.5,0.6,2.2,11.6,0,98634,0,63,0, 
54.8000,5.8,2.9,-6.1,-1.6,2.2,3.2,9.3,0,98640,0,64,0, 
54.8033,6.4,1.6,-2.7,-1.5,3.9,5.6,7.7,0,98646,0,65,0, 
54.8067,7.1,2.3,0.1,-1.3,4.4,7.0,6.7,0,98652,0,66,0, 
54.8100,8.0,4.0,1.0,-1.2,3.4,4.9,5.5,0,98658,0,67,0, 
54.8133,9.0,5.1,0.2,-1.1,1.3,-0.6,3.3,0,98664,0,68,0, 
54.8167,9.6,4.7,-0.8,-1.0,-0.7,-7.7,0.0,0,98670,0,69,0, 
54.8200,9.6,3.3,-0.7,-0.9,-1.9,-13.0,-3.2,0,98676,0,70,0, 
54.8233,9.0,2.8,1.1,-0.6,-2.4,-14.2,-5.0,0,98682,0,71,0, 
54.8267,8.2,4.2,3.8,-0.2,-2.9,-11.0,-4.4,0,98688,0,72,0, 
54.8300,7.5,7.0,5.9,0.4,-4.3,-5.9,-1.8,0,98694,0,73,0, 
54.8333,7.5,9.3,6.2,1.1,-6.2,-2.1,1.6,0,98700,0,74,0, 
54.8367,8.1,9.6,4.3,1.8,-7.9,-1.9,4.4,0,98706,0,75,0, 
54.8400,8.9,8.4,2.1,2.5,-8.2,-5.1,6.0,0,98712,0,76,0, 
54.8433,9.3,7.7,1.9,3.3,-6.7,-8.9,6.9,0,98718,0,77,0, 
54.8467,8.7,9.3,5.4,4.2,-3.8,-10.0,7.8,0,98724,0,78,0, 
54.8500,6.9,13.4,11.9,5.3,-0.9,-7.1,8.8,0,98730,0,79,0, 
54.8533,4.7,17.5,18.1,6.5,1.0,-1.8,9.4,0,98736,0,80,0, 
54.8567,2.9,18.7,20.4,7.2,1.6,2.4,9.0,0,98742,0,81,0, 
54.8600,2.2,16.0,17.2,7.2,1.3,2.6,7.3,0,98748,0,82,0, 
54.8633,2.3,11.1,10.6,6.4,0.7,-1.0,4.9,0,98754,0,83,0, 
54.8667,2.6,7.1,5.0,5.1,0.5,-5.5,2.8,0,98760,0,84,0, 
54.8700,2.8,5.9,3.5,3.7,0.5,-7.2,1.7,0,98766,0,85,0, 
54.8733,3.0,7.2,5.9,2.5,0.4,-5.0,1.5,0,98772,0,86,0, 
54.8767,3.9,8.7,8.8,1.6,-0.1,-0.3,1.6,0,98778,0,87,0, 
54.8800,5.8,8.2,8.5,0.5,-1.2,3.4,1.0,0,98784,0,88,0, 
54.8833,8.1,5.4,4.5,-1.0,-2.4,3.7,-0.2,0,98790,0,89,0, 
54.8867,9.6,1.9,-0.4,-2.7,-3.5,1.0,-1.6,0,98796,0,90,0, 
54.8900,9.1,-0.4,-2.0,-4.4,-4.0,-2.0,-2.4,0,98802,0,91,0, 
54.8933,6.7,-0.7,1.0,-5.5,-3.7,-2.7,-2.4,0,98808,0,92,0, 
54.8967,3.2,0.2,6.5,-5.9,-2.4,-0.5,-1.6,0,98814,0,93,0, 
54.9000,0.0,0.9,10.1,-5.6,-0.2,2.9,-0.9,0,98820,0,94,0, 
54.9033,-2.2,0.8,9.0,-4.9,2.7,5.0,-0.6,0,98826,0,95,0, 
54.9067,-3.3,0.5,4.5,-4.1,5.4,4.6,-0.9,0,98832,0,96,0, 
54.9100,-4.0,1.2,0.2,-3.4,7.1,2.8,-1.3,0,98838,0,97,0, 
54.9133,-4.6,3.0,-0.6,-3.0,7.3,1.7,-1.1,0,98844,0,98,0, 
54.9167,-5.0,5.2,1.9,-2.8,6.0,3.1,-0.1,0,98850,0,99,0, 
54.9200,-4.9,6.2,4.7,-2.9,4.0,6.6,1.1,0,98856,0,100,0, 
54.9233,-4.2,5.6,4.5,-3.1,2.5,10.0,1.7,0,98862,0,101,0, 
54.9267,-3.1,4.2,0.9,-3.1,2.0,11.2,1.0,0,98868,0,102,0, 
54.9300,-1.8,3.6,-3.2,-2.9,2.6,9.4,-0.5,0,98874,0,103,0, 
54.9333,-0.5,4.8,-4.6,-2.6,3.7,6.3,-1.6,0,98880,0,104,0, 
54.9367,0.9,7.3,-1.9,-2.3,4.3,4.3,-1.1,0,98886,0,105,0, 
54.9400,2.1,9.2,2.3,-2.4,4.1,4.8,1.0,0,98892,0,106,0, 
54.9433,2.7,8.6,4.3,-2.6,2.9,7.2,3.2,0,98898,0,107,0, 
54.9467,2.2,4.9,2.5,-2.8,1.1,8.7,3.4,0,98904,0,108,0, 
54.9500,0.7,-0.3,-1.7,-2.8,-0.8,6.7,0.3,0,98910,0,109,0, 
54.9533,-1.4,-4.9,-4.6,-2.5,-2.0,0.6,-5.2,0,98916,0,110,0, 
54.9567,-3.1,-7.4,-4.1,-2.3,-2.1,-7.4,-10.8,0,98922,0,111,0, 
54.9600,-4.1,-8.0,-1.3,-2.3,-1.0,-13.5,-14.1,0,98928,0,112,0, 
54.9633,-4.7,-8.3,0.2,-2.6,0.5,-15.1,-14.0,0,98934,0,113,0, 
54.9667,-5.6,-9.4,-2.2,-3.1,1.4,-11.8,-11.6,0,98940,0,114,0, 
54.9700,-7.2,-11.3,-7.9,-3.5,1.2,-6.1,-8.9,0,98946,0,115,0, 
54.9733,-8.6,-12.9,-13.6,-4.0,-0.1,-1.4,-7.5,0,98952,0,116,0, 
54.9767,-8.9,-12.7,-16.1,-4.5,-1.8,0.0,-7.4,0,98958,0,117,0, 
54.9800,-7.1,-10.6,-15.0,-5.3,-3.0,-2.0,-8.1,0,98964,0,118,0, 
54.9833,-3.9,-7.6,-12.5,-6.4,-3.3,-5.5,-8.5,0,98970,0,119,0, 
54.9867,-0.5,-5.0,-11.0,-7.1,-3.0,-7.9,-8.3,0,98976,0,120,0, 
54.9900,1.6,-3.3,-10.5,-7.1,-2.6,-8.0,-7.6,0,98982,0,121,0, 
54.9933,2.2,-1.6,-8.8,-6.0,-2.4,-5.6,-6.5,0,98988,0,122,0, 
54.9967,2.0,1.1,-3.8,-4.0,-2.2,-2.0,-5.1,0,98994,0,123,0, 
55.0000,2.2,5.0,3.8,-1.7,-1.7,1.3,-3.4,0,99000,0,124,0, 
55.0033,3.3,8.9,10.1,0.2,-0.8,3.4,-2.0,0,99006,0,125,0, 
55.0067,5.0,10.8,11.4,0.8,0.2,3.7,-1.5,0,99012,0,126,0, 
55.0100,6.2,9.3,6.9,0.3,0.6,2.3,-2.7,0,99018,0,127,0, 
55.0133,5.8,5.0,0.1,-0.9,0.3,-0.2,-5.2,0,99024,0,128,0, 
55.0167,3.6,-0.3,-4.0,-2.0,-0.4,-2.5,-8.0,0,99030,0,129,0, 
55.0200,0.2,-4.2,-2.7,-2.5,-1.4,-3.7,-10.0,0,99036,0,130,0, 
55.0233,-3.0,-5.7,2.1,-2.4,-2.2,-3.3,-10.6,0,99042,0,131,0, 
55.0267,-4.6,-5.2,5.6,-2.6,-2.9,-1.9,-10.3,0,99048,0,132,0, 
55.0300,-4.1,-4.7,4.1,-3.8,-3.5,-1.3,-10.6,0,99054,0,133,0, 
55.0333,-1.9,-5.5,-2.7,-6.1,-4.0,-2.7,-12.4,0,99060,0,134,0, 
55.0367,0.2,-8.3,-11.5,-9.0,-4.0,-6.4,-16.1,0,99066,0,135,0, 
55.0400,0.4,-12.2,-18.3,-11.5,-3.9,-10.9,-20.9,0,99072,0,136,0, 
55.0433,-2.5,-15.9,-20.9,-12.3,-3.9,-14.1,-25.5,0,99078,0,137,0, 
55.0467,-7.9,-18.2,-19.6,-11.2,-4.4,-15.2,-28.9,0,99084,0,138,0, 
55.0500,-13.4,-19.0,-16.1,-8.8,-5.3,-14.5,-30.7,0,99090,0,139,0, 
55.0533,-16.6,-18.9,-11.7,-6.2,-6.0,-13.3,-30.9,0,99096,0,140,0, 
55.0567,-16.2,-18.4,-7.3,-4.0,-5.6,-12.3,-29.9,0,99102,0,141,0, 
55.0600,-13.1,-17.7,-3.7,-2.6,-4.1,-10.9,-27.8,0,99108,0,142,0, 
55.0633,-9.8,-16.5,-1.7,-1.9,-2.1,-8.4,-24.8,0,99114,0,143,0, 
55.0667,-8.3,-14.9,-1.7,-1.5,-0.5,-5.0,-21.1,0,99120,0,144,0, 
55.0700,-9.2,-13.1,-3.1,-1.7,-0.1,-2.6,-17.2,0,99126,0,145,0, 
55.0733,-11.0,-12.0,-4.3,-2.7,-0.5,-2.6,-13.6,0,99132,0,146,0, 
55.0767,-12.2,-12.4,-4.1,-4.4,-0.9,-5.0,-10.8,0,99138,0,147,0, 
55.0800,-12.2,-14.0,-2.4,-6.4,-0.6,-7.3,-8.6,0,99144,0,148,0, 
55.0833,-11.8,-16.1,-1.0,-7.9,0.4,-6.4,-6.8,0,99150,0,149,0, 
55.0867,-12.3,-17.4,-1.7,-8.3,1.2,-1.5,-5.5,0,99156,0,150,0, 
55.0900,-14.0,-17.4,-4.9,-7.6,1.3,4.8,-4.8,0,99162,0,151,0, 
55.0933,-15.7,-16.7,-9.5,-6.6,0.6,8.0,-5.4,0,99168,0,152,0, 
55.0967,-15.7,-16.6,-13.6,-6.2,-0.1,5.1,-7.8,0,99174,0,153,0, 
55.1000,-13.4,-17.9,-15.6,-6.7,-0.3,-2.9,-11.4,0,99180,0,154,0, 
55.1033,-9.5,-20.0,-15.4,-7.5,0.2,-11.5,-15.2,0,99186,0,155,0, 
55.1067,-5.8,-21.6,-13.7,-7.6,0.6,-15.7,-17.6,0,99192,0,156,0, 
55.1100,-3.9,-21.3,-11.7,-6.4,0.4,-13.4,-17.8,0,99198,0,157,0, 
55.1133,-3.5,-19.1,-10.3,-4.0,-0.7,-6.6,-16.0,0,99204,0,158,0, 
55.1167,-3.6,-16.1,-9.6,-1.2,-2.1,0.5,-13.0,0,99210,0,159,0, 
55.1200,-2.7,-13.3,-8.9,1.1,-3.0,4.6,-9.9,0,99216,0,160,0, 
55.1233,-0.8,-11.0,-6.8,2.4,-2.8,5.2,-7.2,0,99222,0,161,0, 
55.1267,1.2,-8.6,-2.6,2.9,-1.6,3.8,-5.0,0,99228,0,162,0, 
55.1300,2.1,-5.5,3.2,3.2,-0.2,2.8,-3.4,0,99234,0,163,0, 
55.1333,1.2,-2.4,8.4,3.6,1.0,2.8,-2.7,0,99240,0,164,0, 
55.1367,-1.1,-0.8,10.2,3.9,1.7,3.5,-3.6,0,99246,0,165,0, 
55.1400,-4.2,-1.8,7.7,3.6,2.1,3.9,-6.0,0,99252,0,166,0, 
55.1433,-7.7,-5.1,3.0,2.5,2.2,3.3,-9.5,0,99258,0,167,0, 
55.1467,-11.7,-8.7,-0.3,1.0,2.0,1.9,-12.9,0,99264,0,168,0, 
55.1500,-16.4,-11.2,0.4,-0.4,1.3,-0.3,-15.6,0,99270,0,169,0, 
55.1533,-21.1,-12.4,4.0,-1.1,0.2,-3.2,-17.3,0,99276,0,170,0, 
55.1567,-25.1,-13.7,5.9,-1.2,-1.1,-6.3,-18.2,0,99282,0,171,0, 
55.1600,-27.1,-16.4,2.1,-1.1,-2.1,-8.4,-18.7,0,99288,0,172,0, 
55.1633,-26.6,-20.2,-7.0,-1.5,-2.7,-7.9,-18.3,0,99294,0,173,0, 
55.1667,-23.7,-22.6,-16.5,-2.4,-2.6,-4.4,-16.3,0,99300,0,174,0, 
55.1700,-19.1,-21.1,-20.0,-3.3,-2.0,0.9,-12.2,0,99306,0,175,0, 
55.1733,-13.0,-15.3,-15.0,-3.7,-1.1,5.2,-6.7,0,99312,0,176,0, 
55.1767,-6.0,-7.5,-4.7,-3.4,0.0,6.4,-1.4,0,99318,0,177,0, 
55.1800,1.2,-1.0,4.1,-2.9,1.0,4.5,2.2,0,99324,0,178,0, 
55.1833,7.3,1.7,6.3,-2.9,1.7,2.1,3.5,0,99330,0,179,0, 
55.1867,10.6,0.9,1.9,-3.8,1.5,2.4,3.1,0,99336,0,180,0, 
55.1900,10.1,-1.5,-4.5,-5.1,0.7,6.1,2.2,0,99342,0,181,0, 
55.1933,6.3,-3.7,-8.2,-6.4,-0.4,11.0,1.5,0,99348,0,182,0, 
55.1967,1.3,-5.4,-7.4,-7.0,-1.1,13.0,0.6,0,99354,0,183,0, 
55.2000,-2.9,-7.2,-4.5,-7.2,-1.3,9.1,-1.5,0,99360,0,184,0, 
55.2033,-5.0,-9.8,-2.5,-7.2,-1.2,0.0,-4.9,0,99366,0,185,0, 
55.2067,-5.5,-12.6,-2.8,-7.2,-1.8,-10.1,-8.7,0,99372,0,186,0, 
55.2100,-5.6,-14.3,-4.2,-6.7,-3.4,-16.7,-11.2,0,99378,0,187,0, 
55.2133,-6.0,-13.8,-5.1,-5.6,-5.6,-17.5,-11.2,0,99384,0,188,0, 
55.2167,-6.5,-11.6,-4.9,-4.0,-7.5,-13.4,-8.6,0,99390,0,189,0, 
55.2200,-6.0,-8.7,-4.4,-2.5,-7.9,-7.4,-4.9,0,99396,0,190,0, 
55.2233,-4.1,-6.1,-3.9,-1.9,-6.7,-2.1,-1.6,0,99402,0,191,0, 
55.2267,-1.8,-3.9,-2.7,-2.3,-4.7,1.7,0.4,0,99408,0,192,0, 
55.2300,-0.5,-1.6,-0.1,-2.9,-3.1,3.7,1.1,0,99414,0,193,0, 
55.2333,-1.4,0.5,3.5,-3.0,-2.6,4.1,1.0,0,99420,0,194,0, 
55.2367,-4.0,1.7,5.5,-2.1,-3.3,2.5,0.1,0,99426,0,195,0, 
55.2400,-7.3,0.5,3.6,-0.8,-4.2,-0.7,-1.8,0,99432,0,196,0, 
55.2433,-10.5,-3.2,-1.9,-0.2,-4.4,-3.8,-4.8,0,99438,0,197,0, 
55.2467,-13.4,-8.2,-7.7,-0.6,-3.8,-4.9,-8.6,0,99444,0,198,0, 
55.2500,-16.5,-12.1,-9.7,-1.4,-2.9,-3.7,-12.1,0,99450,0,199,0, 
55.2533,-19.5,-13.0,-6.5,-1.5,-2.3,-1.8,-14.2,0,99456,0,200,0, 
55.2567,-21.4,-10.5,-0.5,-0.6,-2.3,-1.8,-14.0,0,99462,0,201,0, 
55.2600,-20.7,-5.9,4.1,0.8,-2.3,-4.5,-11.7,0,99468,0,202,0, 
55.2633,-17.1,-1.2,4.8,1.2,-1.6,-7.2,-8.3,0,99474,0,203,0, 
55.2667,-12.0,2.1,2.7,-0.4,-0.1,-5.9,-4.7,0,99480,0,204,0, 
55.2700,-7.8,3.3,0.9,-3.5,1.6,1.1,-2.1,0,99486,0,205,0, 
55.2733,-6.0,2.7,1.4,-6.3,2.5,10.8,-1.0,0,99492,0,206,0, 
55.2767,-6.4,0.6,3.0,-7.1,1.7,16.6,-1.4,0,99498,0,207,0, 
55.2800,-7.4,-2.6,2.7,-5.7,-0.4,13.5,-2.8,0,99504,0,208,0, 
55.2833,-7.5,-6.2,-1.2,-3.4,-2.8,2.1,-4.3,0,99510,0,209,0, 
55.2867,-6.7,-9.1,-7.6,-1.9,-4.4,-11.1,-5.2,0,99516,0,210,0, 
55.2900,-6.4,-10.5,-12.9,-2.4,-4.7,-18.1,-5.2,0,99522,0,211,0, 
55.2933,-7.7,-10.1,-14.2,-4.4,-4.1,-15.3,-4.5,0,99528,0,212,0, 
55.2967,-10.2,-8.4,-11.4,-6.2,-3.0,-5.4,-3.4,0,99534,0,213,0, 
55.3000,-12.1,-6.4,-7.2,-6.4,-2.0,4.9,-2.0,0,99540,0,214,0, 
55.3033,-11.6,-5.3,-4.6,-4.8,-1.3,10.0,-0.2,0,99546,0,215,0, 
55.3067,-8.2,-5.4,-4.6,-2.2,-1.0,8.8,2.0,0,99552,0,216,0, 
55.3100,-3.7,-6.5,-6.0,0.1,-1.2,4.2,3.9,0,99558,0,217,0, 
55.3133,-0.8,-7.5,-6.6,1.2,-2.1,0.0,4.7,0,99564,0,218,0, 
55.3167,-1.2,-7.6,-5.3,1.4,-3.6,-2.3,3.6,0,99570,0,219,0, 
55.3200,-4.6,-6.5,-2.6,1.4,-5.1,-3.3,1.0,0,99576,0,220,0, 
55.3233,-9.3,-4.4,0.0,1.8,-5.8,-4.2,-1.7,0,99582,0,221,0, 
55.3267,-12.9,-2.2,1.0,2.6,-5.1,-4.9,-3.1,0,99588,0,222,0, 
55.3300,-14.0,-0.5,-0.2,3.1,-3.1,-3.9,-2.2,0,99594,0,223,0, 
55.3333,-12.7,0.6,-2.8,2.6,-0.4,-0.5,0.2,0,99600,0,224,0, 
55.3367,-10.2,1.1,-5.5,0.8,1.9,4.1,2.7,0,99606,0,225,0, 
55.3400,-7.9,1.5,-6.8,-1.5,3.3,7.3,4.1,0,99612,0,226,0, 
55.3433,-6.9,1.6,-6.1,-3.3,3.7,7.1,4.1,0,99618,0,227,0, 
55.3467,-7.0,1.2,-4.0,-3.8,3.3,4.5,3.4,0,99624,0,228,0, 
55.3500,-7.8,0.1,-1.9,-2.6,2.3,2.0,2.8,0,99630,0,229,0, 
55.3533,-8.2,-1.4,-1.0,-0.5,0.8,2.0,3.1,0,99636,0,230,0, 
55.3567,-7.4,-2.0,-1.0,1.6,-1.0,4.3,3.8,0,99642,0,231,0, 
55.3600,-5.4,-0.6,-0.5,2.9,-2.6,6.1,4.6,0,99648,0,232,0, 
55.3633,-2.5,3.2,2.1,3.3,-3.3,4.9,5.2,0,99654,0,233,0, 
55.3667,0.3,8.4,6.6,3.4,-2.6,0.9,5.9,0,99660,0,234,0, 
55.3700,2.3,12.9,10.7,3.6,-0.9,-2.9,7.5,0,99666,0,235,0, 
55.3733,3.4,15.1,11.8,3.9,1.1,-2.7,10.2,0,99672,0,236,0, 
55.3767,3.8,14.5,9.4,4.0,2.7,2.4,13.3,0,99678,0,237,0, 
55.3800,3.9,12.6,5.3,3.6,3.2,9.6,15.4,0,99684,0,238,0, 
55.3833,4.0,11.0,3.0,2.6,3.0,14.0,15.6,0,99690,0,239,0, 
55.3867,4.5,10.8,4.2,1.7,2.4,12.2,13.6,0,99696,0,240,0, 
55.3900,5.1,11.8,7.4,1.5,1.9,5.2,10.5,0,99702,0,241,0, 
55.3933,5.8,12.7,9.6,2.0,1.8,-3.0,8.2,0,99708,0,242,0, 
55.3967,6.0,12.3,8.4,2.7,2.0,-7.8,7.4,0,99714,0,243,0, 
55.4000,5.6,10.6,4.8,3.0,2.5,-7.3,8.0,0,99720,0,244,0, 
55.4033,4.7,8.3,1.5,2.4,3.0,-3.5,8.6,0,99726,0,245,0, 
55.4067,3.5,6.2,0.5,1.1,2.9,0.0,8.0,0,99732,0,246,0, 
55.4100,2.8,4.7,1.3,-0.4,2.0,0.6,6.1,0,99738,0,247,0, 
55.4133,2.9,3.5,1.7,-1.4,0.2,-1.0,3.8,0,99744,0,248,0, 
55.4167,3.6,2.4,0.2,-1.7,-1.8,-2.2,2.9,0,99750,0,249,0, 
55.4200,4.3,1.7,-2.3,-1.4,-2.9,-0.9,3.7,0,99756,0,250,0, 
55.4233,4.5,1.8,-3.0,-0.5,-2.7,2.6,5.4,0,99762,0,251,0, 
55.4267,4.1,2.2,-0.4,0.7,-1.3,5.5,5.8,0,99768,0,252,0, 
55.4300,3.7,2.1,3.8,2.2,0.0,5.0,3.4,0,99774,0,253,0, 
55.4333,4.1,0.3,6.1,3.8,0.3,0.7,-1.4,0,99780,0,254,0, 
55.4367,5.2,-3.5,4.2,4.9,-0.5,-4.2,-6.6,0,99786,0,255,0, 
55.4400,6.7,-7.8,-0.8,5.1,-1.4,-5.7,-9.3,0,99792,0,0,0, 
55.4433,7.6,-10.5,-5.4,4.0,-1.0,-1.6,-8.1,0,99798,0,1,0, 
55.4467,7.7,-9.8,-6.2,1.9,1.2,6.2,-3.6,0,99804,0,2,0, 
55.4500,7.2,-5.9,-3.0,-0.3,4.4,13.1,2.2,0,99810,0,3,0, 
55.4533,6.9,-0.7,1.6,-1.8,6.9,15.0,7.0,0,99816,0,4,0, 
55.4567,6.9,3.5,4.0,-2.0,7.3,11.9,9.8,0,99822,0,5,0, 
55.4600,6.5,5.2,2.7,-1.3,5.6,7.3,10.8,0,99828,0,6,0, 
55.4633,5.2,4.7,-1.1,-0.5,3.0,5.3,11.1,0,99834,0,7,0, 
55.4667,2.5,3.1,-5.4,-0.3,0.8,7.2,11.2,0,99840,0,8,0, 
55.4700,-0.5,1.5,-8.7,-0.9,-0.1,10.0,10.9,0,99846,0,9,0, 
55.4733,-2.5,0.4,-10.6,-1.8,-0.3,9.5,9.5,0,99852,0,10,0, 
55.4767,-2.6,-0.3,-11.2,-2.1,-0.5,4.0,7.2,0,99858,0,11,0, 
55.4800,-1.0,-0.9,-10.3,-1.4,-1.2,-3.7,4.7,0,99864,0,12,0, 
55.4833,1.0,-1.2,-8.2,-0.1,-2.1,-8.7,2.6,0,99870,0,13,0, 
55.4867,2.1,-1.2,-6.1,0.8,-2.7,-7.9,1.1,0,99876,0,14,0, 
55.4900,2.0,-1.0,-5.5,0.5,-2.8,-3.3,-0.4,0,99882,0,15,0, 
55.4933,1.3,-1.0,-7.4,-1.3,-2.7,0.0,-2.8,0,99888,0,16,0, 
55.4967,0.7,-1.1,-10.6,-3.7,-3.0,-2.3,-6.1,0,99894,0,17,0, 
55.5000,0.4,-1.3,-12.0,-5.1,-4.0,-9.8,-9.6,0,99900,0,18,0, 
55.5033,0.1,-1.1,-9.3,-4.9,-5.5,-17.8,-12.0,0,99906,0,19,0, 
55.5067,-0.8,-0.5,-3.2,-3.1,-7.0,-21.5,-12.6,0,99912,0,20,0, 
55.5100,-2.4,0.1,2.7,-1.0,-8.1,-19.5,-11.7,0,99918,0,21,0, 
55.5133,-4.2,-0.2,4.2,0.3,-8.7,-14.9,-10.3,0,99924,0,22,0, 
55.5167,-5.2,-1.7,0.2,0.1,-9.0,-11.5,-9.2,0,99930,0,23,0, 
55.5200,-5.3,-4.0,-6.4,-0.8,-9.2,-11.0,-8.4,0,99936,0,24,0, 
55.5233,-4.8,-6.1,-10.7,-1.5,-9.4,-11.2,-7.3,0,99942,0,25,0, 
55.5267,-4.1,-7.0,-9.8,-1.2,-9.7,-9.5,-5.5,0,99948,0,26,0, 
55.5300,-3.7,-6.8,-4.5,-0.4,-10.2,-5.0,-3.4,0,99954,0,27,0, 
55.5333,-3.1,-6.2,1.0,0.1,-10.9,0.0,-1.8,0,99960,0,28,0, 
55.5367,-1.8,-5.6,3.5,-0.5,-11.4,2.8,-1.1,0,99966,0,29,0, 
55.5400,0.2,-4.6,2.7,-1.8,-11.1,2.7,-0.6,0,99972,0,30,0, 
55.5433,2.5,-2.5,1.4,-2.8,-9.6,1.9,0.5,0,99978,0,31,0, 
55.5467,4.5,0.9,2.4,-2.4,-7.3,3.1,2.8,0,99984,0,32,0, 
55.5500,6.0,4.8,6.0,-0.5,-5.1,7.1,5.8,0,99990,0,33,0, 
55.5533,7.3,7.7,9.9,1.5,-4.0,11.6,8.0,0,99996,0,34,0, 
55.5567,8.9,9.0,11.4,2.1,-4.5,13.6,8.4,0,100002,0,35,0, 
55.5600,11.0,9.2,10.1,1.1,-5.8,12.0,7.1,0,100008,0,36,0, 
55.5633,13.1,9.7,8.2,-0.8,-6.8,8.4,5.3,0,100014,0,37,0, 
55.5667,13.7,11.4,8.1,-1.7,-6.8,5.9,4.1,0,100020,0,38,0, 
55.5700,12.2,13.7,10.1,-0.9,-6.0,6.1,3.5,0,100026,0,39,0, 
55.5733,8.4,14.8,12.1,0.9,-5.3,7.7,2.2,0,100032,0,40,0, 
55.5767,3.6,13.2,11.1,2.2,-5.5,7.8,-1.2,0,100038,0,41,0, 
55.5800,-0.7,9.0,6.7,1.7,-6.6,4.6,-6.9,0,100044,0,42,0, 
55.5833,-3.4,4.1,1.5,-0.3,-7.9,-1.4,-13.4,0,100050,0,43,0, 
55.5867,-4.6,0.9,-1.2,-2.4,-8.4,-7.3,-18.3,0,100056,0,44,0, 
55.5900,-4.7,0.2,0.3,-2.9,-8.3,-10.8,-20.5,0,100062,0,45,0, 
55.5933,-4.3,1.4,4.2,-1.7,-7.8,-11.0,-20.3,0,100068,0,46,0, 
55.5967,-3.3,2.5,6.9,0.4,-7.8,-9.4,-19.3,0,100074,0,47,0, 
55.6000,-1.3,2.2,6.3,1.9,-8.3,-8.4,-18.7,0,100080,0,48,0, 
55.6033,2.2,0.6,3.2,2.3,-8.8,-9.0,-18.3,0,100086,0,49,0, 
55.6067,6.5,-1.2,0.8,1.8,-8.8,-10.5,-16.9,0,100092,0,50,0, 
55.6100,10.2,-2.3,1.2,1.1,-8.0,-10.8,-13.5,0,100098,0,51,0, 
55.6133,12.1,-3.0,3.5,0.2,-6.8,-8.4,-8.3,0,100104,0,52,0, 
55.6167,11.4,-4.1,4.6,-1.1,-5.6,-3.3,-3.2,0,100110,0,53,0, 
55.6200,8.9,-6.4,1.7,-3.2,-4.7,2.9,0.1,0,100116,0,54,0, 
55.6233,5.9,-9.2,-4.8,-5.5,-3.7,8.0,0.7,0,100122,0,55,0, 
55.6267,3.9,-11.3,-11.5,-7.1,-2.5,10.4,-0.4,0,100128,0,56,0, 
55.6300,3.6,-11.5,-14.6,-7.0,-0.9,10.0,-1.2,0,100134,0,57,0, 
55.6333,4.6,-9.4,-12.6,-5.6,0.5,7.7,-0.2,0,100140,0,58,0, 
55.6367,6.1,-5.6,-7.0,-3.8,1.2,4.8,2.5,0,100146,0,59,0, 
55.6400,7.3,-1.0,-0.9,-2.4,1.0,2.4,5.8,0,100152,0,60,0, 
55.6433,7.6,3.6,3.8,-1.4,-0.2,0.8,8.1,0,100158,0,61,0, 
55.6467,7.5,7.8,6.6,-0.4,-2.0,-0.2,8.4,0,100164,0,62,0, 
55.6500,7.7,11.0,8.3,1.3,-4.0,-0.5,6.9,0,100170,0,63,0, 
55.6533,8.5,12.8,9.1,3.3,-6.2,-0.4,4.8,0,100176,0,64,0, 
55.6567,9.9,12.5,8.5,4.6,-8.1,0.1,2.8,0,100182,0,65,0, 
55.6600,11.1,10.5,5.9,4.1,-9.4,0.8,1.3,0,100188,0,66,0, 
55.6633,11.2,7.5,2.1,1.8,-9.8,1.2,0.2,0,100194,0,67,0, 
55.6667,9.7,4.5,-1.5,-1.2,-9.7,1.0,-1.0,0,100200,0,68,0, 
55.6700,6.9,2.2,-3.6,-3.5,-9.5,0.2,-2.6,0,100206,0,69,0, 
55.6733,3.7,0.1,-4.4,-4.3,-9.7,-0.9,-4.6,0,100212,0,70,0, 
55.6767,0.8,-2.4,-5.4,-3.8,-10.4,-2.0,-7.0,0,100218,0,71,0, 
55.6800,-1.8,-5.7,-7.5,-2.8,-10.9,-3.1,-9.8,0,100224,0,72,0, 
55.6833,-4.8,-9.9,-10.3,-2.0,-10.8,-4.5,-13.1,0,100230,0,73,0, 
55.6867,-9.1,-14.2,-12.7,-1.9,-10.0,-6.5,-17.0,0,100236,0,74,0, 
55.6900,-14.3,-18.1,-13.6,-2.3,-9.2,-9.2,-21.3,0,100242,0,75,0, 
55.6933,-19.2,-21.2,-13.6,-2.8,-9.4,-12.3,-25.1,0,100248,0,76,0, 
55.6967,-22.6,-23.8,-14.5,-3.2,-11.2,-15.6,-27.6,0,100254,0,77,0, 
55.7000,-24.3,-26.2,-17.2,-3.7,-14.3,-18.7,-28.6,0,100260,0,78,0, 
55.7033,-25.2,-28.4,-21.4,-4.7,-18.0,-21.6,-28.8,0,100266,0,79,0, 
55.7067,-27.3,-30.2,-25.2,-6.5,-21.7,-23.7,-29.4,0,100272,0,80,0, 
55.7100,-31.6,-31.6,-27.2,-9.4,-24.9,-24.9,-31.5,0,100278,0,81,0, 
55.7133,-37.8,-32.3,-27.4,-13.1,-27.5,-25.5,-34.9,0,100284,0,82,0, 
55.7167,-44.1,-32.7,-27.3,-16.7,-29.4,-26.4,-38.6,0,100290,0,83,0, 
55.7200,-48.7,-32.9,-28.0,-19.2,-30.3,-28.9,-41.1,0,100296,0,84,0, 
55.7233,-51.2,-33.5,-29.9,-19.9,-30.1,-33.0,-41.8,0,100302,0,85,0, 
55.7267,-52.6,-34.8,-32.0,-18.9,-29.1,-37.3,-41.3,0,100308,0,86,0, 
55.7300,-54.6,-37.2,-33.6,-17.2,-27.7,-39.6,-41.1,0,100314,0,87,0, 
55.7333,-58.2,-40.3,-35.1,-16.3,-26.3,-38.6,-42.4,0,100320,0,88,0, 
55.7367,-62.7,-43.4,-37.1,-17.2,-24.7,-35.3,-45.3,0,100326,0,89,0, 
55.7400,-66.4,-45.6,-40.1,-19.5,-23.0,-32.9,-48.8,0,100332,0,90,0, 
55.7433,-67.5,-46.3,-43.1,-22.3,-21.1,-33.8,-51.5,0,100338,0,91,0, 
55.7467,-65.5,-46.0,-44.9,-24.3,-19.5,-38.0,-52.8,0,100344,0,92,0, 
55.7500,-61.5,-45.6,-44.4,-24.8,-18.9,-42.3,-53.1,0,100350,0,93,0, 
55.7533,-57.3,-46.1,-42.4,-23.8,-19.5,-42.7,-52.7,0,100356,0,94,0, 
55.7567,-54.4,-47.6,-41.1,-22.4,-20.5,-37.8,-51.9,0,100362,0,95,0, 
55.7600,-53.1,-49.7,-42.0,-21.2,-21.0,-30.3,-50.1,0,100368,0,96,0, 
55.7633,-52.4,-51.5,-45.3,-21.1,-20.6,-25.2,-47.0,0,100374,0,97,0, 
55.7667,-51.2,-52.8,-49.3,-22.0,-19.6,-26.1,-43.3,0,100380,0,98,0, 
55.7700,-49.2,-53.8,-52.0,-23.4,-19.2,-32.5,-40.2,0,100386,0,99,0, 
55.7733,-47.2,-54.8,-52.1,-24.8,-19.7,-39.6,-39.2,0,100392,0,100,0, 
55.7767,-46.0,-55.3,-50.0,-25.3,-20.4,-42.1,-40.3,0,100398,0,101,0, 
55.7800,-46.3,-54.5,-46.9,-24.5,-20.1,-37.6,-42.1,0,100404,0,102,0, 
55.7833,-47.3,-51.3,-43.9,-22.6,-18.0,-28.7,-42.5,0,100410,0,103,0, 
55.7867,-47.7,-45.4,-40.7,-20.1,-14.7,-20.4,-40.3,0,100416,0,104,0, 
55.7900,-46.8,-37.8,-36.5,-17.9,-11.8,-17.1,-36.0,0,100422,0,105,0, 
55.7933,-45.0,-30.1,-30.6,-16.3,-10.4,-19.2,-31.6,0,100428,0,106,0, 
55.7967,-43.6,-23.9,-23.1,-15.2,-10.7,-23.8,-29.0,0,100434,0,107,0, 
55.8000,-43.8,-19.9,-15.6,-14.1,-11.1,-27.1,-28.7,0,100440,0,108,0, 
55.8033,-45.5,-17.9,-10.4,-12.5,-10.7,-27.2,-29.4,0,100446,0,109,0, 
55.8067,-47.2,-17.1,-9.3,-10.8,-9.5,-24.9,-29.4,0,100452,0,110,0, 
55.8100,-47.0,-16.8,-12.6,-9.8,-9.0,-23.0,-27.7,0,100458,0,111,0, 
55.8133,-44.3,-16.5,-18.9,-10.2,-10.6,-23.6,-24.7,0,100464,0,112,0, 
55.8167,-39.7,-16.2,-25.1,-11.6,-14.5,-26.2,-21.7,0,100470,0,113,0, 
55.8200,-34.9,-15.5,-27.7,-12.9,-19.0,-28.0,-19.4,0,100476,0,114,0, 
55.8233,-31.4,-13.7,-25.1,-12.9,-21.8,-26.2,-16.9,0,100482,0,115,0, 
55.8267,-29.1,-10.4,-17.9,-11.2,-21.8,-19.9,-12.9,0,100488,0,116,0, 
55.8300,-26.6,-5.6,-9.2,-8.7,-19.0,-10.9,-6.8,0,100494,0,117,0, 
55.8333,-22.7,-0.1,-2.4,-6.7,-14.9,-2.7,0.7,0,100500,0,118,0, 
55.8367,-16.9,4.8,0.8,-5.8,-10.6,2.2,7.3,0,100506,0,119,0, 
55.8400,-10.3,7.8,0.6,-5.7,-6.3,3.5,11.2,0,100512,0,120,0, 
55.8433,-4.5,8.7,-0.9,-5.3,-1.9,3.2,12.0,0,100518,0,121,0, 
55.8467,-0.6,7.9,-2.0,-3.9,2.7,3.8,10.8,0,100524,0,122,0, 
55.8500,1.1,6.5,-2.3,-1.8,6.8,5.8,9.2,0,100530,0,123,0, 
55.8533,1.0,5.2,-2.6,-0.1,9.3,8.1,7.9,0,100536,0,124,0, 
55.8567,0.0,4.2,-3.6,0.3,9.8,8.7,6.4,0,100542,0,125,0, 
55.8600,-1.5,3.3,-4.6,-0.7,8.5,6.8,3.7,0,100548,0,126,0, 
55.8633,-3.2,2.3,-4.2,-2.0,6.4,3.6,0.2,0,100554,0,127,0, 
55.8667,-4.8,1.5,-1.4,-2.6,4.4,1.1,-2.6,0,100560,0,128,0, 
55.8700,-5.8,1.2,3.1,-1.9,2.8,0.7,-3.1,0,100566,0,129,0, 
55.8733,-5.7,2.0,7.2,-0.2,1.5,2.4,-0.7,0,100572,0,130,0, 
55.8767,-4.4,4.0,8.9,1.7,0.1,5.0,3.3,0,100578,0,131,0, 
55.8800,-2.5,6.9,8.0,3.5,-1.8,7.3,7.0,0,100584,0,132,0, 
55.8833,-0.5,10.6,6.2,5.2,-4.3,8.8,9.5,0,100590,0,133,0, 
55.8867,1.4,14.8,5.8,7.1,-7.2,9.4,11.1,0,100596,0,134,0, 
55.8900,3.2,19.2,7.9,9.0,-9.7,9.1,13.1,0,100602,0,135,0, 
55.8933,5.4,23.2,11.8,10.3,-10.5,7.9,16.5,0,100608,0,136,0, 
55.8967,7.7,26.1,16.0,10.6,-8.8,6.5,20.6,0,100614,0,137,0, 
55.9000,9.6,27.5,19.1,9.6,-4.2,6.6,24.3,0,100620,0,138,0, 
55.9033,10.1,27.4,20.6,7.7,2.1,10.0,26.6,0,100626,0,139,0, 
55.9067,9.2,26.4,20.8,5.7,8.5,16.9,28.0,0,100632,0,140,0, 
55.9100,7.6,25.2,19.8,4.3,13.3,24.8,29.4,0,100638,0,141,0, 
55.9133,6.3,24.0,17.2,3.6,15.7,30.0,31.1,0,100644,0,142,0, 
55.9167,5.8,22.2,13.4,3.5,16.1,29.7,32.3,0,100650,0,143,0, 
55.9200,5.7,19.3,9.2,3.8,15.2,24.4,31.9,0,100656,0,144,0, 
55.9233,4.9,15.3,6.2,4.0,13.5,17.2,29.1,0,100662,0,145,0, 
55.9267,3.0,11.0,5.2,4.1,10.9,11.8,24.8,0,100668,0,146,0, 
55.9300,0.7,7.7,6.0,3.8,7.4,9.9,21.0,0,100674,0,147,0, 
55.9333,-0.4,6.1,7.1,3.5,3.7,10.5,18.8,0,100680,0,148,0, 
55.9367,0.7,6.6,7.5,3.3,0.7,11.4,18.2,0,100686,0,149,0, 
55.9400,3.9,8.4,7.4,3.6,-0.6,11.2,17.9,0,100692,0,150,0, 
55.9433,7.9,10.6,7.8,4.3,0.0,10.3,16.9,0,100698,0,151,0, 
55.9467,11.3,12.2,9.8,4.8,1.5,9.8,15.2,0,100704,0,152,0, 
55.9500,13.6,12.9,12.8,4.6,2.8,10.2,13.8,0,100710,0,153,0, 
55.9533,15.7,12.6,15.0,3.7,3.4,10.8,14.1,0,100716,0,154,0, 
55.9567,18.3,11.6,14.9,2.3,3.3,10.6,15.8,0,100722,0,155,0, 
55.9600,21.4,10.4,12.2,1.0,3.5,9.2,17.7,0,100728,0,156,0, 
55.9633,24.2,9.5,8.4,0.3,4.4,7.1,18.2,0,100734,0,157,0, 
55.9667,25.2,9.2,5.5,0.0,6.1,5.4,16.9,0,100740,0,158,0, 
55.9700,24.1,9.3,4.4,-0.2,8.0,4.6,14.4,0,100746,0,159,0, 
55.9733,21.6,9.1,4.5,-0.3,9.4,4.4,12.3,0,100752,0,160,0, 
55.9767,19.2,8.0,4.5,-0.2,9.5,4.8,11.6,0,100758,0,161,0, 
55.9800,18.1,5.9,3.9,0.7,8.3,5.7,12.4,0,100764,0,162,0, 
55.9833,18.1,4.0,3.2,2.8,6.1,7.0,13.9,0,100770,0,163,0, 
55.9867,18.4,3.4,3.5,5.8,3.8,8.2,15.5,0,100776,0,164,0, 
55.9900,18.1,5.3,5.4,8.7,2.3,8.5,17.1,0,100782,0,165,0, 
55.9933,17.1,9.6,8.2,10.5,1.8,7.7,19.3,0,100788,0,166,0, 
55.9967,16.2,15.1,10.7,10.7,2.0,6.4,22.4,0,100794,0,167,0, 
56.0000,16.1,20.2,12.5,9.3,2.1,6.4,26.2,0,100800,0,168,0, 
56.0033,16.5,23.9,14.3,7.2,1.3,8.9,29.2,0,100806,0,169,0, 
56.0067,16.6,25.8,16.7,5.1,0.0,13.5,30.2,0,100812,0,170,0, 
56.0100,15.8,26.0,19.8,3.4,-0.6,18.1,28.7,0,100818,0,171,0, 
56.0133,14.0,24.9,21.8,2.4,0.9,20.1,25.4,0,100824,0,172,0, 
56.0167,12.4,22.4,20.7,2.0,4.6,18.5,21.9,0,100830,0,173,0, 
56.0200,12.5,19.0,16.1,1.9,9.2,14.6,19.6,0,100836,0,174,0, 
56.0233,14.8,15.7,9.7,2.2,12.7,11.1,19.3,0,100842,0,175,0, 
56.0267,18.9,14.1,4.9,2.7,13.8,10.7,20.5,0,100848,0,176,0, 
56.0300,23.3,15.3,4.5,3.9,12.9,14.4,22.6,0,100854,0,177,0, 
56.0333,26.4,19.4,9.1,6.0,11.8,20.9,24.9,0,100860,0,178,0, 
56.0367,27.5,24.8,16.3,8.8,11.9,27.5,27.5,0,100866,0,179,0, 
56.0400,26.7,29.2,23.0,11.7,13.4,31.2,30.1,0,100872,0,180,0, 
56.0433,24.5,30.7,26.5,13.8,14.9,30.6,31.9,0,100878,0,181,0, 
56.0467,21.3,28.4,26.2,14.1,14.8,25.6,31.6,0,100884,0,182,0, 
56.0500,17.4,23.5,22.7,12.6,12.5,18.0,28.5,0,100890,0,183,0, 
56.0533,13.3,17.4,16.9,9.8,8.9,10.0,22.9,0,100896,0,184,0, 
56.0567,9.5,11.9,10.3,7.2,5.7,4.0,16.7,0,100902,0,185,0, 
56.0600,6.4,7.6,4.1,5.7,4.2,0.9,12.0,0,100908,0,186,0, 
56.0633,4.1,4.7,0.0,5.3,4.4,0.3,9.7,0,100914,0,187,0, 
56.0667,2.3,2.9,-0.9,5.4,5.1,0.8,9.2,0,100920,0,188,0, 
56.0700,0.7,1.9,1.0,5.2,5.2,0.9,8.6,0,100926,0,189,0, 
56.0733,-0.5,1.6,4.4,4.5,4.5,-0.1,6.7,0,100932,0,190,0, 
56.0767,-0.9,2.0,7.1,3.8,3.7,-1.1,3.9,0,100938,0,191,0, 
56.0800,-0.5,2.9,8.3,3.7,4.1,-0.8,1.5,0,100944,0,192,0, 
56.0833,0.3,3.9,8.4,4.3,6.5,1.6,1.0,0,100950,0,193,0, 
56.0867,0.5,4.3,8.3,5.2,10.2,5.2,2.0,0,100956,0,194,0, 
56.0900,-0.4,3.8,8.1,5.3,13.9,7.8,3.0,0,100962,0,195,0, 
56.0933,-2.1,2.4,6.8,3.8,15.9,7.7,2.6,0,100968,0,196,0, 
56.0967,-3.7,0.5,3.2,1.0,15.7,5.3,0.7,0,100974,0,197,0, 
56.1000,-4.6,-1.4,-2.2,-2.4,14.2,2.7,-1.1,0,100980,0,198,0, 
56.1033,-5.0,-2.5,-7.2,-5.4,13.1,2.6,-1.1,0,100986,0,199,0, 
56.1067,-5.7,-2.5,-9.4,-7.4,13.7,5.7,1.4,0,100992,0,200,0, 
56.1100,-7.1,-1.7,-8.0,-8.3,16.0,9.7,5.1,0,100998,0,201,0, 
56.1133,-8.7,-1.0,-5.0,-8.5,18.1,11.6,8.1,0,101004,0,202,0, 
56.1167,-9.0,-1.2,-3.4,-8.4,18.1,9.5,9.5,0,101010,0,203,0, 
56.1200,-7.1,-2.4,-4.5,-8.1,15.4,5.0,9.9,0,101016,0,204,0, 
56.1233,-3.4,-3.8,-6.9,-7.6,11.5,2.2,11.1,0,101022,0,205,0, 
56.1267,0.4,-4.5,-7.6,-6.9,9.0,4.5,14.4,0,101028,0,206,0, 
56.1300,2.7,-3.5,-5.2,-6.1,9.8,11.8,19.5,0,101034,0,207,0, 
56.1333,3.1,-1.0,-0.4,-5.5,13.6,20.0,24.3,0,101040,0,208,0, 
56.1367,2.3,2.3,4.2,-5.1,18.1,24.2,27.2,0,101046,0,209,0, 
56.1400,1.6,5.0,6.5,-5.0,20.4,22.0,27.5,0,101052,0,210,0, 
56.1433,1.3,6.2,6.6,-4.8,19.4,15.2,26.2,0,101058,0,211,0, 
56.1467,0.6,5.8,6.0,-4.8,16.0,8.2,24.8,0,101064,0,212,0, 
56.1500,-1.5,4.2,5.7,-4.8,12.5,4.7,24.4,0,101070,0,213,0, 
56.1533,-4.8,2.3,5.1,-5.3,10.6,5.0,24.4,0,101076,0,214,0, 
56.1567,-8.1,1.3,3.1,-6.1,10.4,6.3,23.8,0,101082,0,215,0, 
56.1600,-9.6,1.7,-0.1,-7.1,10.8,6.0,22.2,0,101088,0,216,0, 
56.1633,-8.5,3.5,-2.8,-8.0,10.4,3.6,19.8,0,101094,0,217,0, 
56.1667,-5.9,6.0,-3.1,-8.4,9.1,1.6,18.0,0,101100,0,218,0, 
56.1700,-3.4,8.0,-0.7,-8.0,7.6,2.7,17.7,0,101106,0,219,0, 
56.1733,-2.5,8.9,2.5,-7.2,6.9,7.5,19.3,0,101112,0,220,0, 
56.1767,-2.9,8.8,4.3,-6.1,7.3,14.1,21.8,0,101118,0,221,0, 
56.1800,-3.2,8.3,4.0,-5.3,8.4,19.3,23.9,0,101124,0,222,0, 
56.1833,-2.0,8.5,3.0,-4.6,9.3,20.9,24.7,0,101130,0,223,0, 
56.1867,1.0,9.7,3.0,-4.1,9.3,19.4,23.8,0,101136,0,224,0, 
56.1900,4.9,11.4,4.5,-3.3,8.3,16.8,21.7,0,101142,0,225,0, 
56.1933,7.9,12.5,6.3,-2.2,6.7,14.9,19.0,0,101148,0,226,0, 
56.1967,9.1,12.4,6.8,-0.8,5.0,14.0,16.0,0,101154,0,227,0, 
56.2000,8.5,10.9,6.1,0.6,3.3,12.7,13.0,0,101160,0,228,0, 
56.2033,6.8,8.4,5.7,1.6,1.9,9.7,10.0,0,101166,0,229,0, 
56.2067,5.0,5.1,6.4,1.7,0.6,4.7,6.9,0,101172,0,230,0, 
56.2100,3.7,1.3,7.2,0.9,-0.7,-0.7,4.0,0,101178,0,231,0, 
56.2133,3.2,-3.0,5.7,-0.4,-2.0,-4.3,1.6,0,101184,0,232,0, 
56.2167,3.4,-7.0,0.7,-1.6,-3.4,-4.6,0.1,0,101190,0,233,0, 
56.2200,4.0,-9.6,-6.1,-2.0,-4.4,-1.8,0.1,0,101196,0,234,0, 
56.2233,5.0,-10.2,-10.9,-1.8,-4.5,2.4,1.6,0,101202,0,235,0, 
56.2267,6.2,-8.7,-11.2,-1.4,-3.1,5.9,4.3,0,101208,0,236,0, 
56.2300,7.3,-6.6,-7.2,-1.7,-0.4,7.6,7.5,0,101214,0,237,0, 
56.2333,8.5,-5.6,-2.6,-3.1,2.9,8.1,10.6,0,101220,0,238,0, 
56.2367,9.5,-6.4,-0.6,-5.2,5.8,8.8,13.0,0,101226,0,239,0, 
56.2400,10.4,-8.3,-1.5,-6.9,7.7,10.7,14.4,0,101232,0,240,0, 
56.2433,11.1,-9.4,-2.6,-7.6,8.5,13.7,14.9,0,101238,0,241,0, 
56.2467,11.5,-8.3,-1.0,-7.0,8.9,16.7,14.8,0,101244,0,242,0, 
56.2500,11.4,-5.2,3.4,-5.9,9.2,18.3,13.9,0,101250,0,243,0, 
56.2533,10.6,-1.8,7.8,-5.2,9.5,17.7,12.5,0,101256,0,244,0, 
56.2567,9.3,-0.2,8.9,-5.1,9.6,15.3,10.2,0,101262,0,245,0, 
56.2600,7.7,-1.2,5.5,-5.2,9.0,12.2,7.3,0,101268,0,246,0, 
56.2633,6.5,-3.7,0.1,-4.7,7.7,9.1,4.0,0,101274,0,247,0, 
56.2667,6.1,-5.5,-3.7,-3.2,5.8,6.6,1.2,0,101280,0,248,0, 
56.2700,6.9,-4.7,-3.8,-0.9,3.3,4.9,-0.5,0,101286,0,249,0, 
56.2733,8.6,-1.0,-1.2,1.1,0.4,4.3,-0.4,0,101292,0,250,0, 
56.2767,10.6,4.3,1.4,2.3,-2.7,4.7,1.3,0,101298,0,251,0, 
56.2800,12.3,9.7,2.6,2.6,-5.3,5.6,3.9,0,101304,0,252,0, 
56.2833,13.3,14.1,2.9,2.3,-6.3,5.9,6.9,0,101310,0,253,0, 
56.2867,13.8,17.8,4.5,2.2,-5.3,5.2,9.7,0,101316,0,254,0, 
56.2900,14.3,21.3,8.4,2.4,-2.4,4.1,12.2,0,101322,0,255,0, 
56.2933,15.0,24.6,13.4,2.8,1.0,4.5,14.3,0,101328,0,0,0, 
56.2967,15.9,26.6,16.7,3.1,3.3,7.6,15.8,0,101334,0,1,0, 
56.3000,16.7,26.2,16.5,2.9,3.3,13.3,16.1,0,101340,0,2,0, 
56.3033,16.7,23.2,13.5,2.1,1.4,19.0,15.1,0,101346,0,3,0, 
56.3067,15.9,18.6,10.5,0.8,-1.3,21.4,12.7,0,101352,0,4,0, 
56.3100,14.5,14.1,9.6,-1.1,-3.3,18.4,9.7,0,101358,0,5,0, 
56.3133,13.0,10.9,11.0,-2.9,-4.0,11.5,7.0,0,101364,0,6,0, 
56.3167,11.4,9.0,12.2,-4.1,-3.8,4.1,4.9,0,101370,0,7,0, 
56.3200,9.9,7.4,10.9,-3.8,-3.3,0.0,3.2,0,101376,0,8,0, 
56.3233,8.3,5.0,6.7,-1.9,-3.3,0.5,1.5,0,101382,0,9,0, 
56.3267,6.7,1.9,2.0,0.9,-3.8,3.8,-0.4,0,101388,0,10,0, 
56.3300,5.1,-1.0,0.0,3.4,-4.2,6.7,-2.1,0,101394,0,11,0, 
56.3333,3.8,-2.9,1.8,4.4,-4.2,7.1,-3.0,0,101400,0,12,0, 
56.3367,2.7,-3.5,5.4,3.2,-3.3,5.7,-3.2,0,101406,0,13,0, 
56.3400,1.8,-3.8,6.9,0.1,-1.7,4.6,-3.0,0,101412,0,14,0, 
56.3433,1.2,-4.4,3.5,-3.8,0.4,5.6,-3.3,0,101418,0,15,0, 
56.3467,1.0,-5.3,-3.9,-7.6,2.5,8.5,-4.3,0,101424,0,16,0, 
56.3500,1.2,-5.6,-11.0,-10.3,4.4,11.3,-5.0,0,101430,0,17,0, 
56.3533,1.6,-4.3,-13.5,-11.5,5.6,12.5,-4.0,0,101436,0,18,0, 
56.3567,1.7,-1.4,-9.7,-11.3,6.3,12.1,-0.7,0,101442,0,19,0, 
56.3600,1.4,1.7,-2.5,-10.5,6.5,11.4,4.3,0,101448,0,20,0, 
56.3633,1.0,3.5,3.1,-9.7,6.7,12.2,8.6,0,101454,0,21,0, 
56.3667,1.0,2.9,3.5,-9.7,6.9,14.0,10.2,0,101460,0,22,0, 
56.3700,1.6,0.2,-1.1,-10.5,6.9,14.8,8.0,0,101466,0,23,0, 
56.3733,2.4,-3.4,-7.2,-11.4,6.3,12.6,3.3,0,101472,0,24,0, 
56.3767,2.3,-6.7,-11.1,-11.2,5.1,6.9,-1.7,0,101478,0,25,0, 
56.3800,0.7,-9.0,-11.4,-9.1,3.8,0.2,-5.1,0,101484,0,26,0, 
56.3833,-2.1,-10.3,-9.5,-5.5,3.0,-3.8,-6.4,0,101490,0,27,0, 
56.3867,-5.0,-10.8,-7.8,-1.9,3.1,-2.2,-6.5,0,101496,0,28,0, 
56.3900,-6.6,-10.3,-7.0,0.3,3.9,5.1,-6.4,0,101502,0,29,0, 
56.3933,-6.4,-8.2,-5.3,0.7,4.8,15.2,-6.3,0,101508,0,30,0, 
56.3967,-4.8,-4.3,-0.7,0.5,5.2,23.7,-5.5,0,101514,0,31,0, 
56.4000,-2.5,1.0,6.8,1.2,4.6,27.5,-3.2,0,101520,0,32,0, 
56.4033,0.0,6.5,14.3,3.6,3.2,25.4,0.6,0,101526,0,33,0, 
56.4067,2.7,11.2,18.1,6.8,1.3,19.2,4.6,0,101532,0,34,0, 
56.4100,6.0,14.5,16.9,9.0,-0.7,12.1,7.7,0,101538,0,35,0, 
56.4133,9.8,16.8,12.5,8.5,-2.2,7.3,9.0,0,101544,0,36,0, 
56.4167,13.7,18.4,8.8,5.4,-2.9,6.4,9.1,0,101550,0,37,0, 
56.4200,17.0,19.5,8.8,1.5,-2.2,8.9,8.8,0,101556,0,38,0, 
56.4233,19.1,19.7,11.9,-1.2,-0.3,12.4,8.4,0,101562,0,39,0, 
56.4267,19.9,18.8,15.3,-1.2,2.3,14.0,7.8,0,101568,0,40,0, 
56.4300,20.1,17.1,16.6,0.8,4.3,12.6,6.5,0,101574,0,41,0, 
56.4333,20.1,16.0,15.8,3.4,4.9,9.1,5.0,0,101580,0,42,0, 
56.4367,20.5,16.8,15.7,5.0,3.7,6.4,4.0,0,101586,0,43,0, 
56.4400,21.3,19.8,18.7,5.4,1.3,6.7,4.2,0,101592,0,44,0, 
56.4433,21.9,23.9,24.5,5.3,-1.2,9.7,5.0,0,101598,0,45,0, 
56.4467,21.5,26.6,30.0,5.9,-2.7,12.7,5.1,0,101604,0,46,0, 
56.4500,19.5,26.1,31.4,7.4,-3.0,13.0,3.0,0,101610,0,47,0, 
56.4533,15.9,22.3,26.9,9.3,-2.6,9.6,-1.3,0,101616,0,48,0, 
56.4567,11.4,17.1,18.4,10.5,-2.5,4.9,-6.5,0,101622,0,49,0, 
56.4600,7.2,12.6,9.7,10.3,-3.1,2.0,-10.4,0,101628,0,50,0, 
56.4633,4.0,10.2,3.7,8.8,-4.6,2.6,-12.1,0,101634,0,51,0, 
56.4667,2.0,9.6,1.3,6.9,-6.0,5.1,-11.9,0,101640,0,52,0, 
56.4700,0.5,9.3,1.3,5.1,-6.6,6.3,-11.4,0,101646,0,53,0, 
56.4733,-0.9,8.2,2.6,3.9,-5.9,4.3,-11.5,0,101652,0,54,0, 
56.4767,-2.2,6.6,4.6,3.2,-4.2,0.4,-11.6,0,101658,0,55,0, 
56.4800,-2.7,5.8,7.3,2.5,-2.4,-1.4,-10.2,0,101664,0,56,0, 
56.4833,-1.9,6.8,10.2,1.8,-1.3,1.2,-6.4,0,101670,0,57,0, 
56.4867,0.0,9.2,12.2,1.5,-1.5,7.3,-0.5,0,101676,0,58,0, 
56.4900,2.0,11.7,11.9,2.1,-2.9,12.5,5.4,0,101682,0,59,0, 
56.4933,3.4,12.9,9.3,3.7,-4.9,12.4,9.0,0,101688,0,60,0, 
56.4967,4.1,12.1,5.7,5.9,-6.8,6.5,9.3,0,101694,0,61,0, 
56.5000,4.5,10.2,3.0,7.6,-7.9,-1.6,6.9,0,101700,0,62,0, 
56.5033,4.9,8.0,2.2,8.2,-7.9,-7.1,3.3,0,101706,0,63,0, 
56.5067,5.0,6.1,2.8,7.5,-7.0,-7.6,0.0,0,101712,0,64,0, 
56.5100,3.9,4.5,3.1,6.1,-5.7,-4.8,-2.4,0,101718,0,65,0, 
56.5133,1.3,2.9,2.0,5.0,-4.8,-2.5,-4.0,0,101724,0,66,0, 
56.5167,-2.2,1.4,-0.8,4.6,-4.6,-3.0,-5.1,0,101730,0,67,0, 
56.5200,-4.9,0.5,-4.1,4.6,-4.9,-4.9,-5.4,0,101736,0,68,0, 
56.5233,-5.6,0.6,-6.2,4.1,-4.5,-4.8,-4.8,0,101742,0,69,0, 
56.5267,-4.4,1.8,-5.7,2.6,-2.6,-0.8,-3.1,0,101748,0,70,0, 
56.5300,-2.4,3.3,-2.3,0.5,1.0,5.4,-0.7,0,101754,0,71,0, 
56.5333,-0.9,4.6,2.9,-1.1,5.0,10.0,1.8,0,101760,0,72,0, 
56.5367,-0.2,5.8,7.7,-1.3,7.6,10.1,4.1,0,101766,0,73,0, 
56.5400,0.6,7.6,10.1,0.0,7.3,6.9,6.6,0,101772,0,74,0, 
56.5433,2.4,10.5,9.4,2.1,4.2,4.5,9.7,0,101778,0,75,0, 
56.5467,5.2,14.3,7.1,4.1,0.1,6.2,13.4,0,101784,0,76,0, 
56.5500,7.8,18.0,6.3,5.7,-2.9,11.5,16.8,0,101790,0,77,0, 
56.5533,8.8,20.3,9.1,6.9,-3.6,16.4,18.7,0,101796,0,78,0, 
56.5567,8.0,20.4,14.9,8.0,-2.5,16.6,18.2,0,101802,0,79,0, 
56.5600,5.9,18.5,20.1,8.8,-1.3,11.8,15.7,0,101808,0,80,0, 
56.5633,3.9,15.7,20.7,8.9,-1.4,6.2,12.7,0,101814,0,81,0, 
56.5667,3.1,13.1,15.4,7.9,-2.8,4.8,10.6,0,101820,0,82,0, 
56.5700,3.3,11.6,7.1,6.1,-4.7,9.3,10.0,0,101826,0,83,0, 
56.5733,4.0,11.3,1.1,4.5,-5.7,16.3,9.9,0,101832,0,84,0, 
56.5767,4.7,11.7,1.4,4.1,-5.3,19.7,8.8,0,101838,0,85,0, 
56.5800,5.3,11.8,8.0,5.3,-3.9,15.7,5.7,0,101844,0,86,0, 
56.5833,6.0,10.9,16.2,7.4,-2.4,6.0,0.9,0,101850,0,87,0, 
56.5867,6.7,8.2,20.9,9.5,-1.9,-4.0,-4.2,0,101856,0,88,0, 
56.5900,7.2,4.0,19.1,10.7,-2.7,-9.1,-8.2,0,101862,0,89,0, 
56.5933,7.2,-0.8,12.3,10.8,-4.4,-8.3,-10.6,0,101868,0,90,0, 
56.5967,6.7,-4.9,4.5,10.4,-6.2,-5.2,-11.8,0,101874,0,91,0, 
56.6000,5.9,-7.5,-0.8,10.0,-7.2,-3.9,-12.6,0,101880,0,92,0, 
56.6033,5.0,-8.5,-2.5,10.0,-7.0,-5.9,-13.1,0,101886,0,93,0, 
56.6067,4.1,-8.8,-2.1,10.5,-5.8,-9.1,-13.0,0,101892,0,94,0, 
56.6100,2.7,-9.1,-1.1,11.2,-4.1,-10.2,-11.9,0,101898,0,95,0, 
56.6133,0.3,-9.5,-0.1,11.8,-2.6,-8.1,-9.9,0,101904,0,96,0, 
56.6167,-2.7,-9.5,1.3,12.0,-1.6,-4.9,-7.8,0,101910,0,97,0, 
56.6200,-5.7,-8.2,3.0,11.5,-1.2,-4.0,-6.4,0,101916,0,98,0, 
56.6233,-7.3,-5.8,3.9,10.1,-1.4,-6.9,-6.2,0,101922,0,99,0, 
56.6267,-7.2,-3.3,2.4,7.9,-2.0,-11.9,-6.6,0,101928,0,100,0, 
56.6300,-5.7,-2.2,-1.5,5.5,-3.1,-15.5,-7.0,0,101934,0,101,0, 
56.6333,-4.3,-2.9,-5.6,3.5,-4.5,-15.1,-7.1,0,101940,0,102,0, 
56.6367,-4.5,-4.6,-7.3,2.7,-5.7,-11.4,-7.1,0,101946,0,103,0, 
56.6400,-6.7,-5.8,-5.3,3.4,-6.2,-7.2,-7.8,0,101952,0,104,0, 
56.6433,-9.6,-5.7,-1.1,5.1,-5.7,-5.8,-9.5,0,101958,0,105,0, 
56.6467,-11.1,-4.8,1.8,6.8,-4.8,-7.7,-11.8,0,101964,0,106,0, 
56.6500,-9.9,-4.3,0.7,7.9,-4.2,-10.9,-13.9,0,101970,0,107,0, 
56.6533,-6.1,-5.2,-3.8,7.9,-4.5,-12.1,-14.8,0,101976,0,108,0, 
56.6567,-1.6,-7.2,-8.3,7.2,-5.6,-9.3,-14.1,0,101982,0,109,0, 
56.6600,1.4,-9.0,-9.6,6.5,-6.3,-3.8,-12.1,0,101988,0,110,0, 
56.6633,1.7,-9.5,-6.7,6.1,-5.9,1.2,-10.0,0,101994,0,111,0, 
56.6667,-0.2,-8.9,-2.1,6.3,-4.3,1.9,-8.7,0,102000,0,112,0, 
56.6700,-2.6,-8.3,0.6,6.6,-2.5,-2.9,-9.1,0,102006,0,113,0, 
56.6733,-4.3,-9.1,-0.3,6.5,-1.7,-11.2,-11.2,0,102012,0,114,0, 
56.6767,-5.5,-11.1,-3.4,5.7,-2.3,-19.0,-14.3,0,102018,0,115,0, 
56.6800,-6.7,-13.3,-5.9,4.3,-3.7,-22.6,-17.2,0,102024,0,116,0, 
56.6833,-8.7,-14.3,-6.1,3.0,-5.0,-21.2,-19.0,0,102030,0,117,0, 
56.6867,-10.6,-13.8,-4.7,2.2,-5.3,-17.0,-19.4,0,102036,0,118,0, 
56.6900,-11.2,-12.7,-4.3,2.0,-5.0,-13.6,-18.7,0,102042,0,119,0, 
56.6933,-9.6,-12.1,-6.4,2.5,-4.4,-12.7,-17.2,0,102048,0,120,0, 
56.6967,-6.2,-12.3,-10.0,3.5,-3.9,-13.9,-15.3,0,102054,0,121,0, 
56.7000,-3.0,-12.1,-12.0,5.0,-3.7,-14.6,-13.0,0,102060,0,122,0, 
56.7033,-1.5,-10.3,-9.9,6.8,-3.2,-12.9,-10.4,0,102066,0,123,0, 
56.7067,-2.3,-6.5,-3.9,8.1,-2.6,-9.2,-8.1,0,102072,0,124,0, 
56.7100,-4.3,-2.0,2.4,8.2,-2.2,-5.5,-6.4,0,102078,0,125,0, 
56.7133,-5.4,1.1,5.1,6.6,-2.4,-4.0,-5.4,0,102084,0,126,0, 
56.7167,-4.6,1.2,2.3,3.5,-3.2,-4.9,-4.8,0,102090,0,127,0, 
56.7200,-2.2,-1.3,-4.2,-0.3,-4.1,-6.4,-3.9,0,102096,0,128,0, 
56.7233,0.7,-4.5,-10.4,-3.3,-4.1,-6.6,-2.7,0,102102,0,129,0, 
56.7267,2.8,-6.5,-12.6,-4.6,-2.6,-4.4,-1.5,0,102108,0,130,0, 
56.7300,3.9,-6.2,-9.5,-4.1,-0.1,-0.7,-0.8,0,102114,0,131,0, 
56.7333,4.8,-4.3,-2.9,-2.5,2.4,2.7,-0.9,0,102120,0,132,0, 
56.7367,6.3,-1.9,3.8,-0.7,4.0,4.8,-1.1,0,102126,0,133,0, 
56.7400,8.8,-0.2,7.4,0.6,4.4,5.9,-0.6,0,102132,0,134,0, 
56.7433,11.6,0.5,6.9,1.1,4.2,7.2,0.9,0,102138,0,135,0, 
56.7467,13.5,0.1,3.5,1.2,4.6,9.4,2.5,0,102144,0,136,0, 
56.7500,13.7,-1.0,-0.2,1.1,5.8,11.6,2.8,0,102150,0,137,0, 
56.7533,12.3,-2.7,-1.9,1.0,7.1,12.2,0.8,0,102156,0,138,0, 
56.7567,10.2,-4.3,-0.8,1.0,7.2,10.0,-2.9,0,102162,0,139,0, 
56.7600,8.2,-5.0,2.0,0.9,5.7,5.3,-6.4,0,102168,0,140,0, 
56.7633,7.0,-3.9,4.6,1.0,3.2,0.3,-7.8,0,102174,0,141,0, 
56.7667,6.6,-1.2,5.3,1.3,1.1,-2.5,-6.1,0,102180,0,142,0, 
56.7700,6.7,2.2,4.1,1.7,0.9,-1.6,-2.2,0,102186,0,143,0, 
56.7733,7.3,4.8,2.4,2.1,2.6,2.1,2.0,0,102192,0,144,0, 
56.7767,8.8,5.7,1.7,2.4,5.1,6.2,4.8,0,102198,0,145,0, 
56.7800,11.4,5.3,2.6,2.6,6.7,8.2,5.5,0,102204,0,146,0, 
56.7833,14.4,5.1,4.6,2.7,6.5,7.6,4.9,0,102210,0,147,0, 
56.7867,16.7,6.1,6.6,2.9,4.9,5.6,4.4,0,102216,0,148,0, 
56.7900,17.0,8.4,8.0,3.2,3.3,4.7,4.8,0,102222,0,149,0, 
56.7933,15.1,10.8,8.7,3.4,2.9,6.2,6.1,0,102228,0,150,0, 
56.7967,11.8,11.8,8.6,3.4,3.7,9.4,7.2,0,102234,0,151,0, 
56.8000,8.8,10.6,7.4,2.7,5.0,11.6,7.4,0,102240,0,152,0, 
56.8033,7.6,7.9,4.8,1.6,5.8,10.4,6.0,0,102246,0,153,0, 
56.8067,8.1,5.2,1.2,0.6,5.6,5.2,3.7,0,102252,0,154,0, 
56.8100,9.5,3.7,-1.8,0.1,4.5,-1.7,1.7,0,102258,0,155,0, 
56.8133,10.4,3.7,-2.3,0.6,2.9,-6.8,0.8,0,102264,0,156,0, 
56.8167,10.1,4.3,0.6,1.5,1.5,-7.7,1.1,0,102270,0,157,0, 
56.8200,8.5,4.3,5.3,2.3,0.5,-4.8,2.0,0,102276,0,158,0, 
56.8233,6.2,3.0,9.1,2.2,0.4,-1.2,2.2,0,102282,0,159,0, 
56.8267,3.8,0.7,9.4,1.2,1.3,-0.3,0.9,0,102288,0,160,0, 
56.8300,1.6,-1.8,5.7,0.0,2.9,-3.4,-1.9,0,102294,0,161,0, 
56.8333,-0.1,-3.7,0.2,-0.5,4.1,-8.9,-5.5,0,102300,0,162,0, 
56.8367,-1.0,-4.8,-4.2,0.2,4.0,-13.3,-8.6,0,102306,0,163,0, 
56.8400,-1.0,-5.1,-6.0,1.6,2.0,-13.7,-10.7,0,102312,0,164,0, 
56.8433,-0.5,-5.3,-5.8,2.7,-0.8,-10.2,-11.6,0,102318,0,165,0, 
56.8467,0.0,-6.0,-5.3,2.8,-3.0,-5.3,-12.1,0,102324,0,166,0, 
56.8500,-0.2,-7.7,-6.1,2.0,-3.2,-2.7,-13.4,0,102330,0,167,0, 
56.8533,-1.2,-10.3,-7.4,1.0,-1.4,-4.8,-16.2,0,102336,0,168,0, 
56.8567,-2.6,-13.0,-7.5,0.6,1.0,-10.7,-20.2,0,102342,0,169,0, 
56.8600,-3.9,-15.0,-5.2,1.0,2.3,-17.6,-24.9,0,102348,0,170,0, 
56.8633,-4.7,-15.9,-1.2,1.7,1.4,-22.4,-28.8,0,102354,0,171,0, 
56.8667,-4.9,-15.8,1.7,1.8,-1.3,-23.7,-31.2,0,102360,0,172,0, 
56.8700,-4.6,-15.7,0.7,0.6,-4.3,-22.7,-31.9,0,102366,0,173,0, 
56.8733,-3.9,-16.6,-4.9,-1.6,-6.3,-21.4,-31.1,0,102372,0,174,0, 
56.8767,-2.7,-18.6,-12.9,-3.9,-6.6,-20.9,-29.3,0,102378,0,175,0, 
56.8800,-0.8,-20.6,-19.5,-5.6,-5.8,-20.5,-26.6,0,102384,0,176,0, 
56.8833,1.8,-21.0,-21.5,-6.1,-4.9,-18.5,-22.6,0,102390,0,177,0, 
56.8867,4.4,-18.8,-18.5,-5.6,-4.4,-13.7,-17.2,0,102396,0,178,0, 
56.8900,6.3,-14.3,-12.3,-4.5,-3.9,-6.7,-10.8,0,102402,0,179,0, 
56.8933,7.1,-9.2,-6.2,-3.3,-2.9,0.3,-4.4,0,102408,0,180,0, 
56.8967,6.5,-5.3,-2.7,-2.3,-1.3,5.1,0.4,0,102414,0,181,0, 
56.9000,5.1,-3.9,-2.7,-1.8,0.5,7.0,2.8,0,102420,0,182,0, 
56.9033,3.2,-4.5,-5.0,-1.9,1.3,6.6,2.6,0,102426,0,183,0, 
56.9067,1.4,-5.7,-7.6,-2.5,0.7,4.8,0.5,0,102432,0,184,0, 
56.9100,-0.2,-6.4,-8.0,-3.1,-1.2,2.2,-2.3,0,102438,0,185,0, 
56.9133,-1.4,-6.1,-5.4,-3.0,-3.2,-1.4,-5.2,0,102444,0,186,0, 
56.9167,-1.8,-5.5,-0.9,-1.9,-4.3,-5.2,-7.7,0,102450,0,187,0, 
56.9200,-1.2,-5.4,2.9,0.3,-4.3,-7.5,-9.5,0,102456,0,188,0, 
56.9233,0.3,-6.1,3.5,2.6,-3.8,-6.2,-10.3,0,102462,0,189,0, 
56.9267,2.4,-6.8,0.5,4.4,-4.2,-0.8,-9.8,0,102468,0,190,0, 
56.9300,4.4,-6.6,-4.1,5.1,-5.8,6.5,-7.9,0,102474,0,191,0, 
56.9333,5.5,-4.8,-6.8,4.8,-8.0,11.8,-5.5,0,102480,0,192,0, 
56.9367,5.6,-2.2,-5.9,4.0,-9.5,11.6,-3.9,0,102486,0,193,0, 
56.9400,4.7,-0.5,-2.6,3.2,-9.4,5.6,-4.4,0,102492,0,194,0, 
56.9433,3.5,-1.1,-0.2,2.5,-8.0,-3.2,-7.3,0,102498,0,195,0, 
56.9467,2.3,-3.9,-1.1,2.0,-6.1,-10.6,-12.2,0,102504,0,196,0, 
56.9500,0.8,-7.3,-4.2,1.5,-4.7,-13.8,-17.3,0,102510,0,197,0, 
56.9533,-1.1,-9.3,-6.1,0.8,-3.5,-12.8,-21.1,0,102516,0,198,0, 
56.9567,-3.7,-8.9,-4.0,0.3,-1.8,-9.7,-22.2,0,102522,0,199,0, 
56.9600,-6.3,-6.9,1.1,-0.3,0.7,-6.7,-20.7,0,102528,0,200,0, 
56.9633,-8.0,-5.2,4.6,-0.8,3.2,-4.6,-17.4,0,102534,0,201,0, 
56.9667,-7.7,-5.4,2.4,-1.4,4.2,-2.9,-13.6,0,102540,0,202,0, 
56.9700,-5.2,-7.2,-5.3,-1.8,2.5,-1.0,-10.1,0,102546,0,203,0, 
56.9733,-1.4,-9.1,-13.7,-1.8,-1.0,0.9,-7.1,0,102552,0,204,0, 
56.9767,2.2,-9.0,-17.1,-1.1,-4.3,2.2,-4.1,0,102558,0,205,0, 
56.9800,4.6,-6.6,-13.8,-0.1,-5.3,2.2,-0.6,0,102564,0,206,0, 
56.9833,5.7,-3.3,-7.4,0.7,-3.9,1.1,3.5,0,102570,0,207,0, 
56.9867,5.8,-0.8,-3.4,0.8,-1.4,-0.1,7.5,0,102576,0,208,0, 
56.9900,5.8,-0.1,-4.1,0.1,-0.1,-0.3,10.8,0,102582,0,209,0, 
56.9933,5.6,-0.4,-7.4,-1.1,-0.9,1.6,13.0,0,102588,0,210,0, 
56.9967,5.1,-0.1,-8.2,-2.3,-2.6,5.5,14.4,0,102594,0,211,0, 
57.0000,3.9,2.1,-4.1,-2.7,-3.2,10.7,15.4,0,102600,0,212,0, 
57.0033,2.3,5.7,2.6,-2.6,-1.4,15.2,16.1,0,102606,0,213,0, 
57.0067,1.1,9.4,7.3,-2.0,2.0,16.7,16.2,0,102612,0,214,0, 
57.0100,0.6,11.7,6.8,-1.5,4.5,13.5,14.7,0,102618,0,215,0, 
57.0133,0.9,12.1,2.4,-1.3,4.4,6.1,11.4,0,102624,0,216,0, 
57.0167,1.6,10.9,-1.9,-1.6,1.5,-2.9,6.3,0,102630,0,217,0, 
57.0200,1.8,8.6,-3.0,-2.0,-2.4,-9.4,0.4,0,102636,0,218,0, 
57.0233,1.2,5.3,-1.7,-2.2,-5.1,-10.9,-5.1,0,102642,0,219,0, 
57.0267,0.0,1.3,-0.9,-2.0,-5.2,-7.3,-9.1,0,102648,0,220,0, 
57.0300,-1.6,-2.5,-2.9,-1.4,-3.5,-1.6,-11.4,0,102654,0,221,0, 
57.0333,-3.5,-5.3,-6.3,-0.6,-1.6,2.2,-12.1,0,102660,0,222,0, 
57.0367,-5.7,-6.0,-8.0,-0.1,-0.9,1.8,-11.9,0,102666,0,223,0, 
57.0400,-8.0,-5.1,-5.9,-0.1,-1.7,-2.5,-11.4,0,102672,0,224,0, 
57.0433,-9.8,-3.7,-1.5,-0.4,-3.2,-8.2,-10.8,0,102678,0,225,0, 
57.0467,-10.8,-3.3,1.6,-0.9,-4.6,-12.1,-10.3,0,102684,0,226,0, 
57.0500,-10.7,-4.4,0.7,-1.3,-5.1,-12.7,-9.5,0,102690,0,227,0, 
57.0533,-10.0,-6.0,-3.4,-1.5,-5.0,-9.7,-8.1,0,102696,0,228,0, 
57.0567,-9.4,-6.5,-6.9,-1.8,-4.9,-4.7,-6.1,0,102702,0,229,0, 
57.0600,-9.4,-4.8,-6.6,-2.1,-5.0,0.4,-3.4,0,102708,0,230,0, 
57.0633,-10.0,-1.5,-2.5,-2.5,-5.3,3.8,-0.3,0,102714,0,231,0, 
57.0667,-10.6,1.6,2.2,-2.8,-5.1,4.6,2.9,0,102720,0,232,0, 
57.0700,-10.8,2.8,3.7,-2.7,-4.0,3.2,5.7,0,102726,0,233,0, 
57.0733,-10.6,1.7,0.8,-2.3,-2.2,0.8,7.7,0,102732,0,234,0, 
57.0767,-10.1,-1.1,-4.8,-2.0,-0.8,-1.4,8.4,0,102738,0,235,0, 
57.0800,-9.7,-3.8,-9.8,-2.1,-1.0,-3.0,7.7,0,102744,0,236,0, 
57.0833,-9.6,-5.2,-12.3,-2.6,-3.4,-4.9,5.9,0,102750,0,237,0, 
57.0867,-9.9,-5.1,-11.9,-3.0,-7.2,-7.7,3.7,0,102756,0,238,0, 
57.0900,-10.9,-4.3,-10.0,-2.8,-10.6,-11.3,1.6,0,102762,0,239,0, 
57.0933,-12.8,-3.7,-7.3,-2.1,-11.6,-14.3,-0.5,0,102768,0,240,0, 
57.0967,-15.8,-4.0,-4.3,-1.0,-9.8,-15.4,-3.2,0,102774,0,241,0, 
57.1000,-19.5,-5.1,-1.4,-0.2,-6.6,-14.5,-7.0,0,102780,0,242,0, 
57.1033,-22.6,-6.3,0.4,-0.1,-4.2,-13.3,-11.6,0,102786,0,243,0, 
57.1067,-23.9,-6.9,0.1,-0.6,-4.4,-14.1,-15.8,0,102792,0,244,0, 
57.1100,-22.6,-6.3,-2.2,-1.0,-6.9,-17.3,-17.9,0,102798,0,245,0, 
57.1133,-19.3,-4.8,-5.1,-0.5,-10.0,-20.9,-17.3,0,102804,0,246,0, 
57.1167,-15.7,-3.1,-6.2,0.8,-11.4,-22.1,-14.7,0,102810,0,247,0, 
57.1200,-13.0,-2.0,-4.2,2.4,-9.9,-19.1,-12.0,0,102816,0,248,0, 
57.1233,-11.9,-1.8,0.1,3.1,-6.6,-13.4,-11.1,0,102822,0,249,0, 
57.1267,-12.0,-2.5,4.1,2.3,-3.4,-8.7,-12.6,0,102828,0,250,0, 
57.1300,-12.2,-3.4,5.9,0.7,-2.2,-8.4,-15.5,0,102834,0,251,0, 
57.1333,-12.2,-4.1,4.8,-0.5,-3.3,-12.7,-17.6,0,102840,0,252,0, 
57.1367,-12.0,-4.7,1.7,-0.2,-5.4,-18.7,-17.5,0,102846,0,253,0, 
57.1400,-11.9,-5.5,-2.3,1.2,-6.7,-22.0,-14.9,0,102852,0,254,0, 
57.1433,-12.1,-6.7,-6.6,2.5,-6.0,-20.1,-11.0,0,102858,0,255,0, 
57.1467,-12.5,-8.2,-10.6,2.1,-3.8,-13.7,-7.7,0,102864,0,0,0, 
57.1500,-12.9,-8.9,-12.8,-0.1,-1.4,-5.8,-6.0,0,102870,0,1,0, 
57.1533,-13.1,-8.0,-11.3,-2.6,-0.4,0.3,-6.1,0,102876,0,2,0, 
57.1567,-13.1,-5.4,-5.2,-3.6,-1.5,2.7,-6.8,0,102882,0,3,0, 
57.1600,-12.6,-2.0,3.9,-2.2,-4.0,1.6,-7.1,0,102888,0,4,0, 
57.1633,-10.9,0.8,11.5,0.7,-6.4,-1.9,-6.6,0,102894,0,5,0, 
57.1667,-7.8,1.9,13.6,2.7,-7.3,-6.4,-5.4,0,102900,0,6,0, 
57.1700,-3.9,1.7,9.3,2.3,-6.2,-10.1,-3.7,0,102906,0,7,0, 
57.1733,-0.4,1.6,1.8,0.1,-4.1,-11.4,-1.4,0,102912,0,8,0, 
57.1767,1.5,3.0,-3.8,-2.3,-2.3,-8.9,1.9,0,102918,0,9,0, 
57.1800,1.8,6.0,-4.5,-2.8,-1.9,-2.7,6.3,0,102924,0,10,0, 
57.1833,1.4,9.4,-1.1,-1.3,-2.9,5.3,10.9,0,102930,0,11,0, 
57.1867,1.6,11.2,2.6,0.7,-4.4,11.9,14.0,0,102936,0,12,0, 
57.1900,3.0,10.3,3.6,1.6,-5.3,14.2,14.0,0,102942,0,13,0, 
57.1933,4.7,7.2,1.6,0.6,-5.1,11.7,10.7,0,102948,0,14,0, 
57.1967,5.3,3.7,-1.1,-1.2,-4.4,5.9,5.9,0,102954,0,15,0, 
57.2000,4.5,2.0,-2.2,-2.4,-3.6,0.1,2.1,0,102960,0,16,0, 
57.2033,2.8,2.6,-0.9,-2.1,-3.1,-3.2,1.5,0,102966,0,17,0, 
57.2067,1.6,4.8,1.7,-0.8,-2.8,-3.3,4.1,0,102972,0,18,0, 
57.2100,1.8,6.8,4.1,0.4,-2.2,-1.0,7.9,0,102978,0,19,0, 
57.2133,2.8,7.3,5.8,0.3,-1.5,2.2,10.6,0,102984,0,20,0, 
57.2167,3.4,6.3,6.7,-1.1,-1.2,5.2,10.8,0,102990,0,21,0, 
57.2200,3.1,4.8,6.5,-3.0,-1.6,7.6,9.2,0,102996,0,22,0, 
57.2233,2.3,4.0,4.9,-4.5,-2.2,8.9,7.4,0,103002,0,23,0, 
57.2267,2.5,4.2,2.1,-5.1,-2.1,8.7,6.6,0,103008,0,24,0, 
57.2300,4.0,5.3,-0.6,-4.5,-0.6,6.8,6.9,0,103014,0,25,0, 
57.2333,6.4,6.6,-1.5,-3.4,1.8,4.2,7.9,0,103020,0,26,0, 
57.2367,8.3,7.8,0.3,-2.0,3.7,2.6,8.8,0,103026,0,27,0, 
57.2400,9.0,9.0,3.9,-0.8,4.0,3.3,9.8,0,103032,0,28,0, 
57.2433,9.0,10.4,7.3,0.2,2.4,5.8,11.1,0,103038,0,29,0, 
57.2467,9.5,11.8,9.2,1.2,0.2,8.2,12.8,0,103044,0,30,0, 
57.2500,10.9,13.0,10.3,2.3,-0.8,8.3,14.4,0,103050,0,31,0, 
57.2533,12.3,13.4,11.6,3.8,0.2,5.6,14.9,0,103056,0,32,0, 
57.2567,12.5,12.8,13.3,4.9,2.5,1.9,14.2,0,103062,0,33,0, 
57.2600,10.7,11.4,13.8,4.9,4.6,-0.3,12.5,0,103068,0,34,0, 
57.2633,8.1,9.4,11.4,3.4,5.2,0.1,10.6,0,103074,0,35,0, 
57.2667,6.6,7.6,6.1,0.6,4.5,1.8,8.8,0,103080,0,36,0, 
57.2700,7.9,6.4,0.9,-2.2,3.5,2.5,7.3,0,103086,0,37,0, 
57.2733,11.5,6.2,-0.8,-3.7,3.6,1.3,6.4,0,103092,0,38,0, 
57.2767,15.1,7.3,2.5,-3.3,5.0,-0.5,6.4,0,103098,0,39,0, 
57.2800,16.5,9.1,8.1,-1.5,7.1,-0.5,7.5,0,103104,0,40,0, 
57.2833,14.6,10.8,11.7,0.2,9.0,2.7,9.4,0,103110,0,41,0, 
57.2867,10.4,11.5,10.7,1.1,10.1,7.7,10.8,0,103116,0,42,0, 
57.2900,6.1,10.6,6.0,1.1,10.3,11.1,10.3,0,103122,0,43,0, 
57.2933,3.3,8.0,1.5,1.1,10.0,10.3,7.4,0,103128,0,44,0, 
57.2967,2.8,4.8,0.3,1.7,9.5,5.3,3.4,0,103134,0,45,0, 
57.3000,3.9,2.3,2.6,3.0,8.7,-1.5,0.2,0,103140,0,46,0, 
57.3033,5.7,1.4,5.7,4.4,7.5,-7.1,-0.5,0,103146,0,47,0, 
57.3067,7.5,2.0,7.2,5.0,6.3,-9.7,1.0,0,103152,0,48,0, 
57.3100,9.1,3.5,6.4,4.7,5.6,-9.7,3.2,0,103158,0,49,0, 
57.3133,10.6,5.0,5.1,4.2,5.8,-8.2,4.3,0,103164,0,50,0, 
57.3167,12.1,6.1,4.9,4.1,6.5,-5.6,4.2,0,103170,0,51,0, 
57.3200,13.7,7.0,5.6,4.7,7.2,-1.7,3.9,0,103176,0,52,0, 
57.3233,15.1,7.9,5.6,5.5,7.3,3.1,4.9,0,103182,0,53,0, 
57.3267,16.1,8.5,3.7,5.6,6.7,7.4,7.5,0,103188,0,54,0, 
57.3300,16.6,8.5,0.9,4.7,6.0,8.9,10.4,0,103194,0,55,0, 
57.3333,16.6,7.7,-0.4,2.8,5.8,6.2,11.5,0,103200,0,56,0, 
57.3367,16.1,6.2,1.4,0.8,6.4,0.1,9.9,0,103206,0,57,0, 
57.3400,15.3,4.5,5.3,-0.5,6.9,-6.9,6.5,0,103212,0,58,0, 
57.3433,14.2,3.1,7.7,-0.9,6.5,-11.8,3.4,0,103218,0,59,0, 
57.3467,12.7,2.2,5.6,-0.6,4.4,-13.0,2.5,0,103224,0,60,0, 
57.3500,10.8,1.3,-1.2,-0.2,1.2,-11.3,4.0,0,103230,0,61,0, 
57.3533,8.5,0.2,-9.3,-0.1,-2.0,-8.7,6.3,0,103236,0,62,0, 
57.3567,6.1,-1.1,-14.2,-0.3,-3.6,-6.5,7.5,0,103242,0,63,0, 
57.3600,4.2,-2.3,-13.6,-0.7,-3.0,-5.0,6.8,0,103248,0,64,0, 
57.3633,3.1,-2.9,-8.5,-0.9,-0.9,-3.7,4.5,0,103254,0,65,0, 
57.3667,3.3,-2.7,-2.7,-0.9,1.4,-2.7,2.3,0,103260,0,66,0, 
57.3700,4.7,-1.9,0.4,-0.7,2.9,-2.4,1.2,0,103266,0,67,0, 
57.3733,7.0,-0.7,0.2,-0.5,3.1,-3.4,1.7,0,103272,0,68,0, 
57.3767,9.4,0.9,-1.5,0.0,2.8,-4.6,3.4,0,103278,0,69,0, 
57.3800,11.4,2.9,-1.9,1.0,2.6,-4.4,5.6,0,103284,0,70,0, 
57.3833,12.4,5.2,0.6,2.6,3.2,-1.3,7.8,0,103290,0,71,0, 
57.3867,12.5,7.6,5.4,4.9,4.0,3.8,10.0,0,103296,0,72,0, 
57.3900,12.1,9.8,10.3,7.3,4.3,8.2,12.1,0,103302,0,73,0, 
57.3933,11.7,11.7,13.2,9.3,3.4,8.7,13.7,0,103308,0,74,0, 
57.3967,11.5,12.9,13.1,10.3,1.6,5.0,14.6,0,103314,0,75,0, 
57.4000,11.2,13.1,10.3,10.0,-0.1,0.4,14.7,0,103320,0,76,0, 
57.4033,10.3,12.1,6.3,8.5,-0.8,-0.5,14.0,0,103326,0,77,0, 
57.4067,8.6,9.7,2.9,6.3,0.2,4.4,12.9,0,103332,0,78,0, 
57.4100,6.1,6.4,1.2,4.4,2.3,12.7,11.6,0,103338,0,79,0, 
57.4133,4.0,2.9,1.8,3.1,4.6,18.6,10.3,0,103344,0,80,0, 
57.4167,3.3,0.1,3.9,2.7,5.9,17.2,8.6,0,103350,0,81,0, 
57.4200,4.5,-1.5,5.7,2.5,6.0,8.1,6.9,0,103356,0,82,0, 
57.4233,7.2,-1.7,5.6,2.2,5.1,-3.9,5.6,0,103362,0,83,0, 
57.4267,10.4,-0.9,2.9,1.3,4.1,-12.1,5.3,0,103368,0,84,0, 
57.4300,12.7,0.2,-1.3,0.2,3.7,-13.0,6.1,0,103374,0,85,0, 
57.4333,13.9,1.3,-4.5,-0.7,3.9,-8.1,7.5,0,103380,0,86,0, 
57.4367,14.3,2.2,-4.1,-0.8,4.4,-1.8,8.9,0,103386,0,87,0, 
57.4400,14.6,3.2,0.7,-0.1,4.7,2.3,10.0,0,103392,0,88,0, 
57.4433,15.3,4.7,8.3,1.2,5.0,3.7,10.8,0,103398,0,89,0, 
57.4467,16.0,6.8,15.7,2.3,5.6,5.0,11.9,0,103404,0,90,0, 
57.4500,16.1,8.9,20.1,2.9,7.1,7.9,13.4,0,103410,0,91,0, 
57.4533,15.4,10.4,20.3,3.0,9.3,11.7,14.6,0,103416,0,92,0, 
57.4567,14.3,10.7,17.4,2.8,11.3,13.6,14.6,0,103422,0,93,0, 
57.4600,13.2,9.5,13.5,2.7,11.8,11.7,12.7,0,103428,0,94,0, 
57.4633,12.5,7.1,10.0,2.7,10.2,6.9,9.1,0,103434,0,95,0, 
57.4667,11.5,4.3,7.6,2.8,7.1,2.0,5.0,0,103440,0,96,0, 
57.4700,9.4,1.5,5.6,3.1,4.0,-0.6,1.1,0,103446,0,97,0, 
57.4733,6.0,-1.1,3.1,3.1,2.0,-1.1,-2.0,0,103452,0,98,0, 
57.4767,2.2,-3.4,0.6,2.8,1.8,-1.3,-4.3,0,103458,0,99,0, 
57.4800,-0.7,-5.1,-1.0,2.1,2.7,-2.2,-5.5,0,103464,0,100,0, 
57.4833,-1.6,-5.3,-0.2,0.9,3.7,-2.2,-5.1,0,103470,0,101,0, 
57.4867,-0.6,-3.7,2.5,-0.2,4.5,0.6,-2.4,0,103476,0,102,0, 
57.4900,1.1,-1.3,5.4,-0.7,5.1,6.8,1.8,0,103482,0,103,0, 
57.4933,2.1,0.3,5.7,-0.4,6.3,13.1,5.8,0,103488,0,104,0, 
57.4967,1.4,-0.9,2.4,0.4,8.1,15.3,7.7,0,103494,0,105,0, 
57.5000,-0.8,-4.9,-3.1,1.1,9.9,11.1,6.5,0,103500,0,106,0, 
57.5033,-3.9,-10.3,-7.3,1.0,10.3,2.9,3.4,0,103506,0,107,0, 
57.5067,-6.7,-14.4,-7.8,0.0,8.5,-3.9,0.4,0,103512,0,108,0, 
57.5100,-8.7,-15.6,-4.8,-1.7,4.9,-5.3,-0.5,0,103518,0,109,0, 
57.5133,-9.3,-14.1,-1.5,-3.3,0.7,-1.6,0.7,0,103524,0,110,0, 
57.5167,-8.3,-12.1,-1.4,-4.5,-2.4,2.8,2.8,0,103530,0,111,0, 
57.5200,-6.1,-11.4,-5.0,-5.0,-3.4,3.1,4.0,0,103536,0,112,0, 
57.5233,-3.2,-12.0,-9.4,-4.7,-2.4,-1.6,3.7,0,103542,0,113,0, 
57.5267,-0.9,-12.4,-10.3,-3.7,-0.3,-8.0,2.5,0,103548,0,114,0, 
57.5300,0.2,-11.0,-6.2,-2.2,1.6,-11.2,1.3,0,103554,0,115,0, 
57.5333,-0.3,-7.6,0.5,-0.7,2.5,-9.2,0.8,0,103560,0,116,0, 
57.5367,-1.8,-3.7,5.3,0.3,2.4,-3.7,0.7,0,103566,0,117,0, 
57.5400,-3.0,-1.3,5.7,0.4,1.5,0.9,0.2,0,103572,0,118,0, 
57.5433,-3.4,-0.9,3.4,-0.2,0.2,1.6,-0.8,0,103578,0,119,0, 
57.5467,-2.9,-1.6,2.6,-1.0,-1.0,-1.4,-2.1,0,103584,0,120,0, 
57.5500,-2.2,-1.8,5.9,-1.4,-1.8,-5.3,-3.0,0,103590,0,121,0, 
57.5533,-2.1,-0.9,11.5,-1.0,-1.9,-7.2,-3.4,0,103596,0,122,0, 
57.5567,-2.6,0.2,14.0,-0.3,-1.4,-6.3,-3.6,0,103602,0,123,0, 
57.5600,-3.0,0.0,9.8,0.3,-0.3,-4.3,-3.9,0,103608,0,124,0, 
57.5633,-2.8,-1.8,0.4,0.4,0.8,-3.6,-4.5,0,103614,0,125,0, 
57.5667,-1.6,-4.1,-8.2,0.2,1.4,-4.8,-5.0,0,103620,0,126,0, 
57.5700,0.2,-4.8,-9.9,0.2,1.3,-6.8,-4.7,0,103626,0,127,0, 
57.5733,2.2,-3.2,-3.8,0.8,0.9,-6.8,-3.1,0,103632,0,128,0, 
57.5767,4.2,0.1,5.5,1.9,0.7,-3.5,-0.2,0,103638,0,129,0, 
57.5800,5.9,3.1,11.7,2.8,1.2,2.7,3.1,0,103644,0,130,0, 
57.5833,7.5,4.3,11.3,3.2,2.2,9.2,6.0,0,103650,0,131,0, 
57.5867,8.8,3.8,6.4,2.8,3.2,12.8,7.8,0,103656,0,132,0, 
57.5900,9.5,2.6,1.1,1.6,3.3,12.0,8.5,0,103662,0,133,0, 
57.5933,9.6,2.1,-1.3,-0.3,2.2,7.6,8.7,0,103668,0,134,0, 
57.5967,9.4,2.5,-1.2,-2.9,0.1,2.4,8.4,0,103674,0,135,0, 
57.6000,8.8,2.8,-0.7,-5.7,-2.0,-0.8,7.5,0,103680,0,136,0, 
57.6033,7.6,1.9,-1.2,-7.7,-3.5,-0.7,5.5,0,103686,0,137,0, 
57.6067,5.6,-0.3,-1.7,-8.0,-4.1,1.5,2.1,0,103692,0,138,0, 
57.6100,2.4,-3.6,-0.8,-6.3,-4.2,3.6,-2.3,0,103698,0,139,0, 
57.6133,-1.1,-6.9,1.8,-3.1,-4.2,3.3,-6.2,0,103704,0,140,0, 
57.6167,-4.0,-9.5,4.1,-0.1,-4.4,0.7,-8.0,0,103710,0,141,0, 
57.6200,-5.3,-11.2,4.1,1.1,-4.4,-2.4,-6.7,0,103716,0,142,0, 
57.6233,-4.6,-11.9,1.5,0.2,-3.5,-3.4,-3.0,0,103722,0,143,0, 
57.6267,-2.6,-11.6,-1.7,-2.1,-1.5,-1.2,1.5,0,103728,0,144,0, 
57.6300,-0.3,-10.4,-3.6,-4.1,1.2,3.5,5.4,0,103734,0,145,0, 
57.6333,1.4,-8.5,-3.6,-4.6,3.3,8.2,7.7,0,103740,0,146,0, 
57.6367,1.9,-6.4,-2.9,-3.5,4.0,11.2,8.7,0,103746,0,147,0, 
57.6400,1.4,-4.6,-2.5,-1.9,3.1,11.6,8.6,0,103752,0,148,0, 
57.6433,-0.1,-3.2,-2.1,-0.9,1.8,10.5,7.8,0,103758,0,149,0, 
57.6467,-2.2,-1.7,-0.4,-1.1,1.5,9.0,6.5,0,103764,0,150,0, 
57.6500,-4.3,0.2,3.5,-1.7,2.8,8.0,4.7,0,103770,0,151,0, 
57.6533,-5.6,2.7,8.3,-1.7,4.9,7.6,3.3,0,103776,0,152,0, 
57.6567,-5.5,5.3,11.2,-0.3,6.3,7.9,2.9,0,103782,0,153,0, 
57.6600,-3.9,7.1,10.3,2.3,5.3,8.7,3.5,0,103788,0,154,0, 
57.6633,-1.6,7.7,5.9,5.1,2.0,10.0,4.4,0,103794,0,155,1, sound 
57.6667,0.1,7.3,0.8,6.8,-2.4,11.2,4.3,0,103800,0,156,0, 
57.6700,0.5,6.4,-2.0,7.0,-5.6,11.3,2.8,0,103806,0,157,0, 
57.6733,-0.1,5.9,-1.4,6.0,-6.2,9.4,0.2,0,103812,0,158,0, 
57.6767,-0.9,6.0,1.5,4.8,-4.3,5.8,-2.2,0,103818,0,159,0, 
57.6800,-1.2,6.5,4.5,3.8,-1.4,1.9,-3.3,0,103824,0,160,0, 
57.6833,-1.2,6.4,5.7,3.4,0.8,-0.7,-3.1,0,103830,0,161,0, 
57.6867,-1.5,5.4,4.8,2.9,1.6,-1.0,-2.5,0,103836,0,162,0, 
57.6900,-2.8,3.3,2.4,2.3,1.4,0.5,-2.0,0,103842,0,163,0, 
57.6933,-4.9,1.0,-0.1,1.3,1.1,2.5,-1.8,0,103848,0,164,0, 
57.6967,-7.0,-0.9,-1.1,0.4,1.5,4.2,-1.4,0,103854,0,165,0, 
57.7000,-8.5,-1.8,0.4,0.0,2.3,5.6,-0.3,0,103860,0,166,0, 
57.7033,-9.1,-1.9,3.9,-0.1,2.9,7.1,0.8,0,103866,0,167,0, 
57.7067,-9.0,-1.9,7.5,0.0,2.8,8.4,1.1,0,103872,0,168,0, 
57.7100,-8.4,-2.4,8.7,0.0,1.7,8.1,0.0,0,103878,0,169,0, 
57.7133,-7.5,-3.2,6.1,-0.3,0.4,5.2,-1.8,0,103884,0,170,0, 
57.7167,-6.2,-3.6,0.7,-0.5,-0.8,0.2,-2.8,0,103890,0,171,0, 
57.7200,-4.8,-2.5,-4.1,-0.5,-1.5,-4.1,-1.4,0,103896,0,172,0, 
57.7233,-3.5,0.1,-5.0,-0.1,-1.8,-4.6,2.4,0,103902,0,173,0, 
57.7267,-2.8,3.3,-1.7,0.5,-1.9,-0.4,7.0,0,103908,0,174,0, 
57.7300,-3.0,5.6,3.1,0.8,-1.8,6.1,10.1,0,103914,0,175,0, 
57.7333,-3.6,5.8,5.4,0.3,-1.4,10.2,9.9,0,103920,0,176,0, 
57.7367,-4.1,4.2,3.3,-0.9,-1.0,8.5,6.6,0,103926,0,177,0, 
57.7400,-3.9,2.3,-1.6,-2.5,-1.1,1.5,2.0,0,103932,0,178,0, 
57.7433,-3.2,1.9,-5.0,-3.7,-2.2,-6.6,-1.5,0,103938,0,179,0, 
57.7467,-1.8,3.7,-4.2,-4.1,-4.2,-10.4,-2.7,0,103944,0,180,0, 
57.7500,0.2,6.8,0.3,-3.3,-6.1,-7.6,-1.5,0,103950,0,181,0, 
57.7533,2.7,9.5,4.7,-1.7,-6.8,-0.1,0.9,0,103956,0,182,0, 
57.7567,5.4,10.7,5.4,0.1,-5.6,7.5,3.3,0,103962,0,183,0, 
57.7600,7.5,10.4,2.1,1.3,-3.0,11.0,5.2,0,103968,0,184,0, 
57.7633,8.3,10.0,-2.5,1.7,-0.6,9.2,6.8,0,103974,0,185,0, 
57.7667,7.4,10.4,-4.8,1.1,0.3,4.4,8.4,0,103980,0,186,0, 
57.7700,5.5,11.4,-3.7,0.1,-0.4,0.2,9.9,0,103986,0,187,0, 
57.7733,3.5,11.9,-1.0,-1.1,-1.5,-0.4,10.9,0,103992,0,188,0, 
57.7767,2.1,10.9,0.4,-2.0,-1.8,3.0,11.1,0,103998,0,189,0, 
57.7800,1.6,8.6,-0.3,-2.6,-0.6,8.7,10.7,0,104004,0,190,0, 
57.7833,1.6,6.4,-1.5,-2.6,1.0,13.8,10.4,0,104010,0,191,0, 
57.7867,1.4,6.0,-1.0,-2.2,1.4,16.0,10.9,0,104016,0,192,0, 
57.7900,0.8,7.6,1.7,-1.4,0.0,14.6,12.2,0,104022,0,193,0, 
57.7933,-0.2,10.0,4.7,-0.8,-2.4,11.2,13.5,0,104028,0,194,0, 
57.7967,-1.6,11.5,5.2,-0.5,-4.0,8.6,14.2,0,104034,0,195,0, 
57.8000,-3.3,11.4,3.1,-0.5,-3.4,8.7,14.0,0,104040,0,196,0, 
57.8033,-5.5,10.5,0.6,-0.5,-1.1,11.3,13.0,0,104046,0,197,0, 
57.8067,-7.6,10.0,1.2,0.1,1.2,13.5,11.8,0,104052,0,198,0, 
57.8100,-9.2,10.7,5.4,1.4,2.0,12.0,10.4,0,104058,0,199,0, 
57.8133,-9.8,12.0,10.3,3.0,1.3,5.7,8.7,0,104064,0,200,0, 
57.8167,-9.4,12.6,11.5,4.4,0.7,-2.8,6.6,0,104070,0,201,0, 
57.8200,-8.7,11.6,7.4,5.0,1.7,-8.8,4.6,0,104076,0,202,0, 
57.8233,-8.3,9.8,0.6,4.9,4.1,-9.1,3.3,0,104082,0,203,0, 
57.8267,-8.4,8.5,-3.4,4.5,6.0,-4.3,3.5,0,104088,0,204,0, 
57.8300,-8.6,9.0,-1.3,4.2,5.2,1.7,4.8,0,104094,0,205,0, 
57.8333,-8.2,10.8,5.4,3.8,1.1,4.6,6.3,0,104100,0,206,0, 
57.8367,-6.7,12.8,11.5,2.9,-4.3,3.2,7.2,0,104106,0,207,0, 
57.8400,-4.6,13.8,12.4,1.7,-7.8,0.3,7.4,0,104112,0,208,0, 
57.8433,-2.8,13.7,7.7,0.5,-7.1,-0.3,7.9,0,104118,0,209,0, 
57.8467,-2.0,13.1,1.4,0.3,-2.8,2.6,9.4,0,104124,0,210,0, 
57.8500,-2.2,12.5,-1.9,1.4,2.3,6.6,12.1,0,104130,0,211,0, 
57.8533,-2.7,11.3,-0.6,3.3,5.4,7.5,14.6,0,104136,0,212,0, 
57.8567,-2.6,8.9,2.7,5.1,5.5,3.8,15.7,0,104142,0,213,0, 
57.8600,-1.6,5.3,4.1,5.9,3.7,-1.6,14.9,0,104148,0,214,0, 
57.8633,-0.3,1.9,1.9,5.6,2.6,-3.6,13.5,0,104154,0,215,0, 
57.8667,0.7,0.8,-2.1,4.9,3.7,1.1,13.6,0,104160,0,216,0, 
57.8700,1.0,2.8,-4.3,4.6,6.3,10.6,16.1,0,104166,0,217,0, 
57.8733,0.9,6.9,-2.5,4.8,8.9,18.9,20.2,0,104172,0,218,0, 
57.8767,1.1,10.9,2.1,5.0,9.4,20.3,23.4,0,104178,0,219,0, 
57.8800,1.8,12.6,6.1,4.5,7.4,14.1,23.6,0,104184,0,220,0, 
57.8833,2.7,11.9,7.2,3.3,4.0,4.7,20.7,0,104190,0,221,0, 
57.8867,3.1,10.5,6.0,2.0,1.0,-1.2,16.5,0,104196,0,222,0, 
57.8900,2.4,10.4,5.4,1.1,-0.4,-0.4,13.9,0,104202,0,223,0, 
57.8933,0.9,12.7,7.9,1.0,-0.2,4.9,14.1,0,104208,0,224,0, 
57.8967,-0.3,16.3,13.2,1.4,0.7,9.4,16.4,0,104214,0,225,0, 
57.9000,-0.2,19.2,17.9,1.8,1.1,8.9,18.6,0,104220,0,226,0, 
57.9033,1.3,19.6,18.3,1.8,0.3,3.9,19.0,0,104226,0,227,0, 
57.9067,3.4,17.2,13.2,1.4,-1.3,-1.1,17.3,0,104232,0,228,0, 
57.9100,4.6,13.2,4.9,1.0,-3.0,-1.7,14.9,0,104238,0,229,0, 
57.9133,4.3,9.2,-2.1,0.8,-3.9,2.5,12.9,0,104244,0,230,0, 
57.9167,2.4,6.1,-5.0,0.7,-3.6,8.0,11.7,0,104250,0,231,0, 
57.9200,0.1,3.7,-3.9,0.6,-2.5,9.9,10.0,0,104256,0,232,0, 
57.9233,-1.6,1.5,-1.3,0.4,-1.4,6.4,7.3,0,104262,0,233,0, 
57.9267,-2.1,-0.6,0.1,0.3,-0.8,-0.1,3.8,0,104268,0,234,0, 
57.9300,-1.6,-1.9,0.3,0.4,-0.8,-5.1,1.4,0,104274,0,235,0, 
57.9333,-0.2,-1.3,1.2,0.8,-0.9,-5.3,1.4,0,104280,0,236,0, 
57.9367,1.6,1.4,4.4,1.6,-0.8,-1.3,4.0,0,104286,0,237,0, 
57.9400,3.6,5.3,9.2,2.4,-0.3,3.5,7.3,0,104292,0,238,0, 
57.9433,5.2,8.2,12.4,2.8,0.5,5.9,9.1,0,104298,0,239,0, 
57.9467,5.7,8.6,11.4,2.8,1.4,4.9,8.1,0,104304,0,240,0, 
57.9500,4.6,6.4,6.5,2.5,2.4,2.6,5.3,0,104310,0,241,0, 
57.9533,2.2,3.2,1.5,2.4,3.3,1.1,3.0,0,104316,0,242,0, 
57.9567,-0.4,1.2,0.4,2.7,3.8,1.6,3.0,0,104322,0,243,0, 
57.9600,-1.7,1.6,4.3,3.7,3.2,2.9,5.3,0,104328,0,244,0, 
57.9633,-0.8,4.0,10.1,4.9,1.2,3.5,8.4,0,104334,0,245,0, 
57.9667,1.7,6.6,12.9,5.8,-1.5,2.6,10.4,0,104340,0,246,0, 
57.9700,4.6,8.2,10.4,5.6,-3.9,1.0,10.4,0,104346,0,247,0, 
57.9733,6.7,8.9,4.7,4.5,-4.7,0.1,9.2,0,104352,0,248,0, 
57.9767,7.8,9.7,0.5,3.2,-3.6,0.9,7.8,0,104358,0,249,0, 
57.9800,8.4,11.4,1.4,2.9,-1.5,3.4,7.1,0,104364,0,250,0, 
57.9833,8.9,13.5,7.1,4.0,0.3,6.9,6.9,0,104370,0,251,0, 
57.9867,9.5,14.4,13.3,6.0,0.9,10.2,6.2,0,104376,0,252,0, 
57.9900,9.2,12.5,15.5,7.6,0.4,11.9,4.6,0,104382,0,253,0, 
57.9933,7.7,7.7,11.9,7.6,-0.5,11.2,2.1,0,104388,0,254,0, 
57.9967,4.8,1.6,4.6,5.9,-0.9,7.5,-0.6,0,104394,0,255,0, 
58.0000,1.5,-3.6,-2.1,3.7,-0.8,1.8,-2.7,0,104400,0,0,0, 
58.0033,-1.2,-6.2,-4.6,2.5,-0.5,-4.0,-3.9,0,104406,0,1,0, 
58.0067,-2.8,-6.1,-2.0,3.0,-0.7,-7.7,-4.5,0,104412,0,2,0, 
58.0100,-3.5,-4.7,3.5,4.4,-1.2,-7.8,-4.8,0,104418,0,3,0, 
58.0133,-3.6,-3.6,7.8,5.2,-1.8,-5.2,-4.8,0,104424,0,4,0, 
58.0167,-3.0,-3.9,7.4,4.2,-2.0,-2.1,-4.3,0,104430,0,5,0, 
58.0200,-1.7,-5.3,1.6,1.4,-1.9,-0.9,-3.5,0,104436,0,6,0, 
58.0233,0.5,-6.7,-6.3,-1.4,-2.0,-2.4,-2.6,0,104442,0,7,0, 
58.0267,2.8,-6.9,-11.3,-2.6,-2.3,-5.4,-2.0,0,104448,0,8,0, 
58.0300,4.2,-5.3,-9.6,-1.3,-2.7,-7.5,-2.2,0,104454,0,9,0, 
58.0333,4.1,-2.9,-1.7,1.5,-2.5,-7.3,-3.1,0,104460,0,10,0, 
58.0367,2.7,-1.1,7.2,4.1,-1.4,-4.8,-4.3,0,104466,0,11,0, 
58.0400,1.3,-1.4,10.8,4.9,0.2,-1.9,-5.2,0,104472,0,12,0, 
58.0433,0.9,-4.0,6.0,3.9,1.3,-0.4,-5.4,0,104478,0,13,0, 
58.0467,1.8,-7.9,-4.4,2.2,1.3,-0.9,-4.7,0,104484,0,14,0, 
58.0500,3.1,-11.3,-13.9,1.1,0.4,-2.3,-3.6,0,104490,0,15,0, 
58.0533,3.5,-13.4,-17.3,1.0,-0.6,-2.7,-2.6,0,104496,0,16,0, 
58.0567,2.4,-14.3,-14.4,1.4,-0.8,-1.3,-2.2,0,104502,0,17,0, 
58.0600,0.3,-15.2,-9.9,1.1,0.2,0.7,-2.6,0,104508,0,18,0, 
58.0633,-1.3,-16.6,-9.1,-0.3,1.8,1.1,-3.8,0,104514,0,19,0, 
58.0667,-1.6,-18.2,-13.5,-2.3,2.9,-1.5,-5.2,0,104520,0,20,0, 
58.0700,-0.3,-18.5,-19.6,-4.1,3.0,-6.3,-6.3,0,104526,0,21,0, 
58.0733,1.3,-16.6,-22.2,-4.6,2.2,-9.7,-6.7,0,104532,0,22,0, 
58.0767,2.1,-12.9,-18.5,-4.0,1.6,-8.5,-6.2,0,104538,0,23,0, 
58.0800,1.6,-8.9,-10.4,-2.8,1.9,-2.1,-5.3,0,104544,0,24,0, 
58.0833,0.4,-6.2,-2.9,-1.7,3.3,6.2,-4.3,0,104550,0,25,0, 
58.0867,0.1,-5.3,0.3,-0.9,4.7,11.1,-3.5,0,104556,0,26,0, 
58.0900,2.2,-5.1,-0.8,-0.4,5.1,9.1,-2.7,0,104562,0,27,0, 
58.0933,6.8,-4.2,-3.2,0.3,3.8,1.6,-1.5,0,104568,0,28,0, 
58.0967,12.4,-2.4,-3.6,1.0,1.9,-6.2,0.1,0,104574,0,29,0, 
58.1000,16.9,-0.6,-1.5,1.4,0.8,-8.9,1.8,0,104580,0,30,0, 
58.1033,18.6,-0.2,1.1,1.5,1.5,-4.9,2.8,0,104586,0,31,0, 
58.1067,17.3,-1.8,1.7,1.4,3.8,2.5,2.5,0,104592,0,32,0, 
58.1100,14.5,-4.5,-0.3,1.7,6.0,7.9,1.2,0,104598,0,33,0, 
58.1133,12.0,-6.4,-2.5,2.6,6.6,7.7,-0.3,0,104604,0,34,0, 
58.1167,11.5,-6.0,-2.1,4.0,5.0,2.8,-0.8,0,104610,0,35,0, 
58.1200,13.0,-3.4,2.1,5.1,2.3,-2.7,0.4,0,104616,0,36,0, 
58.1233,15.3,0.0,8.5,5.4,0.4,-5.0,3.0,0,104622,0,37,0, 
58.1267,17.3,2.8,13.9,4.8,0.1,-2.9,5.9,0,104628,0,38,0, 
58.1300,18.1,4.7,16.2,4.0,1.0,1.5,8.0,0,104634,0,39,0, 
58.1333,18.2,6.6,16.0,3.8,2.0,5.2,8.9,0,104640,0,40,0, 
58.1367,18.1,9.4,15.9,4.4,2.1,6.5,9.0,0,104646,0,41,0, 
58.1400,18.5,13.3,18.0,5.3,1.5,5.8,9.2,0,104652,0,42,0, 
58.1433,19.3,17.0,21.6,5.9,1.2,4.8,10.0,0,104658,0,43,0, 
58.1467,19.6,18.7,23.7,5.4,1.9,4.8,11.5,0,104664,0,44,0, 
58.1500,19.1,17.2,21.4,4.0,3.1,5.8,13.0,0,104670,0,45,0, 
58.1533,17.4,13.5,14.6,2.5,3.9,6.5,14.0,0,104676,0,46,0, 
58.1567,15.0,9.5,6.3,1.8,3.5,5.8,13.8,0,104682,0,47,0, 
58.1600,12.3,7.3,0.7,2.1,2.3,3.4,12.5,0,104688,0,48,0, 
58.1633,9.6,7.8,0.1,3.0,1.4,0.3,10.5,0,104694,0,49,0, 
58.1667,7.0,10.0,3.6,3.9,1.7,-1.6,8.6,0,104700,0,50,0, 
58.1700,4.9,12.0,7.7,4.1,3.0,-0.6,7.4,0,104706,0,51,0, 
58.1733,3.6,12.5,9.7,3.4,4.4,3.5,7.3,0,104712,0,52,0, 
58.1767,3.3,11.3,9.2,2.2,4.7,8.4,7.9,0,104718,0,53,0, 
58.1800,3.8,9.5,8.0,0.7,4.1,10.8,8.7,0,104724,0,54,0, 
58.1833,4.6,8.3,7.9,-0.6,3.2,8.1,8.8,0,104730,0,55,0, 
58.1867,4.9,8.2,9.3,-1.5,3.0,0.7,7.9,0,104736,0,56,0, 
58.1900,4.4,8.8,10.9,-1.6,3.7,-8.1,6.5,0,104742,0,57,0, 
58.1933,3.8,9.6,11.0,-1.0,4.5,-13.8,5.3,0,104748,0,58,0, 
58.1967,3.8,10.0,9.4,0.4,4.6,-13.5,5.1,0,104754,0,59,0, 
58.2000,5.0,10.2,6.9,2.3,3.7,-7.9,6.2,0,104760,0,60,0, 
58.2033,7.1,10.4,5.1,4.3,2.1,-0.5,8.1,0,104766,0,61,0, 
58.2067,9.0,10.9,4.9,6.1,0.8,4.7,9.8,0,104772,0,62,0, 
58.2100,9.5,11.5,6.4,7.8,0.3,5.6,10.8,0,104778,0,63,0, 
58.2133,8.7,11.8,8.6,9.3,0.8,2.8,11.0,0,104784,0,64,0, 
58.2167,7.3,11.3,10.3,10.6,1.7,-1.2,10.4,0,104790,0,65,0, 
58.2200,6.4,9.9,10.6,11.4,2.5,-4.3,9.7,0,104796,0,66,0, 
58.2233,6.8,7.9,8.7,11.2,2.9,-5.5,9.0,0,104802,0,67,0, 
58.2267,7.8,5.7,5.4,9.7,3.0,-5.5,8.3,0,104808,0,68,0, 
58.2300,8.2,4.4,2.6,7.5,3.2,-5.1,7.8,0,104814,0,69,0, 
58.2333,7.3,4.7,2.5,5.4,3.6,-4.9,7.5,0,104820,0,70,0, 
58.2367,5.3,6.6,6.0,4.2,4.2,-4.5,7.6,0,104826,0,71,0, 
58.2400,3.1,9.4,11.3,4.2,4.7,-3.4,8.1,0,104832,0,72,0, 
58.2433,1.7,11.7,15.3,5.0,4.4,-1.3,8.6,0,104838,0,73,0, 
58.2467,1.6,12.1,15.3,5.7,3.0,1.2,8.7,0,104844,0,74,0, 
58.2500,2.0,10.6,11.2,5.7,0.8,2.8,8.2,0,104850,0,75,0, 
58.2533,2.2,7.9,5.7,5.0,-1.1,2.6,7.1,0,104856,0,76,0, 
58.2567,1.7,5.3,1.9,3.8,-1.5,0.8,5.6,0,104862,0,77,0, 
58.2600,0.6,3.6,1.1,2.6,0.1,-1.1,4.3,0,104868,0,78,0, 
58.2633,-0.9,2.5,2.0,1.5,2.9,-1.4,3.5,0,104874,0,79,0, 
58.2667,-2.7,1.2,2.3,0.7,5.5,0.6,3.0,0,104880,0,80,0, 
58.2700,-4.6,-0.9,0.4,0.2,6.4,3.4,2.7,0,104886,0,81,0, 
58.2733,-6.4,-3.5,-2.9,0.0,5.3,4.7,2.4,0,104892,0,82,0, 
58.2767,-7.0,-5.5,-5.9,-0.1,3.3,2.6,2.5,0,104898,0,83,0, 
58.2800,-5.7,-5.9,-7.4,-0.2,1.7,-2.0,3.3,0,104904,0,84,0, 
58.2833,-2.3,-4.3,-7.6,-0.6,1.2,-6.5,5.3,0,104910,0,85,0, 
58.2867,2.2,-1.4,-7.5,-1.1,1.5,-7.6,8.0,0,104916,0,86,0, 
58.2900,5.8,1.7,-7.2,-1.7,1.4,-4.6,10.6,0,104922,0,87,0, 
58.2933,7.2,4.0,-6.0,-1.9,0.1,0.5,12.0,0,104928,0,88,0, 
58.2967,6.2,5.2,-3.3,-1.6,-2.2,4.2,11.2,0,104934,0,89,0, 
58.3000,3.7,5.2,0.3,-1.1,-4.6,4.0,8.2,0,104940,0,90,0, 
58.3033,1.5,4.2,3.0,-0.7,-6.2,0.2,4.1,0,104946,0,91,0, 
58.3067,0.5,2.3,2.8,-0.8,-6.5,-4.6,0.2,0,104952,0,92,0, 
58.3100,0.7,-0.6,-0.6,-1.6,-5.7,-7.0,-2.6,0,104958,0,93,0, 
58.3133,1.1,-4.0,-5.7,-2.5,-4.6,-5.9,-3.9,0,104964,0,94,0, 
58.3167,0.8,-7.4,-9.9,-3.1,-3.7,-2.4,-4.2,0,104970,0,95,0, 
58.3200,-0.3,-10.0,-11.9,-2.9,-3.5,0.9,-4.0,0,104976,0,96,0, 
58.3233,-1.6,-11.3,-12.0,-2.2,-3.8,2.0,-3.7,0,104982,0,97,0, 
58.3267,-2.3,-11.1,-11.4,-1.4,-3.9,1.0,-3.3,0,104988,0,98,0, 
58.3300,-2.2,-9.7,-10.7,-0.8,-3.2,-0.1,-2.3,0,104994,0,99,0, 
58.3333,-1.5,-7.7,-9.4,-0.6,-1.2,1.2,-0.8,0,105000,0,100,0, 
58.3367,-0.5,-5.7,-7.0,-0.6,1.7,5.3,0.8,0,105006,0,101,0, 
58.3400,0.4,-4.6,-4.2,-0.3,4.1,10.3,1.6,0,105012,0,102,0, 
58.3433,1.5,-4.6,-2.6,0.3,4.8,12.4,1.2,0,105018,0,103,0, 
58.3467,2.9,-5.2,-3.2,1.2,3.2,9.3,-0.7,0,105024,0,104,0, 
58.3500,4.4,-5.3,-5.1,2.1,0.2,2.2,-3.2,0,105030,0,105,0, 
58.3533,5.5,-3.7,-5.7,2.9,-2.5,-4.4,-5.1,0,105036,0,106,0, 
58.3567,5.9,0.1,-2.6,3.4,-3.0,-5.4,-5.1,0,105042,0,107,0, 
58.3600,6.0,5.2,3.8,3.6,-1.2,0.7,-2.8,0,105048,0,108,0, 
58.3633,6.0,10.0,10.4,3.6,1.8,10.3,1.1,0,105054,0,109,0, 
58.3667,6.5,12.8,13.5,3.6,4.1,16.7,4.8,0,105060,0,110,0, 
58.3700,7.0,13.0,11.8,3.6,4.3,15.0,7.0,0,105066,0,111,0, 
58.3733,6.9,11.5,7.2,3.7,2.4,6.3,7.2,0,105072,0,112,0, 
58.3767,5.9,9.9,3.5,3.9,-0.3,-3.7,6.2,0,105078,0,113,0, 
58.3800,4.1,9.1,2.8,3.9,-2.3,-8.2,5.3,0,105084,0,114,0, 
58.3833,2.4,9.1,4.7,3.5,-2.8,-4.7,5.4,0,105090,0,115,0, 
58.3867,1.7,9.0,6.6,2.7,-2.2,3.1,6.1,0,105096,0,116,0, 
58.3900,2.0,7.9,6.5,1.9,-1.3,9.0,6.0,0,105102,0,117,0, 
58.3933,2.7,5.8,4.5,1.7,-0.8,9.1,4.5,0,105108,0,118,0, 
58.3967,3.1,3.5,2.5,2.2,-0.9,4.7,2.0,0,105114,0,119,0, 
58.4000,3.1,2.0,2.1,3.0,-1.3,0.6,0.0,0,105120,0,120,0, 
58.4033,2.8,1.6,3.0,3.4,-1.6,0.7,-0.2,0,105126,0,121,0, 
58.4067,2.7,1.6,3.7,2.9,-1.7,4.6,1.1,0,105132,0,122,0, 
58.4100,2.5,1.0,2.7,1.4,-1.9,8.7,2.6,0,105138,0,123,0, 
58.4133,2.0,-0.4,0.4,-0.4,-2.4,9.5,2.9,0,105144,0,124,0, 
58.4167,1.2,-2.1,-1.6,-1.8,-3.0,6.9,1.8,0,105150,0,125,0, 
58.4200,0.4,-2.7,-1.3,-2.1,-3.3,4.2,0.7,0,105156,0,126,0, 
58.4233,0.2,-1.7,1.4,-1.5,-2.9,4.4,1.1,0,105162,0,127,0, 
58.4267,0.6,0.6,5.1,-0.4,-1.8,7.6,3.2,0,105168,0,128,0, 
58.4300,0.8,2.4,7.4,0.6,-0.6,10.9,5.4,0,105174,0,129,0, 
58.4333,-0.5,2.3,6.9,1.3,-0.1,10.5,5.6,0,105180,0,130,0, 
58.4367,-3.7,-0.3,3.5,1.6,-0.9,5.6,2.7,0,105186,0,131,0, 
58.4400,-8.0,-4.3,-1.4,1.6,-3.0,-1.4,-2.1,0,105192,0,132,0, 
58.4433,-11.5,-8.1,-5.7,1.2,-5.4,-6.5,-6.1,0,105198,0,133,0, 
58.4467,-12.7,-10.4,-7.9,0.1,-6.7,-7.4,-7.6,0,105204,0,134,0, 
58.4500,-11.5,-10.9,-7.9,-1.3,-6.1,-4.5,-6.2,0,105210,0,135,0, 
58.4533,-9.2,-10.4,-6.6,-2.8,-4.0,-0.3,-3.7,0,105216,0,136,0, 
58.4567,-7.1,-9.7,-5.8,-3.8,-1.8,2.7,-1.8,0,105222,0,137,0, 
58.4600,-6.0,-9.1,-6.0,-4.1,-0.9,3.3,-1.7,0,105228,0,138,0, 
58.4633,-5.5,-8.3,-6.4,-3.5,-1.6,2.0,-2.9,0,105234,0,139,0, 
58.4667,-5.2,-6.9,-5.3,-2.4,-2.9,-0.5,-4.6,0,105240,0,140,0, 
58.4700,-4.7,-5.0,-1.3,-0.8,-3.0,-3.1,-6.0,0,105246,0,141,0, 
58.4733,-4.6,-3.4,4.6,0.8,-1.0,-4.9,-7.1,0,105252,0,142,0, 
58.4767,-5.1,-3.0,9.7,2.3,2.4,-5.3,-8.0,0,105258,0,143,0, 
58.4800,-6.0,-4.0,11.3,3.4,5.4,-4.3,-8.5,0,105264,0,144,0, 
58.4833,-6.8,-5.9,8.6,3.9,5.9,-2.5,-8.5,0,105270,0,145,0, 
58.4867,-6.7,-8.0,3.6,3.9,3.3,-1.2,-8.3,0,105276,0,146,0, 
58.4900,-6.3,-9.5,-0.8,3.8,-1.2,-1.6,-8.1,0,105282,0,147,0, 
58.4933,-6.1,-10.2,-2.6,3.8,-5.3,-3.5,-8.5,0,105288,0,148,0, 
58.4967,-6.7,-10.2,-2.3,4.2,-7.0,-5.7,-9.3,0,105294,0,149,0, 
58.5000,-7.6,-9.9,-1.8,4.9,-5.9,-6.6,-9.6,0,105300,0,150,0, 
58.5033,-8.0,-9.6,-2.1,5.5,-3.3,-5.7,-8.9,0,105306,0,151,0, 
58.5067,-6.9,-9.5,-3.0,5.8,-1.3,-4.1,-7.2,0,105312,0,152,0, 
58.5100,-4.4,-9.5,-2.9,5.7,-1.2,-3.5,-5.6,0,105318,0,153,0, 
58.5133,-1.5,-9.7,-1.1,5.4,-3.3,-5.4,-5.2,0,105324,0,154,0, 
58.5167,0.8,-9.6,1.5,5.2,-6.1,-9.3,-6.0,0,105330,0,155,0, 
58.5200,2.0,-8.8,3.1,5.4,-7.8,-12.9,-6.4,0,105336,0,156,0, 
58.5233,2.2,-7.0,3.0,5.9,-7.2,-13.6,-4.7,0,105342,0,157,0, 
58.5267,2.1,-4.5,1.8,6.6,-4.6,-9.8,-0.6,0,105348,0,158,0, 
58.5300,1.9,-2.4,1.2,7.3,-1.4,-2.6,4.3,0,105354,0,159,0, 
58.5333,1.5,-1.4,1.8,7.7,1.0,4.7,7.3,0,105360,0,160,0, 
58.5367,0.7,-2.0,3.4,7.9,1.3,8.3,6.4,0,105366,0,161,0, 
58.5400,-0.5,-3.7,4.6,7.9,0.1,6.3,2.3,0,105372,0,162,0, 
58.5433,-1.7,-5.4,4.7,7.6,-1.7,0.0,-2.7,0,105378,0,163,0, 
58.5467,-2.6,-6.4,3.8,6.8,-2.8,-7.1,-5.7,0,105384,0,164,0, 
58.5500,-2.9,-6.6,2.8,5.3,-2.8,-11.2,-5.8,0,105390,0,165,0, 
58.5533,-2.6,-6.1,2.0,3.1,-2.1,-10.8,-4.1,0,105396,0,166,0, 
58.5567,-1.6,-5.3,1.1,0.9,-1.6,-7.3,-2.7,0,105402,0,167,0, 
58.5600,-0.2,-4.1,0.0,-0.6,-2.0,-3.6,-2.8,0,105408,0,168,0, 
58.5633,1.3,-2.6,-1.2,-1.0,-3.1,-1.6,-3.7,0,105414,0,169,0, 
58.5667,2.6,-1.1,-1.9,-0.2,-4.6,-1.5,-4.0,0,105420,0,170,0, 
58.5700,3.0,-0.2,-1.8,1.0,-6.0,-2.2,-2.8,0,105426,0,171,0, 
58.5733,2.7,-0.5,-1.0,1.8,-6.9,-3.0,-0.6,0,105432,0,172,0, 
58.5767,2.2,-1.8,0.0,1.6,-6.8,-4.4,0.8,0,105438,0,173,0, 
58.5800,2.1,-3.3,0.8,0.5,-5.6,-7.2,0.2,0,105444,0,174,0, 
58.5833,2.8,-3.9,1.2,-0.9,-3.4,-11.2,-1.9,0,105450,0,175,0, 
58.5867,3.6,-3.5,1.0,-2.2,-0.9,-14.3,-4.1,0,105456,0,176,0, 
58.5900,3.4,-2.5,0.3,-2.9,0.4,-14.5,-4.7,0,105462,0,177,0, 
58.5933,2.0,-1.9,-0.9,-3.2,-0.5,-11.7,-3.4,0,105468,0,178,0, 
58.5967,-0.3,-1.9,-1.9,-3.2,-3.8,-8.0,-1.5,0,105474,0,179,0, 
58.6000,-2.1,-2.2,-1.8,-2.9,-8.1,-6.2,-0.6,0,105480,0,180,0, 
58.6033,-2.6,-2.0,0.0,-2.4,-11.4,-7.0,-1.7,0,105486,0,181,0, 
58.6067,-1.7,-1.3,3.0,-1.7,-12.1,-8.1,-4.4,0,105492,0,182,0, 
58.6100,-0.8,-0.5,5.3,-1.1,-9.9,-6.3,-7.2,0,105498,0,183,0, 
58.6133,-0.9,-0.5,5.2,-0.7,-6.5,-1.0,-8.9,0,105504,0,184,0, 
58.6167,-2.2,-1.6,2.8,-0.5,-3.7,4.9,-9.1,0,105510,0,185,0, 
58.6200,-4.1,-3.1,-0.4,-0.3,-2.7,6.8,-8.6,0,105516,0,186,0, 
58.6233,-5.3,-4.2,-1.7,0.3,-3.5,2.0,-8.2,0,105522,0,187,0, 
58.6267,-5.3,-4.3,-0.1,1.4,-4.8,-7.7,-8.6,0,105528,0,188,0, 
58.6300,-4.2,-3.8,3.3,2.8,-5.6,-17.5,-9.7,0,105534,0,189,0, 
58.6333,-2.8,-3.6,5.6,3.8,-5.3,-22.9,-11.1,0,105540,0,190,0, 
58.6367,-1.8,-4.5,4.8,3.7,-4.2,-22.7,-12.6,0,105546,0,191,0, 
58.6400,-1.4,-6.6,0.5,1.9,-3.1,-18.9,-14.1,0,105552,0,192,0, 
58.6433,-1.8,-9.2,-5.2,-1.0,-2.2,-14.5,-15.5,0,105558,0,193,0, 
58.6467,-2.9,-11.1,-9.7,-4.2,-1.8,-11.3,-16.7,0,105564,0,194,0, 
58.6500,-4.4,-11.4,-11.5,-6.4,-1.6,-9.0,-16.9,0,105570,0,195,0, 
58.6533,-5.7,-10.0,-10.8,-7.0,-1.1,-6.8,-15.6,0,105576,0,196,0, 
58.6567,-5.9,-7.5,-9.1,-6.3,0.0,-4.5,-12.8,0,105582,0,197,0, 
58.6600,-4.5,-5.2,-7.7,-5.0,1.7,-2.9,-9.3,0,105588,0,198,0, 
58.6633,-1.9,-4.5,-7.3,-4.2,3.5,-2.7,-6.3,0,105594,0,199,0, 
58.6667,0.6,-5.7,-7.8,-4.3,4.4,-3.1,-4.5,0,105600,0,200,0, 
58.6700,1.6,-8.1,-8.2,-4.8,4.1,-2.4,-4.0,0,105606,0,201,0, 
58.6733,0.6,-10.1,-8.0,-4.8,2.3,0.6,-3.9,0,105612,0,202,0, 
58.6767,-1.3,-10.1,-6.7,-3.7,0.1,5.1,-3.4,0,105618,0,203,0, 
58.6800,-2.4,-8.1,-4.7,-1.7,-1.4,8.3,-2.7,0,105624,0,204,0, 
58.6833,-1.5,-5.1,-2.7,0.4,-1.5,7.2,-2.1,0,105630,0,205,0, 
58.6867,1.2,-2.8,-1.6,1.7,-0.3,1.4,-2.4,0,105636,0,206,0, 
58.6900,4.2,-2.1,-1.8,1.9,1.3,-6.5,-3.1,0,105642,0,207,0, 
58.6933,5.8,-2.7,-2.9,1.3,2.4,-11.9,-3.1,0,105648,0,208,0, 
58.6967,5.7,-3.3,-4.0,0.7,2.7,-11.3,-1.3,0,105654,0,209,0, 
58.7000,4.8,-2.7,-4.2,0.4,2.5,-4.6,2.2,0,105660,0,210,0, 
58.7033,4.3,-1.2,-3.4,0.4,2.6,4.7,6.1,0,105666,0,211,0, 
58.7067,5.0,0.0,-2.5,0.4,3.2,11.7,8.4,0,105672,0,212,0, 
58.7100,6.4,-0.6,-2.7,0.2,4.2,13.5,8.1,0,105678,0,213,0, 
58.7133,7.4,-3.2,-4.4,0.0,4.8,10.1,5.9,0,105684,0,214,0, 
58.7167,7.5,-6.5,-6.6,0.1,4.6,4.0,3.5,0,105690,0,215,0, 
58.7200,6.8,-8.5,-7.7,0.7,3.7,-1.8,2.3,0,105696,0,216,0, 
58.7233,6.2,-8.2,-6.5,1.4,2.6,-5.7,2.6,0,105702,0,217,0, 
58.7267,5.9,-6.0,-3.3,1.8,1.9,-7.2,3.3,0,105708,0,218,0, 
58.7300,5.5,-3.5,0.4,1.7,2.2,-6.4,3.1,0,105714,0,219,0, 
58.7333,4.1,-2.2,2.8,1.1,3.5,-3.5,1.7,0,105720,0,220,0, 
58.7367,1.3,-2.8,3.2,0.6,5.6,1.0,-0.5,0,105726,0,221,0, 
58.7400,-1.9,-4.4,2.1,0.8,7.7,5.7,-2.2,0,105732,0,222,0, 
58.7433,-3.9,-5.3,0.6,1.5,8.8,8.6,-2.4,0,105738,0,223,0, 
58.7467,-3.6,-4.5,-0.5,2.4,8.0,8.3,-0.9,0,105744,0,224,0, 
58.7500,-1.1,-2.2,-1.4,2.8,5.3,4.9,1.4,0,105750,0,225,0, 
58.7533,2.1,0.4,-2.4,2.4,1.4,0.7,3.6,0,105756,0,226,0, 
58.7567,4.6,1.8,-3.3,1.6,-2.2,-1.8,4.8,0,105762,0,227,0, 
58.7600,5.7,1.2,-3.1,1.1,-4.2,-1.9,4.8,0,105768,0,228,0, 
58.7633,6.1,-0.7,-1.3,1.3,-4.3,-0.9,3.9,0,105774,0,229,0, 
58.7667,7.0,-2.5,1.8,2.4,-3.2,-1.3,3.0,0,105780,0,230,0, 
58.7700,8.9,-2.7,4.5,3.7,-2.3,-4.5,2.5,0,105786,0,231,0, 
58.7733,11.2,-1.4,4.9,4.3,-2.0,-9.6,2.5,0,105792,0,232,0, 
58.7767,12.8,0.3,2.7,3.9,-2.1,-14.0,2.2,0,105798,0,233,0, 
58.7800,13.0,0.7,-0.7,2.7,-1.6,-15.7,1.2,0,105804,0,234,0, 
58.7833,11.9,-1.0,-3.4,1.7,-0.2,-14.4,-0.8,0,105810,0,235,0, 
58.7867,10.3,-4.5,-4.2,1.5,1.4,-11.4,-3.3,0,105816,0,236,0, 
58.7900,8.8,-8.6,-4.1,2.0,2.0,-8.5,-5.9,0,105822,0,237,0, 
58.7933,7.5,-11.9,-4.6,2.4,1.2,-6.7,-8.0,0,105828,0,238,0, 
58.7967,5.8,-13.9,-6.6,1.8,-0.2,-6.0,-9.7,0,105834,0,239,0, 
58.8000,3.3,-14.5,-9.1,0.0,-0.5,-6.5,-11.1,0,105840,0,240,0, 
58.8033,0.9,-14.0,-10.2,-2.5,1.2,-8.2,-12.1,0,105846,0,241,0, 
58.8067,-0.2,-12.7,-8.8,-4.3,4.3,-10.8,-12.4,0,105852,0,242,0, 
58.8100,0.9,-10.7,-5.1,-4.6,6.5,-13.3,-11.7,0,105858,0,243,0, 
58.8133,3.8,-8.2,-1.1,-3.3,6.0,-13.7,-10.1,0,105864,0,244,0, 
58.8167,6.5,-5.8,1.5,-1.1,2.8,-11.1,-8.2,0,105870,0,245,0, 
58.8200,7.2,-4.3,1.7,0.9,-1.1,-6.1,-6.8,0,105876,0,246,0, 
58.8233,5.2,-4.5,-0.3,2.2,-3.2,-1.3,-6.2,0,105882,0,247,0, 
58.8267,1.4,-6.2,-3.2,2.5,-2.4,0.7,-6.3,0,105888,0,248,0, 
58.8300,-2.1,-8.7,-6.1,2.0,0.3,-0.8,-6.7,0,105894,0,249,0, 
58.8333,-3.8,-10.7,-7.6,1.1,2.5,-4.1,-7.2,0,105900,0,250,0, 
58.8367,-3.8,-11.3,-7.0,-0.3,2.7,-6.9,-7.5,0,105906,0,251,0, 
58.8400,-3.2,-10.7,-4.6,-2.2,1.2,-7.4,-7.7,0,105912,0,252,0, 
58.8433,-3.5,-9.5,-1.6,-4.3,-0.1,-6.0,-7.6,0,105918,0,253,0, 
58.8467,-5.0,-8.9,0.3,-6.1,0.2,-4.1,-7.3,0,105924,0,254,0, 
58.8500,-7.1,-9.6,-0.1,-7.1,2.1,-2.6,-7.0,0,105930,0,255,0, 
58.8533,-8.8,-10.9,-2.1,-7.0,4.1,-1.3,-7.1,0,105936,0,0,0, 
58.8567,-9.5,-11.8,-3.8,-6.1,4.7,0.2,-7.6,0,105942,0,1,0, 
58.8600,-9.7,-11.4,-3.7,-4.9,3.4,2.0,-8.3,0,105948,0,2,0, 
58.8633,-10.3,-9.4,-2.2,-4.2,1.1,2.9,-8.4,0,105954,0,3,0, 
58.8667,-11.9,-7.0,-1.5,-4.3,-0.6,1.8,-7.6,0,105960,0,4,0, 
58.8700,-14.9,-5.6,-3.3,-5.0,-1.0,-1.6,-6.1,0,105966,0,5,0, 
58.8733,-18.9,-5.8,-7.5,-6.0,-0.6,-6.4,-5.3,0,105972,0,6,0, 
58.8767,-23.3,-7.6,-11.9,-6.7,-0.5,-11.1,-6.4,0,105978,0,7,0, 
58.8800,-27.5,-10.2,-13.9,-6.9,-1.4,-14.6,-9.7,0,105984,0,8,0, 
58.8833,-30.7,-13.1,-13.2,-6.8,-3.4,-16.9,-14.6,0,105990,0,9,0, 
58.8867,-32.6,-16.1,-11.6,-6.7,-5.8,-18.5,-19.6,0,105996,0,10,0, 
58.8900,-33.5,-19.7,-11.8,-7.2,-7.6,-19.6,-23.6,0,106002,0,11,0, 
58.8933,-34.6,-24.3,-14.8,-8.3,-8.6,-19.8,-26.3,0,106008,0,12,0, 
58.8967,-37.1,-29.5,-19.5,-9.8,-8.7,-19.5,-28.3,0,106014,0,13,0, 
58.9000,-41.5,-34.8,-24.1,-11.6,-8.3,-19.6,-30.4,0,106020,0,14,0, 
58.9033,-47.0,-39.3,-27.0,-13.5,-8.2,-21.3,-33.0,0,106026,0,15,0, 
58.9067,-52.0,-42.8,-28.4,-15.5,-9.0,-25.6,-36.2,0,106032,0,16,0, 
58.9100,-55.3,-45.4,-29.1,-17.4,-11.0,-31.7,-39.8,0,106038,0,17,0, 
58.9133,-56.5,-47.5,-30.0,-19.0,-13.8,-37.6,-43.6,0,106044,0,18,0, 
58.9167,-56.7,-49.1,-31.2,-19.9,-16.5,-41.2,-47.1,0,106050,0,19,0, 
58.9200,-57.2,-50.2,-33.1,-19.7,-18.3,-42.2,-49.9,0,106056,0,20,0, 
58.9233,-58.4,-50.9,-35.9,-18.8,-18.6,-41.6,-51.8,0,106062,0,21,0, 
58.9267,-59.9,-51.1,-39.2,-17.8,-17.9,-41.7,-52.9,0,106068,0,22,0, 
58.9300,-60.9,-51.0,-42.2,-17.6,-17.1,-43.6,-53.9,0,106074,0,23,0, 
58.9333,-61.3,-50.8,-43.2,-18.4,-17.1,-47.1,-55.5,0,106080,0,24,0, 
58.9367,-61.6,-50.2,-41.2,-20.0,-17.7,-50.4,-57.6,0,106086,0,25,0, 
58.9400,-62.6,-49.2,-37.3,-21.5,-18.3,-51.6,-59.4,0,106092,0,26,0, 
58.9433,-64.3,-47.8,-33.7,-22.2,-18.3,-49.8,-59.4,0,106098,0,27,0, 
58.9467,-65.4,-46.2,-32.8,-22.0,-17.6,-45.9,-57.5,0,106104,0,28,0, 
58.9500,-64.7,-44.9,-35.0,-21.4,-17.0,-41.6,-54.5,0,106110,0,29,0, 
58.9533,-61.4,-44.2,-39.0,-21.1,-16.9,-39.1,-52.2,0,106116,0,30,0, 
58.9567,-56.4,-44.2,-42.7,-21.2,-17.4,-39.3,-51.8,0,106122,0,31,0, 
58.9600,-51.4,-44.6,-44.7,-21.5,-18.0,-41.4,-53.0,0,106128,0,32,0, 
58.9633,-47.9,-44.7,-44.8,-21.4,-17.9,-43.2,-53.9,0,106134,0,33,0, 
58.9667,-46.1,-43.8,-43.1,-20.7,-16.7,-42.1,-52.5,0,106140,0,34,0, 
58.9700,-45.2,-41.6,-39.6,-19.6,-15.0,-36.9,-48.5,0,106146,0,35,0, 
58.9733,-43.6,-38.2,-33.8,-18.4,-13.4,-28.8,-42.7,0,106152,0,36,0, 
58.9767,-40.7,-34.4,-26.5,-17.0,-12.3,-20.7,-37.3,0,106158,0,37,0, 
58.9800,-36.9,-31.0,-19.4,-15.3,-12.0,-15.8,-33.5,0,106164,0,38,0, 
58.9833,-33.6,-28.6,-14.7,-12.9,-12.2,-15.4,-31.4,0,106170,0,39,0, 
58.9867,-31.6,-27.0,-14.0,-10.2,-12.7,-18.0,-30.1,0,106176,0,40,0, 
58.9900,-30.8,-25.6,-16.5,-7.9,-13.4,-21.0,-29.0,0,106182,0,41,0, 
58.9933,-30.2,-24.1,-20.0,-6.8,-14.0,-22.0,-27.7,0,106188,0,42,0, 
58.9967,-28.5,-22.3,-21.8,-6.9,-14.2,-20.5,-26.6,0,106194,0,43,0, 
59.0000,-25.0,-20.3,-20.7,-7.5,-13.3,-17.5,-25.6,0,106200,0,44,0, 
59.0033,-20.6,-18.3,-17.1,-7.5,-11.2,-14.2,-24.3,0,106206,0,45,0, 
59.0067,-16.7,-16.1,-12.7,-6.4,-8.5,-11.1,-22.1,0,106212,0,46,0, 
59.0100,-14.4,-13.6,-9.3,-4.8,-6.2,-7.8,-19.0,0,106218,0,47,0, 
59.0133,-13.7,-11.0,-8.2,-3.7,-5.2,-3.7,-15.3,0,106224,0,48,0, 
59.0167,-13.2,-8.6,-8.9,-4.0,-5.5,0.7,-11.7,0,106230,0,49,0, 
59.0200,-11.5,-6.7,-9.9,-5.5,-6.1,4.3,-8.4,0,106236,0,50,0, 
59.0233,-8.2,-5.3,-9.4,-7.3,-5.7,5.8,-5.3,0,106242,0,51,0, 
59.0267,-4.1,-4.1,-6.4,-8.0,-3.6,4.6,-2.7,0,106248,0,52,0, 
59.0300,-0.8,-2.7,-1.7,-7.2,-0.6,1.3,-1.2,0,106254,0,53,0, 
59.0333,0.5,-1.3,2.2,-5.4,1.9,-2.4,-1.6,0,106260,0,54,0, 
59.0367,-0.2,-0.4,3.2,-3.5,2.2,-5.2,-4.3,0,106266,0,55,0, 
59.0400,-1.9,-0.7,0.7,-2.1,0.0,-6.1,-8.7,0,106272,0,56,0, 
59.0433,-3.3,-1.8,-3.5,-1.2,-3.9,-4.9,-13.1,0,106278,0,57,0, 
59.0467,-3.7,-2.9,-6.3,-0.4,-7.3,-2.5,-15.9,0,106284,0,58,0, 
59.0500,-3.3,-2.7,-6.2,0.8,-9.0,0.0,-16.6,0,106290,0,59,0, 
59.0533,-2.5,-0.7,-3.3,2.1,-8.5,1.2,-15.5,0,106296,0,60,0, 
59.0567,-1.5,2.3,0.2,3.1,-7.1,0.2,-13.7,0,106302,0,61,0, 
59.0600,-0.2,5.1,3.1,3.3,-6.1,-2.8,-12.0,0,106308,0,62,0, 
59.0633,1.7,6.6,5.0,2.7,-6.1,-6.1,-10.4,0,106314,0,63,0, 
59.0667,4.3,6.6,6.8,1.8,-6.1,-7.4,-8.3,0,106320,0,64,0, 
59.0700,7.5,6.0,8.3,1.0,-4.9,-4.3,-4.6,0,106326,0,65,0, 
59.0733,10.8,5.9,8.7,0.8,-1.5,3.3,1.2,0,106332,0,66,0, 
59.0767,13.9,7.1,7.0,1.4,3.1,13.6,8.7,0,106338,0,67,0, 
59.0800,16.4,9.7,4.3,2.5,7.3,22.9,16.5,0,106344,0,68,0, 
59.0833,18.1,12.9,3.3,3.9,9.3,27.9,22.9,0,106350,0,69,0, 
59.0867,18.9,16.1,6.4,5.2,8.8,27.3,26.3,0,106356,0,70,0, 
59.0900,19.3,18.6,13.4,6.1,7.1,22.6,26.2,0,106362,0,71,0, 
59.0933,19.9,20.0,20.7,6.6,5.5,16.9,23.2,0,106368,0,72,0, 
59.0967,21.6,20.6,23.9,7.1,5.0,13.2,18.8,0,106374,0,73,0, 
59.1000,24.3,20.9,21.7,7.7,5.2,13.0,14.4,0,106380,0,74,0, 
59.1033,27.3,21.5,16.5,8.4,5.6,15.5,11.4,0,106386,0,75,0, 
59.1067,29.1,22.4,12.8,9.0,6.0,18.9,10.0,0,106392,0,76,0, 
59.1100,28.5,23.7,13.5,8.9,6.8,21.1,10.1,0,106398,0,77,0, 
59.1133,25.6,24.8,17.7,7.8,8.4,21.2,11.3,0,106404,0,78,0, 
59.1167,21.7,25.5,21.7,6.2,10.5,19.3,13.0,0,106410,0,79,0, 
59.1200,18.4,25.5,22.2,4.8,12.3,17.0,14.9,0,106416,0,80,0, 
59.1233,17.0,24.9,18.8,4.3,12.5,16.2,16.6,0,106422,0,81,0, 
59.1267,17.5,24.1,13.9,4.9,11.0,18.3,18.2,0,106428,0,82,0, 
59.1300,19.2,23.2,10.3,6.0,8.8,23.0,20.2,0,106434,0,83,0, 
59.1333,20.9,22.4,9.5,6.8,7.2,28.4,23.0,0,106440,0,84,0, 
59.1367,22.4,21.9,10.9,7.0,7.1,32.2,26.4,0,106446,0,85,0, 
59.1400,23.5,21.5,13.1,6.8,8.4,32.4,29.3,0,106452,0,86,0, 
59.1433,24.5,21.1,14.9,6.7,10.1,29.3,30.6,0,106458,0,87,0, 
59.1467,25.2,20.3,16.0,7.0,11.1,24.6,29.5,0,106464,0,88,0, 
59.1500,25.1,18.9,16.3,7.3,11.0,20.4,26.2,0,106470,0,89,0, 
59.1533,24.1,17.0,15.4,7.2,9.8,17.8,22.1,0,106476,0,90,0, 
59.1567,22.6,15.2,13.1,6.1,8.1,16.4,18.7,0,106482,0,91,0, 
59.1600,21.1,14.3,9.9,4.5,6.5,15.0,16.7,0,106488,0,92,0, 
59.1633,20.4,14.5,7.3,3.4,5.4,13.2,15.7,0,106494,0,93,0, 
59.1667,20.3,15.6,6.7,3.7,4.8,11.3,15.0,0,106500,0,94,0, 
59.1700,20.3,16.9,8.6,5.5,4.4,9.7,13.6,0,106506,0,95,0, 
59.1733,19.6,17.6,12.0,8.1,3.5,9.0,11.9,0,106512,0,96,0, 
59.1767,18.1,17.5,14.9,9.8,1.5,8.9,10.2,0,106518,0,97,0, 
59.1800,16.5,16.6,15.6,9.7,-1.1,9.6,9.5,0,106524,0,98,0, 
59.1833,15.9,15.5,13.5,7.7,-3.1,11.5,10.0,0,106530,0,99,0, 
59.1867,16.8,14.5,9.6,4.8,-3.2,14.8,11.5,0,106536,0,100,0, 
59.1900,18.7,13.7,5.4,2.5,-1.0,18.3,13.6,0,106542,0,101,0, 
59.1933,20.7,13.1,2.7,1.8,2.7,20.2,15.6,0,106548,0,102,0, 
59.1967,22.1,13.0,2.1,2.5,6.1,18.9,17.4,0,106554,0,103,0, 
59.2000,22.6,13.5,4.0,3.4,7.7,15.0,18.8,0,106560,0,104,0, 
59.2033,22.9,14.8,7.5,3.6,7.5,11.7,20.0,0,106566,0,105,0, 
59.2067,23.2,16.5,11.2,2.6,6.5,12.4,21.1,0,106572,0,106,0, 
59.2100,23.5,17.6,13.3,1.0,5.9,17.6,21.8,0,106578,0,107,0, 
59.2133,23.4,17.2,12.5,-0.5,6.0,23.8,21.8,0,106584,0,108,0, 
59.2167,22.4,14.7,8.3,-1.3,5.8,25.8,20.7,0,106590,0,109,0, 
59.2200,20.8,10.7,2.1,-1.4,4.2,20.7,18.5,0,106596,0,110,0, 
59.2233,19.4,6.6,-3.3,-1.3,1.2,10.8,16.1,0,106602,0,111,0, 
59.2267,18.8,4.3,-5.5,-1.0,-1.8,1.8,14.2,0,106608,0,112,0, 
59.2300,19.3,4.6,-3.5,-0.2,-3.1,-1.6,13.3,0,106614,0,113,0, 
59.2333,20.5,7.4,1.5,1.2,-1.7,1.1,13.1,0,106620,0,114,0, 
59.2367,21.6,11.1,6.6,3.2,1.6,6.0,12.7,0,106626,0,115,0, 
59.2400,22.4,14.4,8.9,4.8,5.0,9.1,12.0,0,106632,0,116,0, 
59.2433,23.1,16.5,8.0,5.1,6.7,9.4,11.6,0,106638,0,117,0, 
59.2467,24.3,17.9,5.8,4.1,6.2,9.4,12.6,0,106644,0,118,0, 
59.2500,26.1,19.7,5.7,3.0,4.2,11.8,15.7,0,106650,0,119,0, 
59.2533,27.7,22.4,10.0,3.0,1.9,16.2,19.7,0,106656,0,120,0, 
59.2567,28.2,25.3,17.6,4.7,0.2,18.9,23.0,0,106662,0,121,0, 
59.2600,27.1,26.6,24.0,7.1,-0.6,16.9,23.9,0,106668,0,122,0, 
59.2633,24.9,24.9,24.7,8.6,-0.4,10.9,22.3,0,106674,0,123,0, 
59.2667,22.7,20.2,18.2,8.0,0.8,5.9,19.9,0,106680,0,124,0, 
59.2700,21.6,14.3,7.9,5.7,2.5,6.8,18.3,0,106686,0,125,0, 
59.2733,21.8,9.9,0.1,3.6,3.8,13.5,18.2,0,106692,0,126,0, 
59.2767,22.8,8.4,-0.4,3.2,3.7,20.7,18.8,0,106698,0,127,0, 
59.2800,23.6,9.3,6.0,4.6,2.1,22.0,18.5,0,106704,0,128,0, 
59.2833,23.7,10.8,14.5,6.5,-0.5,15.3,16.9,0,106710,0,129,0, 
59.2867,22.8,11.2,18.7,7.3,-2.7,4.9,14.6,0,106716,0,130,0, 
59.2900,21.3,10.2,15.9,6.2,-3.3,-1.9,12.9,0,106722,0,131,0, 
59.2933,19.2,8.8,8.7,4.2,-2.2,-0.8,12.6,0,106728,0,132,0, 
59.2967,16.7,8.6,3.0,2.7,-0.4,6.2,13.1,0,106734,0,133,0, 
59.3000,14.1,10.0,3.6,2.9,1.0,13.0,13.5,0,106740,0,134,0, 
59.3033,12.0,12.2,10.5,4.5,1.4,13.9,13.0,0,106746,0,135,0, 
59.3067,10.8,13.5,19.5,6.4,1.1,8.7,11.8,0,106752,0,136,0, 
59.3100,11.2,13.0,25.0,7.4,0.9,1.9,10.8,0,106758,0,137,0, 
59.3133,12.8,11.0,24.2,7.2,1.3,-1.5,10.5,0,106764,0,138,0, 
59.3167,15.0,9.0,18.5,6.4,2.4,0.7,11.2,0,106770,0,139,0, 
59.3200,16.8,8.2,12.2,5.5,3.8,6.6,12.3,0,106776,0,140,0, 
59.3233,17.9,9.2,8.9,4.9,5.3,12.8,13.4,0,106782,0,141,0, 
59.3267,18.0,10.8,9.4,4.4,6.6,17.2,14.2,0,106788,0,142,0, 
59.3300,17.5,11.8,11.8,3.7,7.5,19.5,14.4,0,106794,0,143,0, 
59.3333,16.3,11.0,13.4,3.1,7.6,20.0,13.6,0,106800,0,144,0, 
59.3367,14.6,8.4,12.9,2.8,7.0,18.6,11.3,0,106806,0,145,0, 
59.3400,12.3,5.0,10.9,3.1,5.8,14.6,7.6,0,106812,0,146,0, 
59.3433,9.8,2.1,9.1,3.7,4.5,8.5,3.1,0,106818,0,147,0, 
59.3467,7.8,0.8,8.3,4.1,3.6,2.3,-0.9,0,106824,0,148,0, 
59.3500,6.8,1.2,8.4,4.1,3.2,-1.4,-3.3,0,106830,0,149,0, 
59.3533,7.2,3.1,8.5,4.0,3.0,-1.4,-3.2,0,106836,0,150,0, 
59.3567,8.5,5.5,8.3,4.2,2.9,1.4,-0.8,0,106842,0,151,0, 
59.3600,10.3,7.9,8.6,4.9,3.0,4.9,3.2,0,106848,0,152,0, 
59.3633,11.8,10.3,10.5,5.8,3.7,8.1,8.1,0,106854,0,153,0, 
59.3667,12.9,12.5,14.0,6.1,4.9,10.8,12.8,0,106860,0,154,0, 
59.3700,13.7,14.8,17.7,5.3,5.8,13.3,16.4,0,106866,0,155,0, 
59.3733,14.5,17.0,19.6,3.8,5.8,15.1,18.2,0,106872,0,156,0, 
59.3767,15.7,18.6,18.9,2.5,4.6,14.3,18.0,0,106878,0,157,0, 
59.3800,17.3,19.5,16.5,2.2,2.8,10.2,16.3,0,106884,0,158,0, 
59.3833,18.8,19.2,14.5,3.3,1.7,4.1,14.2,0,106890,0,159,0, 
59.3867,19.4,17.9,14.1,5.1,2.0,-0.8,12.6,0,106896,0,160,0, 
59.3900,18.5,15.9,15.3,6.6,3.5,-2.4,11.4,0,106902,0,161,0, 
59.3933,15.9,13.8,16.3,7.1,5.2,-0.9,10.4,0,106908,0,162,0, 
59.3967,12.5,12.1,15.9,6.6,6.0,1.0,8.9,0,106914,0,163,0, 
59.4000,9.7,11.2,14.0,5.7,5.5,1.1,7.1,0,106920,0,164,0, 
59.4033,8.5,11.0,11.9,5.0,4.5,-0.4,5.9,0,106926,0,165,0, 
59.4067,8.9,11.2,10.5,4.7,4.1,-1.3,5.7,0,106932,0,166,0, 
59.4100,10.2,11.0,9.9,4.3,4.8,0.0,6.4,0,106938,0,167,0, 
59.4133,11.1,10.0,8.9,3.4,6.4,2.5,7.1,0,106944,0,168,0, 
59.4167,11.0,8.2,7.3,2.1,7.8,3.6,7.0,0,106950,0,169,0, 
59.4200,10.3,6.5,5.8,0.9,8.4,1.6,6.4,0,106956,0,170,0, 
59.4233,9.6,5.7,6.0,0.3,8.2,-1.5,6.0,0,106962,0,171,0, 
59.4267,9.6,6.1,8.6,0.4,8.0,-2.1,6.6,0,106968,0,172,0, 
59.4300,9.6,6.9,12.1,0.7,8.2,2.0,7.8,0,106974,0,173,0, 
59.4333,9.2,7.0,13.4,0.6,8.7,8.7,8.5,0,106980,0,174,0, 
59.4367,7.9,5.5,10.2,-0.1,8.8,12.7,7.2,0,106986,0,175,0, 
59.4400,6.0,2.7,3.2,-1.0,7.8,9.6,4.0,0,106992,0,176,0, 
59.4433,4.2,0.0,-4.1,-1.2,5.6,0.0,0.2,0,106998,0,177,0, 
59.4467,2.7,-1.4,-7.5,-0.1,3.4,-10.9,-2.4,0,107004,0,178,0, 
59.4500,1.2,-1.1,-5.3,1.8,2.3,-17.2,-3.1,0,107010,0,179,0, 
59.4533,-1.0,0.3,0.6,3.5,2.9,-16.4,-2.6,0,107016,0,180,0, 
59.4567,-3.7,1.7,6.0,3.9,4.7,-10.9,-1.9,0,107022,0,181,0, 
59.4600,-6.1,2.8,7.7,2.7,6.1,-5.6,-1.4,0,107028,0,182,0, 
59.4633,-6.8,4.0,6.1,0.7,5.9,-3.6,-0.4,0,107034,0,183,0, 
59.4667,-5.1,6.4,4.2,-0.9,3.7,-4.9,2.2,0,107040,0,184,0, 
59.4700,-1.3,10.4,5.9,-1.0,0.9,-6.9,6.4,0,107046,0,185,0, 
59.4733,3.2,15.1,11.7,0.1,-0.9,-6.8,11.1,0,107052,0,186,0, 
59.4767,7.1,19.1,18.9,1.5,-1.0,-3.7,14.8,0,107058,0,187,0, 
59.4800,9.6,20.8,23.0,2.0,0.4,1.2,16.4,0,107064,0,188,0, 
59.4833,10.6,19.5,21.2,1.3,1.9,5.8,16.0,0,107070,0,189,0, 
59.4867,10.5,16.0,14.6,0.2,2.3,8.0,14.1,0,107076,0,190,0, 
59.4900,9.7,11.4,7.0,-0.1,1.4,6.3,11.3,0,107082,0,191,0, 
59.4933,8.4,7.4,2.4,0.9,-0.2,1.3,7.9,0,107088,0,192,0, 
59.4967,6.8,4.9,2.1,2.8,-1.5,-4.9,4.2,0,107094,0,193,0, 
59.5000,5.6,4.4,4.3,4.2,-2.1,-8.9,1.1,0,107100,0,194,0, 
59.5033,5.5,5.6,6.3,4.3,-2.2,-8.5,0.0,0,107106,0,195,0, 
59.5067,6.8,7.8,6.7,3.2,-2.0,-4.3,1.6,0,107112,0,196,0, 
59.5100,9.3,10.1,6.4,2.3,-1.6,0.7,5.2,0,107118,0,197,0, 
59.5133,12.2,11.7,7.5,2.6,-0.9,2.9,9.2,0,107124,0,198,0, 
59.5167,14.5,12.1,10.5,4.1,0.6,1.1,11.4,0,107130,0,199,0, 
59.5200,15.7,11.1,13.9,5.7,2.6,-2.4,11.3,0,107136,0,200,0, 
59.5233,16.0,9.4,14.9,5.8,4.4,-4.2,9.4,0,107142,0,201,0, 
59.5267,16.0,7.5,12.0,3.9,5.4,-2.5,7.4,0,107148,0,202,0, 
59.5300,16.3,6.0,6.8,0.5,5.1,1.1,6.5,0,107154,0,203,0, 
59.5333,17.0,5.2,2.7,-2.5,3.8,3.0,6.9,0,107160,0,204,0, 
59.5367,17.3,4.8,2.6,-3.6,2.4,1.3,7.8,0,107166,0,205,0, 
59.5400,16.3,4.3,6.1,-2.4,1.6,-2.7,8.1,0,107172,0,206,0, 
59.5433,13.5,2.6,9.5,0.0,1.8,-5.3,7.0,0,107178,0,207,0, 
59.5467,9.4,-0.9,8.7,1.8,2.5,-4.1,4.1,0,107184,0,208,0, 
59.5500,4.9,-5.7,2.4,1.9,3.3,0.3,0.0,0,107190,0,209,0, 
59.5533,1.4,-10.4,-6.2,0.4,3.4,4.4,-4.1,0,107196,0,210,0, 
59.5567,-0.6,-12.9,-11.7,-1.2,2.8,5.5,-6.9,0,107202,0,211,0, 
59.5600,-1.5,-12.2,-10.1,-1.3,1.6,2.8,-7.7,0,107208,0,212,0, 
59.5633,-1.9,-8.4,-1.9,0.8,0.2,-1.6,-6.4,0,107214,0,213,0, 
59.5667,-2.1,-3.4,7.8,4.2,-1.0,-5.5,-3.9,0,107220,0,214,0, 
59.5700,-2.0,0.9,13.3,7.1,-1.7,-7.5,-1.6,0,107226,0,215,0, 
59.5733,-1.2,3.2,11.8,8.0,-1.4,-8.0,-0.1,0,107232,0,216,0, 
59.5767,0.3,4.2,5.3,6.4,0.1,-6.9,1.0,0,107238,0,217,0, 
59.5800,2.1,5.2,-0.9,3.4,2.4,-3.9,2.6,0,107244,0,218,0, 
59.5833,3.8,7.3,-2.2,0.6,5.0,1.4,5.5,0,107250,0,219,0, 
59.5867,5.4,10.2,1.7,-0.8,6.9,8.1,9.2,0,107256,0,220,0, 
59.5900,7.3,12.6,7.2,-0.4,7.5,13.7,12.5,0,107262,0,221,0, 
59.5933,9.9,12.8,9.6,0.9,6.8,15.2,14.2,0,107268,0,222,0, 
59.5967,12.9,10.4,6.5,2.0,5.6,11.2,13.7,0,107274,0,223,0, 
59.6000,15.3,6.3,0.0,2.3,4.6,3.2,11.5,0,107280,0,224,0, 
59.6033,16.0,2.1,-5.4,2.0,4.3,-5.3,8.5,0,107286,0,225,0, 
59.6067,14.9,-0.6,-6.6,1.4,4.3,-11.2,5.3,0,107292,0,226,0, 
59.6100,12.6,-1.7,-4.0,0.9,4.1,-12.8,2.4,0,107298,0,227,0, 
59.6133,10.7,-1.9,-1.0,0.4,3.4,-11.3,-0.3,0,107304,0,228,0, 
59.6167,9.8,-2.7,-1.0,-0.3,2.7,-8.9,-3.2,0,107310,0,229,0, 
59.6200,9.9,-4.7,-4.5,-1.1,2.2,-7.8,-6.5,0,107316,0,230,0, 
59.6233,9.9,-7.8,-9.0,-1.8,2.0,-8.9,-10.4,0,107322,0,231,0, 
59.6267,9.2,-10.6,-11.1,-1.8,1.7,-11.5,-14.4,0,107328,0,232,0, 
59.6300,7.4,-11.5,-9.6,-1.1,0.7,-14.1,-17.5,0,107334,0,233,0, 
59.6333,5.3,-9.8,-6.2,0.1,-0.7,-15.3,-18.2,0,107340,0,234,0, 
59.6367,3.5,-5.9,-3.4,1.1,-1.8,-14.4,-15.8,0,107346,0,235,0, 
59.6400,2.5,-1.3,-2.4,1.9,-1.6,-11.5,-10.9,0,107352,0,236,0, 
59.6433,2.3,2.4,-1.8,2.5,0.1,-7.5,-5.1,0,107358,0,237,0, 
59.6467,2.5,4.0,0.7,3.2,2.8,-3.2,0.0,0,107364,0,238,0, 
59.6500,2.8,3.7,6.0,4.1,5.3,0.7,3.3,0,107370,0,239,0, 
59.6533,3.0,2.2,11.7,4.7,6.7,3.7,4.8,0,107376,0,240,0, 
59.6567,2.9,0.6,13.9,4.4,6.8,5.2,5.3,0,107382,0,241,0, 
59.6600,2.2,-1.0,9.9,2.8,6.0,4.8,5.1,0,107388,0,242,0, 
59.6633,0.8,-2.8,0.8,0.4,4.9,2.6,4.2,0,107394,0,243,0, 
59.6667,-1.1,-5.3,-9.4,-2.1,3.4,-0.7,2.1,0,107400,0,244,0, 
59.6700,-3.1,-8.1,-15.7,-3.6,1.6,-4.1,-0.9,0,107406,0,245,0, 
59.6733,-4.5,-10.3,-15.6,-3.7,-0.5,-6.6,-3.9,0,107412,0,246,0, 
59.6767,-4.8,-10.7,-9.8,-2.8,-2.7,-8.5,-5.8,0,107418,0,247,0, 
59.6800,-4.0,-9.3,-2.3,-1.4,-4.5,-10.1,-6.3,0,107424,0,248,0, 
59.6833,-2.4,-7.3,2.7,-0.4,-5.9,-11.9,-6.1,0,107430,0,249,0, 
59.6867,-0.7,-6.2,2.8,-0.2,-6.7,-13.3,-6.1,0,107436,0,250,0, 
59.6900,0.6,-6.8,-1.6,-0.6,-7.0,-13.3,-6.9,0,107442,0,251,0, 
59.6933,1.4,-8.4,-7.2,-1.2,-6.7,-11.1,-8.0,0,107448,0,252,0, 
59.6967,1.7,-9.4,-10.0,-1.1,-5.7,-7.5,-8.6,0,107454,0,253,0, 
59.7000,1.7,-8.3,-7.6,0.0,-4.0,-4.4,-8.2,0,107460,0,254,0, 
59.7033,1.4,-4.8,-0.6,2.1,-2.2,-3.3,-7.2,0,107466,0,255,0, 
59.7067,0.8,-0.4,7.7,4.4,-1.2,-4.3,-6.5,0,107472,0,0,0, 
59.7100,0.0,3.3,13.2,5.8,-1.2,-6.3,-6.4,0,107478,0,1,0, 
59.7133,-0.5,5.1,13.2,5.6,-2.1,-7.7,-6.3,0,107484,0,2,0, 
59.7167,-0.1,5.4,8.5,3.8,-3.1,-7.7,-5.5,0,107490,0,3,0, 
59.7200,1.5,5.2,2.1,1.1,-3.2,-6.9,-3.6,0,107496,0,4,0, 
59.7233,3.8,5.6,-2.2,-1.4,-2.2,-6.1,-1.5,0,107502,0,5,0, 
59.7267,6.0,6.7,-2.3,-2.8,-0.3,-5.0,-0.3,0,107508,0,6,0, 
59.7300,6.8,8.1,1.2,-3.0,1.6,-2.7,-0.5,0,107514,0,7,0, 
59.7333,5.8,9.2,5.9,-2.4,2.9,1.4,-1.8,0,107520,0,8,0, 
59.7367,3.7,9.9,8.8,-1.8,3.2,5.9,-2.9,0,107526,0,9,0, 
59.7400,1.7,10.0,8.1,-1.9,3.1,8.5,-3.2,0,107532,0,10,0, 
59.7433,0.6,9.2,3.7,-2.6,3.1,7.2,-2.6,0,107538,0,11,0, 
59.7467,0.2,7.5,-2.7,-3.7,3.7,3.1,-1.8,0,107544,0,12,0, 
59.7500,-0.3,5.0,-8.4,-4.9,4.6,-0.5,-1.2,0,107550,0,13,0, 
59.7533,-1.7,2.6,-11.0,-6.0,4.9,-0.6,-0.4,0,107556,0,14,0, 
59.7567,-3.8,1.2,-9.4,-6.8,4.0,3.2,1.2,0,107562,0,15,0, 
59.7600,-5.7,1.5,-4.5,-7.2,1.9,8.1,3.8,0,107568,0,16,0, 
59.7633,-6.2,2.7,0.7,-7.1,-0.5,10.1,6.8,0,107574,0,17,0, 
59.7667,-5.2,3.5,3.1,-6.3,-1.8,7.4,8.6,0,107580,0,18,0, 
59.7700,-3.9,2.6,1.0,-4.8,-1.4,1.9,8.1,0,107586,0,19,0, 
59.7733,-3.3,-0.1,-4.5,-3.2,0.3,-2.8,5.4,0,107592,0,20,0, 
59.7767,-4.2,-3.1,-10.1,-1.9,1.8,-4.8,1.4,0,107598,0,21,0, 
59.7800,-5.8,-4.8,-12.7,-1.3,1.3,-5.0,-2.6,0,107604,0,22,0, 
59.7833,-6.7,-3.9,-10.7,-1.4,-1.5,-6.0,-5.7,0,107610,0,23,0, 
59.7867,-6.3,-0.8,-5.7,-1.6,-5.7,-8.9,-7.5,0,107616,0,24,0, 
59.7900,-4.8,3.1,-0.3,-1.4,-9.0,-11.7,-8.1,0,107622,0,25,0, 
59.7933,-3.5,6.3,3.1,-0.5,-9.8,-11.6,-7.7,0,107628,0,26,0, 
59.7967,-3.4,7.9,3.9,1.0,-7.8,-7.8,-6.7,0,107634,0,27,0, 
59.8000,-4.4,8.0,3.5,2.3,-4.3,-2.6,-5.4,0,107640,0,28,0, 
59.8033,-5.3,7.4,3.3,2.9,-1.4,0.2,-4.3,0,107646,0,29,0, 
59.8067,-5.2,6.8,4.2,2.4,-0.2,-0.3,-3.4,0,107652,0,30,0, 
59.8100,-3.3,6.7,5.7,1.2,-0.1,-1.6,-2.5,0,107658,0,31,0, 
59.8133,-0.4,7.0,6.6,-0.1,0.1,0.3,-1.2,0,107664,0,32,0, 
59.8167,2.7,7.4,5.8,-0.6,1.1,6.1,0.7,0,107670,0,33,0, 
59.8200,4.8,7.3,3.0,0.2,2.6,11.8,2.4,0,107676,0,34,0, 
59.8233,5.3,6.1,-0.9,1.9,3.2,11.8,2.9,0,107682,0,35,0, 
59.8267,4.0,3.9,-4.6,3.9,2.2,4.1,1.5,0,107688,0,36,0, 
59.8300,1.4,0.8,-6.8,5.4,0.4,-7.2,-1.5,0,107694,0,37,0, 
59.8333,-1.7,-2.3,-6.6,5.8,-0.8,-15.1,-5.1,0,107700,0,38,0, 
59.8367,-4.0,-4.2,-4.5,5.2,-0.2,-15.3,-8.3,0,107706,0,39,0, 
59.8400,-4.6,-4.4,-1.6,3.8,1.5,-10.2,-10.5,0,107712,0,40,0, 
59.8433,-3.5,-2.7,0.5,2.1,2.6,-6.0,-12.0,0,107718,0,41,0, 
59.8467,-1.9,0.2,1.0,0.5,1.8,-7.3,-12.8,0,107724,0,42,0, 
59.8500,-1.6,3.1,0.1,-0.7,-0.5,-12.8,-13.0,0,107730,0,43,0, 
59.8533,-3.9,5.1,-1.3,-1.3,-2.2,-16.4,-11.9,0,107736,0,44,0, 
59.8567,-8.1,5.9,-2.3,-1.3,-1.1,-13.7,-9.2,0,107742,0,45,0, 
59.8600,-11.7,5.7,-2.2,-1.0,2.7,-5.6,-5.5,0,107748,0,46,0, 
59.8633,-12.5,5.0,-1.6,-0.5,6.7,2.1,-2.0,0,107754,0,47,0, 
59.8667,-9.8,4.3,-1.2,-0.2,7.8,4.3,0.4,0,107760,0,48,0, 
59.8700,-5.7,3.5,-1.6,0.0,4.8,0.6,1.6,0,107766,0,49,0, 
59.8733,-3.2,2.7,-3.0,0.2,-0.5,-4.2,2.3,0,107772,0,50,0, 
59.8767,-4.0,1.8,-4.6,0.5,-4.8,-5.1,3.3,0,107778,0,51,0, 
59.8800,-7.5,1.2,-5.6,1.0,-5.3,-1.4,4.9,0,107784,0,52,0, 
59.8833,-11.0,1.5,-5.3,1.3,-2.3,3.2,6.5,0,107790,0,53,0, 
59.8867,-11.9,2.6,-3.8,1.4,1.7,4.7,7.2,0,107796,0,54,0, 
59.8900,-9.6,4.2,-1.8,1.2,4.0,2.2,6.6,0,107802,0,55,0, 
59.8933,-6.1,5.3,-0.2,0.9,3.6,-1.0,5.2,0,107808,0,56,0, 
59.8967,-3.8,5.4,0.4,0.8,1.8,-1.3,3.9,0,107814,0,57,0, 
59.9000,-4.3,5.0,0.2,0.9,0.6,1.7,3.1,0,107820,0,58,0, 
59.9033,-6.5,4.9,0.1,1.4,0.9,4.5,2.8,0,107826,0,59,0, 
59.9067,-8.3,5.9,0.6,2.0,2.0,3.2,2.2,0,107832,0,60,0, 
59.9100,-7.9,7.7,1.5,2.8,2.5,-3.1,0.9,0,107838,0,61,0, 
59.9133,-5.6,9.5,2.4,3.6,1.9,-11.1,-1.2,0,107844,0,62,0, 
59.9167,-2.9,10.5,3.3,4.4,0.7,-16.1,-3.1,0,107850,0,63,0, 
59.9200,-1.9,10.7,4.8,4.8,-0.3,-15.6,-4.0,0,107856,0,64,0, 
59.9233,-3.0,10.9,7.6,4.8,-0.6,-11.3,-3.3,0,107862,0,65,0, 
59.9267,-5.1,11.6,11.3,4.4,-1.0,-7.1,-1.3,0,107868,0,66,0, 
59.9300,-6.5,12.4,13.5,3.8,-2.2,-5.5,1.0,0,107874,0,67,0, 
59.9333,-6.2,11.9,11.7,3.1,-3.8,-5.9,2.9,0,107880,0,68,0, 
59.9367,-4.7,9.2,5.1,2.1,-4.6,-5.7,4.1,0,107886,0,69,0, 
59.9400,-3.2,4.8,-3.7,0.9,-3.4,-2.8,5.0,0,107892,0,70,0, 
59.9433,-2.7,0.8,-10.0,-0.7,-0.2,2.2,6.2,0,107898,0,71,0, 
59.9467,-3.2,-0.6,-10.4,-2.1,3.2,6.4,7.9,0,107904,0,72,0, 
59.9500,-3.5,1.0,-5.1,-3.2,4.8,7.1,9.8,0,107910,0,73,0, 
59.9533,-2.8,3.8,1.7,-3.6,3.4,4.4,10.9,0,107916,0,74,0, 
59.9567,-1.1,5.2,5.0,-3.6,0.0,1.1,10.3,0,107922,0,75,0, 
59.9600,0.4,3.6,2.5,-3.5,-3.4,0.3,8.0,0,107928,0,76,0, 
59.9633,0.5,-0.4,-3.7,-3.7,-5.0,2.4,4.8,0,107934,0,77,0, 
59.9667,-1.2,-4.5,-9.1,-4.2,-4.3,4.8,1.9,0,107940,0,78,0, 
59.9700,-4.0,-6.9,-10.3,-4.5,-2.7,4.0,0.4,0,107946,0,79,0, 
59.9733,-6.1,-6.8,-7.7,-4.3,-1.5,-0.9,0.8,0,107952,0,80,0, 
59.9767,-6.4,-5.4,-4.1,-3.4,-1.3,-7.0,2.6,0,107958,0,81,0, 
59.9800,-4.9,-4.0,-2.5,-1.9,-1.6,-9.5,4.6,0,107964,0,82,0, 
59.9833,-2.5,-3.0,-3.4,-0.4,-1.1,-5.4,6.1,0,107970,0,83,0, 
59.9867,-0.2,-2.3,-5.0,0.6,0.8,3.6,6.9,0,107976,0,84,0, 
59.9900,1.5,-1.3,-5.6,0.6,3.5,12.3,7.4,0,107982,0,85,0, 
59.9933,2.9,-0.1,-5.0,-0.5,6.0,15.8,8.3,0,107988,0,86,0, 
59.9967,4.4,0.4,-4.7,-2.3,7.2,13.0,9.7,0,107994,0,87,0, 
60.0000,6.0,-0.2,-6.0,-3.9,7.0,7.0,11.0,0,108000,0,88,0, 
60.0033,7.3,-1.7,-8.6,-4.4,6.0,2.4,11.4,0,108006,0,89,0, 
60.0067,8.0,-2.8,-10.5,-3.6,5.3,1.8,10.6,0,108012,0,90,0, 
60.0100,8.5,-2.3,-10.1,-1.9,5.2,4.2,9.1,0,108018,0,91,0, 
60.0133,8.9,-0.2,-7.2,-0.4,5.5,6.9,7.8,0,108024,0,92,0, 
60.0167,9.3,2.0,-3.9,0.0,5.8,7.8,7.4,0,108030,0,93,0, 
60.0200,9.1,2.8,-2.2,-1.1,5.6,6.5,7.5,0,108036,0,94,0, 
60.0233,7.6,1.5,-2.7,-2.8,4.9,4.4,7.0,0,108042,0,95,0, 
60.0267,5.1,-1.2,-4.3,-4.1,4.3,2.5,5.3,0,108048,0,96,0, 
60.0300,2.6,-3.4,-4.8,-4.0,4.2,1.0,2.6,0,108054,0,97,0, 
60.0333,1.6,-3.9,-3.0,-2.3,4.6,0.0,0.0,0,108060,0,98,0, 
60.0367,2.5,-2.8,0.4,0.2,5.2,0.2,-1.5,0,108066,0,99,0, 
60.0400,4.3,-1.4,3.5,2.5,5.3,2.3,-1.6,0,108072,0,100,0, 
60.0433,5.2,-1.1,4.4,3.8,4.6,6.0,-1.1,0,108078,0,101,0, 
60.0467,4.0,-2.2,2.8,3.8,3.2,9.4,-1.1,0,108084,0,102,0, 
60.0500,1.2,-4.1,-0.2,3.0,1.9,9.9,-2.1,0,108090,0,103,0, 
60.0533,-1.5,-5.6,-2.6,1.9,1.2,6.2,-3.6,0,108096,0,104,0, 
60.0567,-2.3,-5.9,-3.0,1.1,1.1,-0.6,-4.5,0,108102,0,105,0, 
60.0600,-1.0,-5.5,-1.3,0.8,1.2,-7.7,-4.6,0,108108,0,106,0, 
60.0633,1.3,-5.1,1.1,0.9,0.8,-12.5,-4.1,0,108114,0,107,0, 
60.0667,3.2,-5.0,2.6,1.0,-0.1,-13.8,-3.6,0,108120,0,108,0, 
60.0700,3.7,-5.1,2.2,0.5,-0.8,-12.0,-3.2,0,108126,0,109,0, 
60.0733,3.5,-4.5,0.4,-0.6,-0.3,-7.9,-2.2,0,108132,0,110,0, 
60.0767,3.7,-2.9,-1.0,-1.9,1.7,-2.5,0.0,0,108138,0,111,0, 
60.0800,4.8,-0.7,-0.6,-2.7,4.5,3.2,3.3,0,108144,0,112,0, 
60.0833,6.5,1.3,2.0,-2.6,6.7,7.3,6.2,0,108150,0,113,0, 
60.0867,7.3,1.9,5.0,-1.7,7.2,7.6,7.1,0,108156,0,114,0, 
60.0900,6.6,1.0,6.0,-0.8,5.8,3.5,5.2,0,108162,0,115,0, 
60.0933,4.2,-0.9,3.6,-0.6,3.4,-3.0,1.3,0,108168,0,116,0, 
60.0967,1.4,-2.8,-1.3,-1.1,1.3,-8.6,-2.9,0,108174,0,117,0, 
60.1000,-0.5,-3.7,-5.6,-1.5,0.5,-10.2,-5.7,0,108180,0,118,0, 
60.1033,-0.5,-3.6,-6.3,-0.9,1.3,-7.9,-6.5,0,108186,0,119,0, 
60.1067,1.6,-2.7,-2.6,0.7,3.1,-4.3,-6.4,0,108192,0,120,0, 
60.1100,5.1,-2.1,3.3,2.6,5.1,-2.4,-6.3,0,108198,0,121,0, 
60.1133,9.1,-2.7,7.6,3.6,6.4,-2.7,-6.8,0,108204,0,122,0, 
60.1167,12.4,-5.1,7.6,2.9,6.4,-3.3,-7.4,0,108210,0,123,0, 
60.1200,14.5,-8.6,3.7,1.2,5.4,-1.3,-7.1,0,108216,0,124,0, 
60.1233,15.1,-11.8,-0.9,-0.3,4.2,3.8,-5.6,0,108222,0,125,0, 
60.1267,14.7,-13.4,-3.1,-0.7,3.9,9.3,-3.5,0,108228,0,126,0, 
60.1300,13.8,-12.7,-1.8,0.2,5.2,11.6,-2.2,0,108234,0,127,0, 
60.1333,12.8,-10.9,0.7,1.3,7.6,8.8,-2.5,0,108240,0,128,0, 
60.1367,12.1,-9.6,1.3,1.3,9.8,2.7,-4.2,0,108246,0,129,0, 
60.1400,11.8,-9.9,-1.7,-0.2,10.4,-2.9,-6.0,0,108252,0,130,0, 
60.1433,11.6,-11.5,-6.7,-2.4,9.2,-4.6,-6.6,0,108258,0,131,0, 
60.1467,11.2,-13.0,-10.3,-3.6,6.9,-2.4,-5.7,0,108264,0,132,0, 
60.1500,10.5,-12.8,-9.9,-3.0,4.8,1.3,-4.3,0,108270,0,133,0, 
60.1533,9.5,-11.0,-6.1,-0.7,3.8,3.4,-3.9,0,108276,0,134,0, 
60.1567,8.3,-8.8,-2.0,2.1,3.5,2.4,-5.5,0,108282,0,135,0, 
60.1600,7.2,-7.7,-0.4,3.6,3.1,-0.5,-8.4,0,108288,0,136,0, 
60.1633,6.3,-7.9,-1.4,3.3,2.4,-3.1,-11.0,0,108294,0,137,0, 
60.1667,5.8,-7.9,-2.2,1.6,1.8,-3.8,-11.6,0,108300,0,138,0, 
60.1700,5.3,-5.9,0.1,-0.1,2.0,-2.6,-10.0,0,108306,0,139,0, 
60.1733,4.9,-1.4,5.7,-0.7,3.2,-1.3,-7.0,0,108312,0,140,0, 
60.1767,4.5,3.7,11.7,-0.2,4.5,-1.3,-4.3,0,108318,0,141,0, 
60.1800,4.1,6.9,13.9,0.6,4.8,-3.2,-2.9,0,108324,0,142,0, 
60.1833,3.9,6.3,10.6,0.6,3.5,-6.0,-2.6,0,108330,0,143,0, 
60.1867,3.9,2.5,3.8,-0.5,1.6,-7.8,-2.6,0,108336,0,144,0, 
60.1900,4.0,-2.1,-2.1,-2.3,0.6,-6.9,-2.0,0,108342,0,145,0, 
60.1933,4.3,-5.4,-4.0,-3.6,1.4,-2.7,-0.5,0,108348,0,146,0, 
60.1967,4.8,-6.4,-1.7,-3.5,3.4,3.1,1.6,0,108354,0,147,0, 
60.2000,5.8,-5.8,2.1,-1.8,5.3,8.1,4.1,0,108360,0,148,0, 
60.2033,7.4,-4.6,4.8,0.5,5.7,10.0,6.8,0,108366,0,149,0, 
60.2067,9.8,-3.5,5.6,2.2,4.7,8.2,9.4,0,108372,0,150,0, 
60.2100,12.6,-2.2,5.7,2.2,3.2,4.1,11.2,0,108378,0,151,0, 
60.2133,15.3,-0.6,6.4,0.4,2.5,0.6,11.9,0,108384,0,152,0, 
60.2167,17.1,0.9,7.3,-2.2,3.0,-0.3,11.0,0,108390,0,153,0, 
60.2200,17.5,1.3,7.1,-4.2,4.2,1.3,8.9,0,108396,0,154,0, 
60.2233,16.3,0.2,5.2,-4.6,5.1,3.2,6.2,0,108402,0,155,0, 
60.2267,13.9,-2.0,2.6,-3.2,4.9,2.3,3.0,0,108408,0,156,0, 
60.2300,10.9,-4.3,1.6,-1.0,3.5,-2.4,-0.7,0,108414,0,157,0, 
60.2333,7.9,-5.9,3.0,0.6,1.4,-9.6,-5.3,0,108420,0,158,0, 
60.2367,5.2,-6.7,5.3,0.8,-0.7,-15.8,-10.1,0,108426,0,159,0, 
60.2400,2.5,-7.3,5.6,-0.5,-1.7,-17.6,-13.8,0,108432,0,160,0, 
60.2433,-0.1,-8.3,2.1,-2.1,-1.1,-13.7,-14.9,0,108438,0,161,0, 
60.2467,-2.3,-9.3,-3.6,-2.7,0.6,-5.9,-13.1,0,108444,0,162,0, 
60.2500,-3.0,-8.9,-7.6,-1.9,2.3,2.3,-9.7,0,108450,0,163,0, 
60.2533,-1.6,-6.5,-7.0,-0.5,2.4,7.3,-6.8,0,108456,0,164,0, 
60.2567,2.0,-2.2,-2.0,0.4,0.2,7.0,-6.2,0,108462,0,165,0, 
60.2600,6.2,2.3,4.2,0.0,-3.9,1.5,-8.1,0,108468,0,166,0, 
60.2633,8.8,5.4,7.8,-1.4,-8.0,-6.6,-11.0,0,108474,0,167,0, 
60.2667,8.3,5.8,7.4,-2.7,-10.2,-13.6,-13.1,0,108480,0,168,0, 
60.2700,4.7,3.6,4.5,-2.7,-9.7,-16.3,-13.0,0,108486,0,169,0, 
60.2733,0.2,0.2,1.6,-1.4,-7.4,-13.9,-11.0,0,108492,0,170,0, 
60.2767,-2.8,-3.1,-0.2,0.1,-5.2,-8.5,-8.2,0,108498,0,171,0, 
60.2800,-2.9,-5.1,-1.1,0.5,-4.6,-3.8,-5.7,0,108504,0,172,0, 
60.2833,-0.7,-5.6,-2.2,-0.6,-5.7,-2.8,-4.3,0,108510,0,173,0, 
60.2867,1.9,-4.8,-3.0,-2.3,-7.3,-5.3,-3.8,0,108516,0,174,0, 
60.2900,3.1,-3.5,-2.4,-3.3,-8.1,-8.3,-3.4,0,108522,0,175,0, 
60.2933,2.4,-2.2,0.4,-2.8,-7.4,-8.2,-2.5,0,108528,0,176,0, 
60.2967,0.9,-1.3,4.4,-1.0,-5.5,-3.8,-0.7,0,108534,0,177,0, 
60.3000,-0.3,-1.2,6.9,0.7,-3.7,2.3,1.3,0,108540,0,178,0, 
60.3033,-0.9,-1.8,5.9,1.5,-2.9,5.5,2.2,0,108546,0,179,0, 
60.3067,-1.9,-3.0,1.7,1.4,-3.5,3.0,1.0,0,108552,0,180,0, 
60.3100,-4.4,-4.3,-3.3,1.0,-4.9,-4.0,-2.6,0,108558,0,181,0, 
60.3133,-8.4,-5.3,-6.1,1.1,-6.2,-11.4,-7.3,0,108564,0,182,0, 
60.3167,-12.7,-5.6,-5.3,1.7,-6.6,-14.9,-11.5,0,108570,0,183,0, 
60.3200,-15.4,-5.2,-1.7,2.2,-5.7,-13.6,-13.9,0,108576,0,184,0, 
60.3233,-15.4,-4.1,2.2,2.1,-4.0,-10.1,-14.0,0,108582,0,185,0, 
60.3267,-12.8,-2.8,4.1,1.1,-2.2,-7.7,-12.8,0,108588,0,186,0, 
60.3300,-8.9,-1.7,3.3,-0.2,-1.2,-7.5,-11.0,0,108594,0,187,0, 
60.3333,-5.4,-1.3,0.4,-1.1,-1.3,-7.7,-9.0,0,108600,0,188,0, 
60.3367,-3.2,-1.7,-2.9,-1.3,-2.4,-6.0,-6.9,0,108606,0,189,0, 
60.3400,-2.4,-2.7,-4.6,-0.9,-3.8,-2.6,-4.3,0,108612,0,190,0, 
60.3433,-2.3,-3.6,-3.7,-0.3,-5.1,0.0,-1.6,0,108618,0,191,0, 
60.3467,-2.4,-3.4,-0.3,0.4,-6.1,-1.7,0.5,0,108624,0,192,0, 
60.3500,-2.0,-1.7,4.1,1.0,-6.8,-8.0,1.9,0,108630,0,193,0, 
60.3533,-1.1,1.6,7.4,1.5,-7.6,-15.9,2.6,0,108636,0,194,0, 
60.3567,0.2,5.3,7.9,1.7,-8.1,-20.8,3.3,0,108642,0,195,0, 
60.3600,1.2,8.0,5.7,1.6,-8.1,-20.1,4.3,0,108648,0,196,0, 
60.3633,1.1,8.3,2.8,1.3,-7.3,-15.2,5.0,0,108654,0,197,0, 
60.3667,-0.2,6.3,1.3,1.1,-5.7,-9.6,4.6,0,108660,0,198,0, 
60.3700,-2.3,3.2,2.2,1.4,-3.5,-6.1,2.9,0,108666,0,199,0, 
60.3733,-4.0,0.7,4.5,2.2,-1.3,-4.5,0.6,0,108672,0,200,0, 
60.3767,-4.1,-0.2,6.1,3.0,0.5,-2.6,-0.9,0,108678,0,201,0, 
60.3800,-2.6,0.6,5.4,3.1,1.5,1.1,-0.7,0,108684,0,202,0, 
60.3833,-0.2,2.0,2.5,2.4,1.6,6.1,1.2,0,108690,0,203,0, 
60.3867,1.5,2.9,-0.5,1.3,0.7,9.8,3.5,0,108696,0,204,0, 
60.3900,1.6,3.3,-1.6,0.3,-0.9,10.5,5.4,0,108702,0,205,0, 
60.3933,0.2,4.0,-0.1,-0.1,-2.1,9.1,6.7,0,108708,0,206,0, 
60.3967,-1.8,5.8,2.8,0.0,-2.2,8.4,8.2,0,108714,0,207,0, 
60.4000,-3.2,8.2,4.9,0.2,-0.6,11.1,10.4,0,108720,0,208,0, 
60.4033,-3.9,10.1,4.8,0.0,2.0,16.7,12.8,0,108726,0,209,0, 
60.4067,-4.3,10.4,2.9,-0.8,4.3,22.1,14.4,0,108732,0,210,0, 
60.4100,-5.1,8.7,1.2,-2.0,5.0,23.7,13.8,0,108738,0,211,0, 
60.4133,-6.2,6.3,1.5,-2.8,3.7,20.0,11.1,0,108744,0,212,0, 
60.4167,-6.9,4.5,4.0,-3.1,1.3,12.9,7.5,0,108750,0,213,0, 
60.4200,-6.1,4.0,7.1,-2.6,-0.8,6.1,4.6,0,108756,0,214,0, 
60.4233,-3.7,4.4,8.5,-1.7,-1.5,2.6,3.2,0,108762,0,215,0, 
60.4267,-0.3,5.0,7.0,-0.6,-0.7,3.1,3.0,0,108768,0,216,0, 
60.4300,2.9,5.3,4.1,0.3,0.8,5.7,2.9,0,108774,0,217,0, 
60.4333,4.8,5.7,2.5,0.7,1.7,8.1,2.1,0,108780,0,218,0, 
60.4367,5.5,6.3,3.5,0.5,1.7,8.6,0.5,0,108786,0,219,0, 
60.4400,5.3,6.4,5.8,-0.5,1.0,7.1,-1.5,0,108792,0,220,0, 
60.4433,4.7,4.7,5.7,-2.0,0.7,4.8,-3.3,0,108798,0,221,0, 
60.4467,3.5,0.7,1.1,-4.0,1.3,2.8,-4.8,0,108804,0,222,0, 
60.4500,1.6,-4.5,-7.1,-5.8,2.8,1.5,-6.4,0,108810,0,223,0, 
60.4533,-0.9,-8.2,-14.2,-6.7,3.9,0.5,-7.8,0,108816,0,224,0, 
60.4567,-3.1,-8.2,-15.7,-6.5,3.5,-0.9,-8.9,0,108822,0,225,0, 
60.4600,-4.3,-4.6,-10.4,-5.1,1.5,-2.6,-9.0,0,108828,0,226,0, 
60.4633,-3.9,-0.1,-2.1,-3.2,-0.9,-3.9,-8.4,0,108834,0,227,0, 
60.4667,-2.6,2.0,3.3,-1.7,-2.0,-4.0,-7.6,0,108840,0,228,0, 
60.4700,-2.0,-0.1,2.4,-1.1,-0.7,-2.7,-7.6,0,108846,0,229,0, 
60.4733,-2.9,-5.5,-3.8,-1.6,2.5,-0.5,-8.5,0,108852,0,230,0, 
60.4767,-5.5,-11.1,-11.2,-2.5,5.8,1.2,-9.9,0,108858,0,231,0, 
60.4800,-8.7,-14.6,-15.6,-3.3,6.8,1.4,-11.4,0,108864,0,232,0, 
60.4833,-11.0,-15.6,-16.5,-3.4,4.8,0.1,-12.5,0,108870,0,233,0, 
60.4867,-11.7,-15.3,-15.7,-3.1,0.8,-1.9,-13.6,0,108876,0,234,0, 
60.4900,-11.1,-15.2,-15.3,-2.8,-3.0,-3.5,-14.9,0,108882,0,235,0, 
60.4933,-9.9,-15.4,-15.6,-2.6,-4.8,-3.9,-15.9,0,108888,0,236,0, 
60.4967,-9.1,-14.7,-15.0,-2.6,-4.3,-3.6,-15.8,0,108894,0,237,0, 
60.5000,-8.8,-12.2,-12.3,-2.2,-2.5,-3.1,-13.5,0,108900,0,238,0, 
60.5033,-9.0,-8.2,-8.3,-1.2,-0.8,-2.8,-9.0,0,108906,0,239,0, 
60.5067,-9.5,-4.3,-5.0,0.5,0.0,-2.5,-3.8,0,108912,0,240,0, 
60.5100,-10.2,-1.8,-3.7,2.5,0.4,-1.2,0.5,0,108918,0,241,0, 
60.5133,-11.0,-1.2,-3.5,4.0,1.0,1.3,2.4,0,108924,0,242,0, 
60.5167,-11.5,-1.2,-2.8,4.4,2.1,4.4,2.0,0,108930,0,243,0, 
60.5200,-11.1,-0.4,-0.4,3.7,3.0,6.6,0.2,0,108936,0,244,0, 
60.5233,-9.3,1.6,2.8,2.2,2.8,6.4,-1.7,0,108942,0,245,0, 
60.5267,-6.6,3.8,4.8,0.6,1.5,3.8,-3.4,0,108948,0,246,0, 
60.5300,-3.8,4.6,4.1,-0.4,-0.4,0.2,-5.2,0,108954,0,247,0, 
60.5333,-2.0,2.9,1.1,-0.7,-1.5,-2.0,-7.3,0,108960,0,248,0, 
60.5367,-1.4,-1.1,-2.7,-0.4,-1.1,-1.5,-9.3,0,108966,0,249,0, 
60.5400,-1.5,-5.9,-6.0,-0.4,0.5,0.7,-10.5,0,108972,0,250,0, 
60.5433,-1.5,-9.7,-8.5,-1.0,2.0,1.9,-10.2,0,108978,0,251,0, 
60.5467,-1.2,-11.6,-10.1,-2.2,2.6,-0.1,-8.6,0,108984,0,252,0, 
60.5500,-1.8,-11.6,-10.9,-3.1,1.9,-4.9,-6.3,0,108990,0,253,0, 
60.5533,-4.3,-10.8,-9.7,-2.8,1.0,-8.9,-4.3,0,108996,0,254,0, 
60.5567,-9.1,-10.1,-6.1,-1.1,1.0,-8.3,-2.6,0,109002,0,255,0, 
60.5600,-14.5,-9.9,-1.0,1.3,2.3,-2.2,-0.8,0,109008,0,0,0, 
60.5633,-18.0,-10.0,3.3,3.2,4.3,5.8,1.0,0,109014,0,1,0, 
60.5667,-17.7,-10.2,4.0,3.9,5.7,9.7,2.5,0,109020,0,2,0, 
60.5700,-14.0,-10.4,0.4,3.3,5.5,5.7,2.6,0,109026,0,3,0, 
60.5733,-9.6,-11.0,-6.0,2.1,4.3,-4.0,0.7,0,109032,0,4,0, 
60.5767,-7.4,-11.9,-11.7,1.2,3.5,-12.9,-2.1,0,109038,0,5,0, 
60.5800,-8.3,-12.7,-13.6,0.8,4.7,-14.4,-4.0,0,109044,0,6,0, 
60.5833,-10.7,-12.3,-10.9,0.9,7.7,-7.2,-3.2,0,109050,0,7,0, 
60.5867,-11.7,-9.8,-5.2,0.8,10.8,3.6,0.6,0,109056,0,8,0, 
60.5900,-9.3,-5.7,0.4,0.6,11.5,10.3,5.3,0,109062,0,9,0, 
60.5933,-4.3,-1.5,3.2,0.7,8.7,8.6,8.5,0,109068,0,10,0, 
60.5967,0.6,0.9,2.3,1.3,3.4,0.9,8.7,0,109074,0,11,0, 
60.6000,2.8,0.4,-1.4,2.4,-1.7,-5.8,6.7,0,109080,0,12,0, 
60.6033,1.6,-2.0,-5.7,3.3,-4.0,-5.8,4.6,0,109086,0,13,0, 
60.6067,-0.9,-4.2,-8.5,3.4,-2.4,0.9,4.5,0,109092,0,14,0, 
60.6100,-2.2,-4.0,-8.8,2.7,1.4,9.1,6.5,0,109098,0,15,0, 
60.6133,-0.6,-1.2,-6.5,1.7,4.9,12.4,9.0,0,109104,0,16,0, 
60.6167,2.8,3.0,-3.2,0.9,6.1,8.6,9.3,0,109110,0,17,0, 
60.6200,6.0,6.3,-0.5,0.5,4.6,0.5,6.4,0,109116,0,18,0, 
60.6233,7.1,7.4,0.5,0.2,1.9,-6.5,1.1,0,109122,0,19,0, 
60.6267,6.0,6.4,-0.2,-0.7,-0.1,-8.4,-4.2,0,109128,0,20,0, 
60.6300,4.2,4.8,-1.6,-2.4,-0.2,-5.2,-7.0,0,109134,0,21,0, 
60.6333,3.3,4.0,-2.4,-4.2,1.6,0.8,-6.4,0,109140,0,22,0, 
60.6367,4.0,4.4,-1.8,-5.6,4.4,7.0,-2.8,0,109146,0,23,0, 
60.6400,5.9,5.3,-0.4,-5.9,7.0,11.9,2.3,0,109152,0,24,0, 
60.6433,8.0,5.7,0.4,-5.3,8.4,15.4,7.3,0,109158,0,25,0, 
60.6467,9.4,5.4,-0.2,-4.4,8.2,17.2,11.4,0,109164,0,26,0, 
60.6500,10.1,5.3,-2.1,-3.5,6.9,16.5,14.3,0,109170,0,27,0, 
60.6533,10.3,6.4,-3.9,-2.8,5.3,13.2,16.1,0,109176,0,28,0, 
60.6567,10.3,9.1,-4.2,-2.0,4.6,8.7,17.2,0,109182,0,29,0, 
60.6600,10.4,12.3,-2.5,-0.9,4.9,5.5,17.8,0,109188,0,30,0, 
60.6633,10.7,14.6,0.2,0.8,5.6,5.4,18.1,0,109194,0,31,0, 
60.6667,11.1,15.0,2.5,2.7,5.9,8.3,18.2,0,109200,0,32,0, 
60.6700,11.5,13.6,3.5,4.1,5.3,11.9,18.1,0,109206,0,33,0, 
60.6733,11.6,12.0,3.8,4.8,4.5,13.4,17.8,0,109212,0,34,0, 
60.6767,11.1,11.5,4.8,4.5,4.5,11.7,17.4,0,109218,0,35,0, 
60.6800,9.9,12.5,7.4,3.5,5.7,8.2,16.9,0,109224,0,36,0, 
60.6833,8.7,13.9,10.5,2.1,7.4,5.3,16.7,0,109230,0,37,0, 
60.6867,8.1,14.3,11.9,0.7,8.1,5.1,17.0,0,109236,0,38,0, 
60.6900,8.4,12.8,9.7,-0.5,7.0,7.8,17.5,0,109242,0,39,0, 
60.6933,9.3,9.7,4.1,-1.2,4.6,11.8,17.8,0,109248,0,40,1, sound 
60.6967,10.4,6.3,-2.5,-1.4,2.9,14.4,17.0,0,109254,0,41,0, 
60.7000,11.0,3.7,-7.0,-1.3,3.4,13.7,15.0,0,109260,0,42,0, 
60.7033,11.3,2.3,-7.7,-1.1,5.9,9.5,11.9,0,109266,0,43,0, 
60.7067,11.8,2.0,-5.3,-1.1,8.7,4.1,9.0,0,109272,0,44,0, 
60.7100,12.5,2.1,-2.5,-1.6,9.8,1.1,7.5,0,109278,0,45,0, 
60.7133,13.0,2.6,-1.0,-2.7,8.7,3.2,8.1,0,109284,0,46,0, 
60.7167,12.3,3.4,-0.8,-4.1,6.7,10.1,10.5,0,109290,0,47,0, 
60.7200,9.9,4.6,-0.2,-5.3,5.6,18.0,13.1,0,109296,0,48,0, 
60.7233,6.5,5.7,2.2,-5.6,5.8,21.7,14.1,0,109302,0,49,0, 
60.7267,3.4,6.1,5.7,-4.7,6.5,18.0,12.7,0,109308,0,50,0, 
60.7300,2.4,5.8,8.1,-2.8,6.3,8.6,9.7,0,109314,0,51,0, 
60.7333,4.4,5.0,7.5,-0.8,4.6,-0.7,6.9,0,109320,0,52,0, 
60.7367,8.6,4.6,4.3,0.4,2.4,-4.2,5.9,0,109326,0,53,0, 
60.7400,13.4,5.3,1.4,0.4,1.4,-0.7,7.0,0,109332,0,54,0, 
60.7433,17.0,7.0,1.7,0.1,2.3,6.0,9.0,0,109338,0,55,0, 
60.7467,18.5,8.6,5.7,0.7,4.0,9.8,10.4,0,109344,0,56,0, 
60.7500,18.3,9.3,11.0,2.9,4.9,7.7,10.4,0,109350,0,57,0, 
60.7533,17.6,8.8,14.2,6.3,4.0,1.8,9.4,0,109356,0,58,0, 
60.7567,17.7,7.5,13.5,9.4,2.0,-2.4,8.8,0,109362,0,59,0, 
60.7600,19.0,6.6,10.4,10.4,0.5,-0.7,9.5,0,109368,0,60,0, 
60.7633,21.2,7.0,8.0,8.9,1.0,5.8,11.1,0,109374,0,61,0, 
60.7667,23.2,8.6,8.2,5.6,3.4,12.3,12.2,0,109380,0,62,0, 
60.7700,24.3,10.3,10.3,2.5,6.4,14.2,11.8,0,109386,0,63,0, 
60.7733,24.2,11.0,11.9,0.8,8.6,10.9,9.8,0,109392,0,64,0, 
60.7767,23.5,10.1,11.1,1.1,9.5,5.8,7.0,0,109398,0,65,0, 
60.7800,22.5,8.3,8.4,2.3,9.3,3.1,4.6,0,109404,0,66,0, 
60.7833,21.3,6.7,6.2,3.4,8.4,4.2,3.4,0,109410,0,67,0, 
60.7867,19.7,6.3,6.1,3.6,7.3,6.9,3.0,0,109416,0,68,0, 
60.7900,17.4,7.0,7.7,3.2,5.7,7.9,2.7,0,109422,0,69,0, 
60.7933,14.6,7.7,8.8,2.7,3.9,6.1,2.0,0,109428,0,70,0, 
60.7967,11.8,7.0,8.0,2.6,2.4,2.9,0.5,0,109434,0,71,0, 
60.8000,9.6,4.6,5.8,2.8,1.6,0.5,-1.7,0,109440,0,72,0, 
60.8033,8.5,1.2,4.3,3.0,1.6,-0.6,-4.3,0,109446,0,73,0, 
60.8067,8.4,-1.5,5.2,3.3,2.0,-1.7,-7.0,0,109452,0,74,0, 
60.8100,9.1,-2.0,8.0,3.8,2.2,-4.5,-9.0,0,109458,0,75,0, 
60.8133,10.3,0.4,10.8,4.8,2.0,-8.7,-9.8,0,109464,0,76,0, 
60.8167,11.5,4.6,11.9,5.9,1.6,-11.6,-9.0,0,109470,0,77,0, 
60.8200,12.1,8.5,11.2,6.5,1.8,-10.8,-6.8,0,109476,0,78,0, 
60.8233,11.6,10.5,9.9,6.2,2.9,-6.0,-4.0,0,109482,0,79,0, 
60.8267,9.5,9.7,9.0,4.8,4.5,0.3,-1.4,0,109488,0,80,0, 
60.8300,6.0,7.3,8.3,3.0,5.9,4.7,0.7,0,109494,0,81,0, 
60.8333,1.8,5.3,6.6,1.7,6.3,5.3,2.7,0,109500,0,82,0, 
60.8367,-2.0,5.3,3.7,1.0,5.7,3.1,5.3,0,109506,0,83,0, 
60.8400,-4.8,7.7,0.7,0.7,4.7,0.7,8.4,0,109512,0,84,0, 
60.8433,-6.7,10.8,-0.7,0.4,4.5,0.4,11.2,0,109518,0,85,0, 
60.8467,-8.1,12.3,0.3,-0.1,5.7,2.7,12.3,0,109524,0,86,0, 
60.8500,-9.3,10.5,2.6,-0.6,7.9,6.6,11.0,0,109530,0,87,0, 
60.8533,-10.1,5.9,4.1,-0.9,9.8,10.0,7.2,0,109536,0,88,0, 
60.8567,-9.9,0.7,3.7,-0.8,9.9,11.3,2.4,0,109542,0,89,0, 
60.8600,-8.4,-2.7,2.2,-0.8,7.8,9.4,-2.4,0,109548,0,90,0, 
60.8633,-6.2,-3.4,1.1,-1.1,4.1,4.4,-6.1,0,109554,0,91,0, 
60.8667,-4.0,-2.4,1.3,-1.9,0.7,-1.8,-8.8,0,109560,0,92,0, 
60.8700,-2.8,-1.7,2.3,-2.4,-0.9,-6.5,-10.6,0,109566,0,93,0, 
60.8733,-2.9,-2.8,2.3,-2.2,-0.4,-7.5,-11.6,0,109572,0,94,0, 
60.8767,-4.3,-5.8,-0.1,-1.4,1.1,-4.4,-11.8,0,109578,0,95,0, 
60.8800,-6.7,-9.3,-4.4,-0.5,2.0,0.6,-11.3,0,109584,0,96,0, 
60.8833,-9.9,-12.0,-8.8,-0.5,1.6,4.1,-10.8,0,109590,0,97,0, 
60.8867,-13.3,-13.4,-11.4,-1.9,0.4,3.8,-10.7,0,109596,0,98,0, 
60.8900,-16.5,-13.7,-11.5,-4.0,-0.3,0.4,-10.8,0,109602,0,99,0, 
60.8933,-18.5,-13.4,-9.8,-5.9,0.7,-3.1,-10.2,0,109608,0,100,0, 
60.8967,-19.3,-12.6,-8.0,-6.9,2.9,-4.3,-7.8,0,109614,0,101,0, 
60.9000,-19.1,-11.4,-7.4,-7.1,5.2,-2.9,-3.6,0,109620,0,102,0, 
60.9033,-18.9,-9.5,-8.2,-7.0,6.3,-1.2,1.3,0,109626,0,103,0, 
60.9067,-19.0,-6.8,-9.4,-6.9,5.7,-1.8,5.0,0,109632,0,104,0, 
60.9100,-19.5,-3.7,-9.0,-6.8,4.1,-4.8,6.1,0,109638,0,105,0, 
60.9133,-19.3,-0.5,-6.0,-6.3,2.4,-8.2,5.0,0,109644,0,106,0, 
60.9167,-18.2,2.3,-0.9,-5.2,1.5,-9.3,3.0,0,109650,0,107,0, 
60.9200,-16.2,4.1,3.9,-4.0,1.0,-7.5,1.7,0,109656,0,108,0, 
60.9233,-14.5,4.8,6.0,-3.3,0.5,-4.0,2.0,0,109662,0,109,0, 
60.9267,-13.8,4.7,4.4,-3.5,-0.3,-1.2,3.4,0,109668,0,110,0, 
60.9300,-14.0,4.5,0.6,-4.1,-1.3,0.1,4.6,0,109674,0,111,0, 
60.9333,-14.3,4.7,-2.5,-4.2,-2.2,0.4,4.9,0,109680,0,112,0, 
60.9367,-13.6,5.3,-2.6,-3.3,-2.7,0.6,3.9,0,109686,0,113,0, 
60.9400,-11.9,5.6,-0.2,-1.6,-3.1,0.5,1.9,0,109692,0,114,0, 
60.9433,-9.7,4.9,2.3,-0.2,-3.7,-1.3,-0.8,0,109698,0,115,0, 
60.9467,-8.1,3.1,2.7,-0.1,-4.4,-5.3,-3.6,0,109704,0,116,0, 
60.9500,-7.5,1.1,0.9,-1.5,-5.1,-10.4,-6.4,0,109710,0,117,0, 
60.9533,-7.9,-0.2,-0.7,-3.6,-5.4,-14.0,-8.7,0,109716,0,118,0, 
60.9567,-8.8,-0.4,-0.2,-5.2,-5.2,-14.4,-10.2,0,109722,0,119,0, 
60.9600,-10.0,-0.1,2.2,-5.8,-4.6,-12.7,-10.8,0,109728,0,120,0, 
60.9633,-11.4,-0.6,3.5,-5.9,-3.6,-11.5,-10.6,0,109734,0,121,0, 
60.9667,-13.1,-2.5,1.0,-6.2,-2.2,-12.8,-9.8,0,109740,0,122,0, 
60.9700,-15.0,-4.9,-4.9,-7.1,-0.6,-15.7,-8.4,0,109746,0,123,0, 
60.9733,-16.4,-6.0,-10.4,-8.3,1.0,-17.0,-6.2,0,109752,0,124,0, 
60.9767,-17.1,-4.6,-11.1,-8.8,1.8,-14.2,-3.3,0,109758,0,125,0, 
60.9800,-16.9,-1.0,-6.0,-8.3,1.4,-8.0,-0.4,0,109764,0,126,0, 
60.9833,-16.2,2.7,1.6,-6.8,-0.1,-2.5,1.5,0,109770,0,127,0, 
60.9867,-15.6,4.0,5.5,-5.1,-1.9,-1.6,1.6,0,109776,0,128,0, 
60.9900,-16.1,1.8,1.9,-4.2,-2.9,-6.3,-0.3,0,109782,0,129,0, 
60.9933,-18.2,-3.2,-8.0,-4.3,-2.6,-13.5,-3.4,0,109788,0,130,0, 
60.9967,-22.0,-9.1,-18.8,-5.2,-1.5,-18.6,-6.8,0,109794,0,131,0, 
61.0000,-26.7,-13.9,-24.9,-6.2,-1.1,-19.4,-10.1,0,109800,0,132,0, 
61.0033,-30.9,-17.0,-24.3,-6.9,-2.6,-17.3,-13.7,0,109806,0,133,0, 
61.0067,-33.5,-18.9,-19.6,-7.3,-5.8,-16.0,-17.7,0,109812,0,134,0, 
61.0100,-34.0,-20.9,-15.7,-8.0,-9.5,-17.8,-22.1,0,109818,0,135,0, 
61.0133,-33.2,-23.5,-16.1,-9.3,-12.1,-22.2,-26.3,0,109824,0,136,0, 
61.0167,-32.5,-26.8,-20.8,-11.5,-12.8,-26.6,-29.2,0,109830,0,137,0, 
61.0200,-32.8,-30.1,-27.1,-14.4,-12.1,-28.5,-30.5,0,109836,0,138,0, 
61.0233,-33.7,-32.5,-31.9,-17.5,-11.3,-28.0,-30.5,0,109842,0,139,0, 
61.0267,-34.1,-33.7,-34.0,-19.9,-11.3,-27.2,-30.4,0,109848,0,140,0, 
61.0300,-32.7,-33.8,-34.1,-21.1,-11.9,-28.3,-31.0,0,109854,0,141,0, 
61.0333,-29.7,-33.3,-33.4,-20.8,-12.2,-31.3,-32.6,0,109860,0,142,0, 
61.0367,-26.5,-32.6,-32.6,-19.4,-11.4,-34.3,-34.2,0,109866,0,143,0, 
61.0400,-24.6,-32.1,-31.5,-17.8,-10.0,-34.9,-34.8,0,109872,0,144,0, 
61.0433,-24.2,-31.6,-29.3,-17.1,-8.6,-31.7,-33.3,0,109878,0,145,0, 
61.0467,-24.4,-31.2,-26.5,-17.6,-7.5,-25.4,-30.1,0,109884,0,146,0, 
61.0500,-23.7,-30.8,-24.5,-19.2,-6.3,-17.7,-26.3,0,109890,0,147,0, 
61.0533,-21.5,-31.1,-25.2,-21.3,-3.8,-10.3,-23.1,0,109896,0,148,0, 
61.0567,-18.3,-32.3,-29.4,-22.8,0.1,-4.2,-21.4,0,109902,0,149,0, 
61.0600,-15.7,-34.5,-35.8,-23.6,4.3,-0.3,-20.8,0,109908,0,150,0, 
61.0633,-14.7,-36.9,-41.5,-23.7,6.9,0.9,-20.5,0,109914,0,151,0, 
61.0667,-15.1,-38.4,-43.9,-23.6,6.8,-1.1,-19.8,0,109920,0,152,0, 
61.0700,-15.8,-38.3,-42.1,-23.8,4.6,-5.5,-18.9,0,109926,0,153,0, 
61.0733,-15.7,-36.5,-37.8,-24.2,2.7,-10.0,-18.3,0,109932,0,154,0, 
61.0767,-14.8,-33.7,-33.9,-24.8,2.9,-12.2,-18.7,0,109938,0,155,0, 
61.0800,-14.1,-31.2,-32.5,-25.3,5.6,-10.7,-19.5,0,109944,0,156,0, 
61.0833,-14.4,-29.5,-33.4,-25.5,9.2,-6.1,-19.9,0,109950,0,157,0, 
61.0867,-16.1,-28.2,-34.1,-25.4,11.9,-0.6,-18.9,0,109956,0,158,0, 
61.0900,-18.4,-26.4,-31.9,-24.8,13.2,3.3,-16.5,0,109962,0,159,0, 
61.0933,-19.9,-23.5,-26.1,-23.6,14.0,4.7,-13.5,0,109968,0,160,0, 
61.0967,-19.5,-19.5,-18.9,-21.8,15.6,4.8,-11.0,0,109974,0,161,0, 
61.1000,-17.1,-15.7,-14.2,-19.9,18.3,5.1,-9.4,0,109980,0,162,0, 
61.1033,-13.3,-13.3,-14.6,-18.3,21.1,7.1,-8.2,0,109986,0,163,0, 
61.1067,-9.4,-12.7,-19.9,-17.7,22.3,10.6,-6.4,0,109992,0,164,0, 
61.1100,-6.3,-13.3,-26.7,-18.1,21.1,14.3,-4.1,0,109998,0,165,0, 
61.1133,-4.4,-13.4,-30.8,-19.0,18.2,16.6,-2.0,0,110004,0,166,0, 
61.1167,-3.2,-11.9,-29.8,-19.4,15.4,16.5,-1.0,0,110010,0,167,0, 
61.1200,-2.0,-8.8,-24.2,-18.5,14.0,13.9,-1.3,0,110016,0,168,0, 
61.1233,-0.6,-5.0,-17.0,-16.4,14.5,9.8,-2.3,0,110022,0,169,0, 
61.1267,1.1,-2.3,-11.1,-13.8,15.9,5.9,-3.0,0,110028,0,170,0, 
61.1300,2.7,-1.5,-8.5,-12.2,17.2,4.4,-2.8,0,110034,0,171,0, 
61.1333,4.1,-2.6,-9.0,-12.6,17.7,6.7,-2.1,0,110040,0,172,0, 
61.1367,5.4,-4.5,-11.5,-14.9,17.4,12.4,-1.5,0,110046,0,173,0, 
61.1400,6.9,-6.2,-14.1,-17.7,16.6,19.5,-1.3,0,110052,0,174,0, 
61.1433,8.4,-6.7,-15.3,-19.4,16.0,24.7,-0.9,0,110058,0,175,0, 
61.1467,9.7,-6.1,-14.7,-19.0,15.7,25.5,0.5,0,110064,0,176,0, 
61.1500,10.3,-4.9,-12.6,-16.8,15.8,21.5,2.7,0,110070,0,177,0, 
61.1533,10.1,-3.8,-10.4,-14.3,15.8,14.7,4.7,0,110076,0,178,0, 
61.1567,9.4,-3.1,-9.5,-13.1,15.4,8.3,5.2,0,110082,0,179,0, 
61.1600,8.7,-2.8,-10.4,-13.5,14.5,5.0,4.2,0,110088,0,180,0, 
61.1633,8.5,-2.5,-12.1,-14.9,13.3,5.3,2.5,0,110094,0,181,0, 
61.1667,8.7,-2.0,-13.1,-15.6,12.6,7.8,1.9,0,110100,0,182,0, 
61.1700,9.3,-1.3,-12.4,-14.8,12.9,10.1,2.9,0,110106,0,183,0, 
61.1733,10.3,-0.4,-10.4,-12.8,14.4,10.5,5.0,0,110112,0,184,0, 
61.1767,12.0,0.2,-8.7,-10.8,16.5,8.9,7.1,0,110118,0,185,0, 
61.1800,14.4,0.5,-8.9,-9.9,18.1,6.9,8.3,0,110124,0,186,0, 
61.1833,17.2,1.1,-11.1,-10.7,18.6,6.2,8.8,0,110130,0,187,0, 
61.1867,20.0,2.2,-13.5,-12.4,18.2,7.4,9.4,0,110136,0,188,0, 
61.1900,22.0,4.2,-14.0,-13.9,17.5,9.6,10.6,0,110142,0,189,0, 
61.1933,23.2,6.5,-11.6,-14.1,17.0,11.3,12.2,0,110148,0,190,0, 
61.1967,23.6,8.3,-7.5,-12.8,16.8,11.8,13.2,0,110154,0,191,0, 
61.2000,23.4,8.5,-4.0,-10.7,16.4,11.9,13.1,0,110160,0,192,0, 
61.2033,22.5,6.8,-3.2,-8.7,15.3,13.3,12.0,0,110166,0,193,0, 
61.2067,20.8,3.8,-5.9,-8.0,13.7,16.2,10.4,0,110172,0,194,0, 
61.2100,18.4,0.7,-10.8,-8.8,11.8,19.3,8.8,0,110178,0,195,0, 
61.2133,16.0,-1.4,-15.7,-10.6,10.2,19.8,7.0,0,110184,0,196,0, 
61.2167,14.4,-1.9,-18.0,-12.4,9.0,16.0,4.7,0,110190,0,197,0, 
61.2200,14.0,-1.2,-16.6,-12.8,8.0,9.2,2.4,0,110196,0,198,0, 
61.2233,14.6,0.1,-11.8,-11.3,7.2,2.9,1.0,0,110202,0,199,0, 
61.2267,15.5,1.2,-5.8,-8.6,6.6,0.5,1.5,0,110208,0,200,0, 
61.2300,15.9,1.4,-1.4,-6.3,6.3,2.9,3.9,0,110214,0,201,0, 
61.2333,15.7,0.8,-0.8,-5.5,6.7,7.7,7.0,0,110220,0,202,0, 
61.2367,15.0,0.1,-3.7,-6.3,7.4,11.4,9.5,0,110226,0,203,0, 
61.2400,14.2,0.3,-7.6,-7.4,8.0,12.1,10.4,0,110232,0,204,0, 
61.2433,13.4,2.2,-9.0,-7.7,8.1,10.6,10.2,0,110238,0,205,0, 
61.2467,12.4,5.7,-6.1,-6.3,7.6,9.0,10.0,0,110244,0,206,0, 
61.2500,10.9,9.9,-0.2,-4.0,7.3,8.8,10.4,0,110250,0,207,0, 
61.2533,8.9,13.2,5.1,-1.9,7.6,9.4,11.2,0,110256,0,208,0, 
61.2567,7.0,14.6,6.6,-0.7,8.5,9.2,11.2,0,110262,0,209,0, 
61.2600,5.5,14.0,3.8,-0.3,9.2,7.0,10.0,0,110268,0,210,0, 
61.2633,4.6,12.2,-0.6,0.0,8.6,4.0,8.2,0,110274,0,211,0, 
61.2667,3.7,10.0,-2.9,0.8,6.5,1.9,6.9,0,110280,0,212,0, 
61.2700,2.4,8.2,-1.9,1.7,3.7,2.2,7.2,0,110286,0,213,0, 
61.2733,0.2,6.5,1.0,2.0,1.6,4.5,8.9,0,110292,0,214,0, 
61.2767,-2.5,4.9,2.9,1.1,1.6,6.8,10.5,0,110298,0,215,0, 
61.2800,-5.0,3.5,2.0,-0.8,3.6,7.6,10.7,0,110304,0,216,0, 
61.2833,-6.8,2.6,-0.6,-2.8,6.2,6.6,8.9,0,110310,0,217,0, 
61.2867,-7.9,2.6,-2.8,-4.1,7.3,4.8,6.1,0,110316,0,218,0, 
61.2900,-8.5,3.3,-3.1,-4.5,6.1,3.2,3.7,0,110322,0,219,0, 
61.2933,-9.0,4.0,-2.2,-4.1,3.2,2.2,3.0,0,110328,0,220,0, 
61.2967,-9.3,4.0,-1.9,-3.5,0.6,1.8,4.0,0,110334,0,221,0, 
61.3000,-8.9,3.4,-3.3,-2.9,-0.2,1.6,5.8,0,110340,0,222,0, 
61.3033,-7.4,2.7,-5.1,-2.4,0.8,1.6,7.5,0,110346,0,223,0, 
61.3067,-5.3,2.7,-5.5,-2.0,2.3,1.6,8.7,0,110352,0,224,0, 
61.3100,-3.3,3.5,-3.7,-1.8,2.7,1.8,9.5,0,110358,0,225,0, 
61.3133,-2.2,4.7,-0.6,-1.7,1.6,1.7,10.3,0,110364,0,226,0, 
61.3167,-2.1,5.6,1.6,-1.7,0.0,1.4,11.3,0,110370,0,227,0, 
61.3200,-2.1,6.2,2.1,-1.6,-0.6,1.5,12.4,0,110376,0,228,0, 
61.3233,-1.3,6.8,1.8,-1.5,0.7,2.6,13.5,0,110382,0,229,0, 
61.3267,0.8,7.7,2.0,-1.6,3.2,5.2,14.5,0,110388,0,230,0, 
61.3300,3.7,8.8,3.3,-2.2,5.6,8.9,15.7,0,110394,0,231,0, 
61.3333,6.1,9.7,4.0,-3.1,6.4,13.1,17.2,0,110400,0,232,0, 
61.3367,6.8,10.2,2.8,-3.7,5.4,16.4,18.7,0,110406,0,233,0, 
61.3400,5.8,10.4,-0.3,-3.2,3.8,17.9,19.4,0,110412,0,234,0, 
61.3433,4.3,10.6,-2.9,-1.7,2.8,16.9,18.5,0,110418,0,235,0, 
61.3467,3.3,10.9,-1.8,0.1,3.3,13.5,16.1,0,110424,0,236,0, 
61.3500,3.2,11.0,3.4,1.0,5.2,8.8,12.9,0,110430,0,237,0, 
61.3533,3.7,10.6,10.2,0.5,7.7,4.2,10.0,0,110436,0,238,0, 
61.3567,3.9,9.7,14.0,-1.0,9.5,1.5,8.4,0,110442,0,239,0, 
61.3600,3.5,8.6,12.1,-2.5,10.1,1.2,8.2,0,110448,0,240,0, 
61.3633,2.8,8.0,5.4,-2.9,9.2,2.3,8.6,0,110454,0,241,0, 
61.3667,2.5,7.8,-2.4,-2.3,7.5,3.3,8.5,0,110460,0,242,0, 
61.3700,2.7,7.3,-7.4,-1.4,5.9,2.9,7.0,0,110466,0,243,0, 
61.3733,3.0,5.9,-8.1,-1.1,5.1,1.1,4.3,0,110472,0,244,0, 
61.3767,3.2,3.8,-5.6,-1.3,5.0,-0.4,1.6,0,110478,0,245,0, 
61.3800,3.1,2.4,-1.8,-1.3,5.6,-0.1,0.1,0,110484,0,246,0, 
61.3833,3.2,3.2,1.8,-0.2,6.3,2.6,0.6,0,110490,0,247,0, 
61.3867,3.9,6.4,5.0,2.0,7.0,6.4,2.6,0,110496,0,248,0, 
61.3900,5.2,10.5,7.5,4.3,8.0,8.8,4.8,0,110502,0,249,0, 
61.3933,6.2,13.2,8.5,5.2,9.7,7.7,5.6,0,110508,0,250,0, 
61.3967,6.0,12.7,7.5,4.3,12.0,3.6,4.6,0,110514,0,251,0, 
61.4000,4.5,9.7,4.7,2.4,14.2,-1.4,2.4,0,110520,0,252,0, 
61.4033,2.2,6.2,1.8,1.0,15.1,-3.8,0.8,0,110526,0,253,0, 
61.4067,0.6,4.5,0.6,1.2,14.1,-2.0,1.2,0,110532,0,254,0, 
61.4100,0.9,5.3,1.9,2.7,11.3,3.2,3.6,0,110538,0,255,0, 
61.4133,3.2,7.6,4.9,4.2,7.8,8.6,7.0,0,110544,0,0,0, 
61.4167,6.6,9.9,8.1,4.5,5.2,11.4,10.0,0,110550,0,1,0, 
61.4200,9.8,11.3,10.5,3.4,4.5,11.0,11.9,0,110556,0,2,0, 
61.4233,11.7,11.8,11.8,1.7,5.7,10.0,13.1,0,110562,0,3,0, 
61.4267,11.9,11.8,11.4,0.7,8.1,11.1,14.3,0,110568,0,4,0, 
61.4300,11.1,11.3,8.7,1.1,10.3,15.1,15.6,0,110574,0,5,0, 
61.4333,10.1,9.8,3.6,2.4,11.6,19.6,16.4,0,110580,0,6,0, 
61.4367,9.4,7.0,-2.2,3.5,11.6,20.4,15.8,0,110586,0,7,0, 
61.4400,8.5,4.0,-5.6,3.7,10.6,15.7,13.8,0,110592,0,8,0, 
61.4433,6.9,2.1,-4.1,2.9,9.1,7.9,11.2,0,110598,0,9,0, 
61.4467,4.4,2.2,1.9,1.5,7.7,2.4,9.5,0,110604,0,10,0, 
61.4500,1.8,3.6,8.4,0.0,6.5,2.9,9.4,0,110610,0,11,0, 
61.4533,0.0,4.7,10.5,-1.4,5.6,8.8,10.3,0,110616,0,12,0, 
61.4567,-0.2,4.0,6.4,-2.7,5.1,14.6,10.8,0,110622,0,13,0, 
61.4600,0.6,1.6,-1.2,-4.1,5.0,14.9,10.0,0,110628,0,14,0, 
61.4633,0.6,-0.9,-7.5,-5.4,5.2,8.2,8.3,0,110634,0,15,0, 
61.4667,-1.6,-2.1,-9.0,-6.4,5.3,-1.3,6.5,0,110640,0,16,0, 
61.4700,-6.5,-2.0,-6.7,-6.9,4.8,-7.9,4.7,0,110646,0,17,0, 
61.4733,-12.7,-2.4,-4.3,-6.8,3.2,-8.8,2.5,0,110652,0,18,0, 
61.4767,-17.9,-4.9,-4.6,-6.2,0.3,-6.1,-1.3,0,110658,0,19,0, 
61.4800,-20.6,-9.7,-7.2,-5.0,-3.4,-4.3,-6.7,0,110664,0,20,0, 
61.4833,-20.9,-14.8,-9.3,-3.5,-6.9,-6.1,-12.2,0,110670,0,21,0, 
61.4867,-20.1,-17.7,-8.4,-1.9,-9.3,-10.0,-15.8,0,110676,0,22,0, 
61.4900,-19.8,-17.3,-5.6,-0.8,-10.1,-12.4,-16.0,0,110682,0,23,0, 
61.4933,-20.5,-14.7,-4.0,-0.3,-10.0,-11.0,-13.5,0,110688,0,24,0, 
61.4967,-21.8,-12.3,-6.2,-0.4,-10.0,-7.7,-10.6,0,110694,0,25,0, 
61.5000,-23.0,-12.1,-11.6,-0.5,-11.1,-6.5,-9.7,0,110700,0,26,0, 
61.5033,-24.3,-14.5,-17.0,-0.2,-13.4,-10.2,-11.6,0,110706,0,27,0, 
61.5067,-26.6,-18.2,-19.4,0.4,-16.2,-17.6,-15.4,0,110712,0,28,0, 
61.5100,-30.2,-21.8,-18.3,0.9,-18.2,-24.9,-19.4,0,110718,0,29,0, 
61.5133,-34.9,-24.3,-16.0,1.0,-19.1,-28.9,-22.7,0,110724,0,30,0, 
61.5167,-39.3,-26.0,-14.7,0.7,-19.5,-29.0,-25.1,0,110730,0,31,0, 
61.5200,-42.3,-27.0,-15.3,0.5,-20.3,-27.7,-26.9,0,110736,0,32,0, 
61.5233,-43.4,-27.3,-16.3,0.9,-22.2,-27.4,-28.2,0,110742,0,33,0, 
61.5267,-43.5,-27.0,-16.3,1.8,-24.6,-28.6,-28.8,0,110748,0,34,0, 
61.5300,-43.8,-26.2,-15.3,2.5,-26.0,-30.0,-28.6,0,110754,0,35,0, 
61.5333,-45.1,-25.4,-14.6,2.5,-25.7,-30.5,-28.4,0,110760,0,36,0, 
61.5367,-47.2,-25.1,-14.8,1.8,-24.1,-30.6,-29.0,0,110766,0,37,0, 
61.5400,-49.2,-25.7,-15.1,1.2,-23.3,-31.7,-31.0,0,110772,0,38,0, 
61.5433,-50.3,-26.5,-13.8,1.7,-24.8,-34.6,-33.7,0,110778,0,39,0, 
61.5467,-50.2,-27.4,-10.5,3.2,-28.9,-38.6,-36.3,0,110784,0,40,0, 
61.5500,-48.9,-28.5,-6.9,5.2,-34.0,-41.8,-38.0,0,110790,0,41,0, 
61.5533,-47.3,-30.1,-6.5,6.3,-37.8,-42.7,-39.1,0,110796,0,42,0, 
61.5567,-46.1,-32.6,-11.2,5.9,-39.0,-41.7,-40.0,0,110802,0,43,0, 
61.5600,-46.3,-35.4,-19.7,4.2,-38.0,-40.5,-41.4,0,110808,0,44,0, 
61.5633,-48.1,-37.2,-27.4,2.4,-36.4,-40.7,-42.9,0,110814,0,45,0, 
61.5667,-51.2,-37.0,-30.0,1.3,-35.5,-42.6,-43.8,0,110820,0,46,0, 
61.5700,-53.8,-34.6,-25.8,1.5,-35.1,-44.7,-43.8,0,110826,0,47,0, 
61.5733,-54.4,-30.9,-17.2,2.5,-34.3,-45.0,-43.0,0,110832,0,48,0, 
61.5767,-51.7,-27.1,-8.4,3.9,-32.5,-42.3,-42.0,0,110838,0,49,0, 
61.5800,-46.2,-23.6,-3.1,5.3,-30.2,-37.3,-40.8,0,110844,0,50,0, 
61.5833,-39.3,-20.1,-1.9,6.4,-28.7,-32.0,-38.9,0,110850,0,51,0, 
61.5867,-33.1,-16.2,-3.2,7.0,-28.7,-28.6,-36.0,0,110856,0,52,0, 
61.5900,-28.7,-11.7,-4.1,7.0,-29.5,-27.9,-31.8,0,110862,0,53,0, 
61.5933,-26.4,-7.8,-3.3,6.4,-29.5,-29.0,-27.2,0,110868,0,54,0, 
61.5967,-25.1,-5.5,-1.0,5.5,-27.6,-29.4,-23.3,0,110874,0,55,0, 
61.6000,-24.2,-5.6,1.3,5.1,-24.3,-27.0,-20.7,0,110880,0,56,0, 
61.6033,-23.2,-7.2,2.3,5.6,-21.1,-21.9,-19.1,0,110886,0,57,0, 
61.6067,-22.2,-8.6,2.2,6.8,-19.4,-15.9,-17.4,0,110892,0,58,0, 
61.6100,-21.3,-7.9,2.3,8.3,-19.2,-11.9,-14.8,0,110898,0,59,0, 
61.6133,-20.5,-4.5,4.3,9.4,-19.4,-10.9,-11.6,0,110904,0,60,0, 
61.6167,-19.5,0.6,9.0,10.0,-18.8,-12.1,-8.5,0,110910,0,61,0, 
61.6200,-18.3,5.4,15.2,10.9,-17.5,-13.3,-7.0,0,110916,0,62,0, 
61.6233,-16.9,7.8,20.5,12.4,-16.5,-13.1,-7.6,0,110922,0,63,0, 
61.6267,-15.6,7.2,22.6,14.6,-16.7,-12.4,-9.9,0,110928,0,64,0, 
61.6300,-14.7,4.8,20.6,16.6,-17.8,-12.8,-12.5,0,110934,0,65,0, 
61.6333,-14.3,2.3,16.1,17.2,-18.3,-15.2,-13.7,0,110940,0,66,0, 
61.6367,-14.3,1.4,11.4,16.0,-17.3,-18.0,-12.7,0,110946,0,67,0, 
61.6400,-14.4,2.0,8.6,13.8,-15.0,-18.0,-9.6,0,110952,0,68,0, 
61.6433,-14.3,3.1,7.7,11.5,-12.7,-13.5,-5.8,0,110958,0,69,0, 
61.6467,-13.9,3.2,7.7,10.3,-11.7,-5.7,-3.0,0,110964,0,70,0, 
61.6500,-13.5,1.8,7.3,10.2,-11.9,1.4,-2.0,0,110970,0,71,0, 
61.6533,-13.2,-0.1,7.2,10.7,-11.9,3.9,-2.6,0,110976,0,72,0, 
61.6567,-13.2,-0.7,8.8,11.5,-10.5,0.7,-3.9,0,110982,0,73,0, 
61.6600,-13.2,0.8,13.1,12.5,-8.1,-6.1,-4.5,0,110988,0,74,0, 
61.6633,-12.4,3.8,19.1,13.6,-6.5,-12.9,-4.3,0,110994,0,75,0, 
61.6667,-10.1,6.8,23.5,14.8,-7.4,-16.9,-3.5,0,111000,0,76,0, 
61.6700,-6.4,8.4,23.1,15.5,-10.8,-17.7,-2.8,0,111006,0,77,0, 
61.6733,-2.1,8.7,17.7,15.3,-14.3,-16.0,-2.6,0,111012,0,78,0, 
61.6767,1.0,8.4,10.1,14.4,-15.3,-13.0,-2.3,0,111018,0,79,0, 
61.6800,1.6,8.5,4.9,13.3,-12.7,-9.3,-1.3,0,111024,0,80,0, 
61.6833,-0.2,8.9,5.0,12.8,-8.0,-5.5,0.5,0,111030,0,81,0, 
61.6867,-3.0,9.2,9.8,13.3,-4.2,-2.3,2.7,0,111036,0,82,0, 
61.6900,-5.1,9.1,15.8,14.1,-3.3,-0.8,4.7,0,111042,0,83,0, 
61.6933,-5.1,9.2,19.0,14.5,-5.0,-1.5,6.0,0,111048,0,84,0, 
61.6967,-3.0,10.5,18.3,14.3,-7.4,-3.1,6.9,0,111054,0,85,0, 
61.7000,-0.1,13.5,15.1,13.6,-8.3,-3.4,7.8,0,111060,0,86,0, 
61.7033,2.5,17.5,12.6,13.2,-7.5,-1.2,9.3,0,111066,0,87,0, 
61.7067,4.2,20.6,13.1,13.5,-5.9,3.1,11.1,0,111072,0,88,0, 
61.7100,5.1,21.4,16.4,14.4,-5.1,7.0,12.6,0,111078,0,89,0, 
61.7133,5.8,19.7,20.3,15.2,-5.5,8.2,13.1,0,111084,0,90,0, 
61.7167,6.7,16.3,22.3,15.8,-6.3,6.1,12.4,0,111090,0,91,0, 
61.7200,8.2,12.9,21.5,15.8,-6.3,2.3,10.9,0,111096,0,92,0, 
61.7233,10.0,10.7,18.9,15.8,-5.5,-0.2,9.4,0,111102,0,93,0, 
61.7267,11.5,10.1,16.7,15.7,-4.5,0.6,8.6,0,111108,0,94,0, 
61.7300,12.1,10.9,16.7,15.6,-4.4,4.5,8.7,0,111114,0,95,0, 
61.7333,11.6,12.4,18.7,15.2,-5.3,9.3,9.4,0,111120,0,96,0, 
61.7367,10.1,13.7,20.8,14.2,-6.5,12.3,10.1,0,111126,0,97,0, 
61.7400,8.4,14.1,20.4,12.7,-6.9,12.2,10.0,0,111132,0,98,0, 
61.7433,7.4,12.9,16.6,11.1,-6.0,9.6,8.8,0,111138,0,99,0, 
61.7467,7.6,10.6,10.8,10.0,-4.4,6.3,6.7,0,111144,0,100,0, 
61.7500,9.0,8.3,6.7,9.8,-3.2,4.2,4.5,0,111150,0,101,0, 
61.7533,10.9,7.5,7.0,10.5,-3.1,4.1,3.3,0,111156,0,102,0, 
61.7567,12.6,9.6,12.2,12.3,-3.7,5.8,4.0,0,111162,0,103,0, 
61.7600,14.0,14.3,19.7,14.6,-4.4,8.2,6.7,0,111168,0,104,0, 
61.7633,15.3,20.3,26.1,16.9,-4.3,10.4,11.0,0,111174,0,105,0, 
61.7667,16.8,25.8,28.8,18.5,-3.6,11.7,15.5,0,111180,0,106,0, 
61.7700,18.5,29.2,27.8,18.9,-2.9,12.2,18.9,0,111186,0,107,0, 
61.7733,20.1,30.2,24.9,18.0,-2.7,12.4,20.3,0,111192,0,108,0, 
61.7767,21.2,28.8,21.6,15.9,-3.1,12.8,19.5,0,111198,0,109,0, 
61.7800,22.1,25.7,18.7,13.1,-3.6,13.6,17.0,0,111204,0,110,0, 
61.7833,22.7,21.7,15.9,10.1,-3.5,14.7,13.6,0,111210,0,111,0, 
61.7867,22.8,17.5,13.0,7.4,-2.4,15.5,9.9,0,111216,0,112,0, 
61.7900,21.6,13.7,10.3,5.5,-0.8,15.3,6.6,0,111222,0,113,0, 
61.7933,18.5,10.7,8.2,4.6,0.5,13.8,3.9,0,111228,0,114,0, 
61.7967,13.7,8.8,7.0,4.8,0.6,11.6,2.3,0,111234,0,115,0, 
61.8000,8.7,8.1,6.1,5.8,-0.8,9.4,2.4,0,111240,0,116,0, 
61.8033,5.7,8.9,5.7,6.7,-3.1,7.5,4.0,0,111246,0,117,0, 
61.8067,5.8,11.0,5.9,6.8,-5.5,5.8,6.5,0,111252,0,118,0, 
61.8100,8.7,13.8,7.0,5.8,-6.8,3.6,8.5,0,111258,0,119,0, 
61.8133,12.8,16.3,8.4,3.9,-6.4,0.6,9.0,0,111264,0,120,0, 
61.8167,16.1,17.0,8.8,2.0,-4.8,-2.0,7.6,0,111270,0,121,0, 
61.8200,17.4,15.5,7.3,1.1,-2.8,-2.8,5.4,0,111276,0,122,0, 
61.8233,16.9,12.5,4.5,1.5,-1.2,-0.5,3.8,0,111282,0,123,0, 
61.8267,15.5,9.4,2.8,3.1,-0.7,4.1,3.8,0,111288,0,124,0, 
61.8300,14.0,7.7,4.0,4.7,-0.9,8.9,5.2,0,111294,0,125,0, 
61.8333,12.8,7.6,7.4,5.5,-1.3,11.2,6.8,0,111300,0,126,0, 
61.8367,11.6,8.0,10.0,5.1,-1.4,10.2,6.9,0,111306,0,127,0, 
61.8400,10.4,7.7,8.5,4.1,-1.0,6.6,5.3,0,111312,0,128,0, 
61.8433,9.1,6.3,2.7,3.4,-0.2,2.4,2.6,0,111318,0,129,0, 
61.8467,8.1,4.8,-4.1,3.8,0.5,-0.6,0.5,0,111324,0,130,0, 
61.8500,7.9,4.9,-7.4,5.4,0.7,-2.1,0.3,0,111330,0,131,0, 
61.8533,8.8,7.0,-4.8,7.2,0.3,-2.9,2.3,0,111336,0,132,0, 
61.8567,10.6,10.2,1.5,8.2,-0.8,-3.6,5.6,0,111342,0,133,0, 
61.8600,12.7,12.5,7.1,8.2,-2.2,-4.6,8.6,0,111348,0,134,0, 
61.8633,14.4,12.8,8.7,7.6,-3.3,-5.3,10.4,0,111354,0,135,0, 
61.8667,15.1,11.4,6.4,7.3,-3.8,-5.3,10.9,0,111360,0,136,0, 
61.8700,14.8,9.9,3.6,7.9,-3.6,-4.2,10.8,0,111366,0,137,0, 
61.8733,14.0,9.9,3.6,9.0,-2.8,-2.5,11.0,0,111372,0,138,0, 
61.8767,13.5,11.7,6.7,9.5,-1.9,-0.7,12.1,0,111378,0,139,0, 
61.8800,13.9,14.3,10.7,8.7,-1.1,1.0,14.0,0,111384,0,140,0, 
61.8833,14.9,16.4,12.3,6.9,-0.3,2.4,16.0,0,111390,0,141,0, 
61.8867,15.6,17.2,10.5,5.1,0.9,4.2,17.5,0,111396,0,142,0, 
61.8900,15.3,16.9,7.0,4.4,2.6,6.9,17.8,0,111402,0,143,0, 
61.8933,13.4,15.8,4.3,4.7,4.2,10.6,16.8,0,111408,0,144,0, 
61.8967,10.5,14.2,3.7,5.2,4.9,14.1,14.3,0,111414,0,145,0, 
61.9000,6.9,11.5,4.7,5.2,4.0,15.1,10.9,0,111420,0,146,0, 
61.9033,3.6,7.6,5.7,4.5,1.8,11.9,6.8,0,111426,0,147,0, 
61.9067,0.9,2.8,5.6,3.8,-0.7,4.8,2.8,0,111432,0,148,0, 
61.9100,-0.5,-1.7,4.6,4.1,-2.5,-3.2,-0.1,0,111438,0,149,0, 
61.9133,-0.1,-4.4,3.7,5.5,-3.1,-7.7,-0.9,0,111444,0,150,0, 
61.9167,2.3,-4.4,3.6,7.2,-2.8,-6.2,0.5,0,111450,0,151,0, 
61.9200,6.0,-1.9,4.3,7.8,-2.2,0.3,3.8,0,111456,0,152,0, 
61.9233,9.9,2.1,5.1,7.0,-1.3,7.6,7.8,0,111462,0,153,0, 
61.9267,12.6,6.2,5.5,5.2,0.0,11.4,11.2,0,111468,0,154,0, 
61.9300,13.7,9.9,6.1,4.0,2.1,10.0,13.3,0,111474,0,155,0, 
61.9333,13.7,13.1,7.8,4.3,4.3,5.9,14.4,0,111480,0,156,0, 
61.9367,14.1,16.1,11.6,6.0,5.5,2.9,15.4,0,111486,0,157,0, 
61.9400,15.4,18.7,16.8,8.2,5.0,3.5,16.6,0,111492,0,158,0, 
61.9433,17.0,20.1,21.2,9.5,3.2,6.6,17.9,0,111498,0,159,0, 
61.9467,17.1,19.3,21.9,9.4,1.7,8.6,17.9,0,111504,0,160,0, 
61.9500,14.6,15.5,17.3,8.1,1.8,6.7,15.5,0,111510,0,161,0, 
61.9533,9.8,9.5,8.6,6.2,3.5,0.9,10.7,0,111516,0,162,0, 
61.9567,4.8,3.3,-0.4,4.4,5.4,-5.9,4.8,0,111522,0,163,0, 
61.9600,1.7,-0.7,-5.5,3.0,5.7,-10.2,-0.1,0,111528,0,164,0, 
61.9633,1.2,-1.2,-4.4,1.9,3.9,-9.9,-2.5,0,111534,0,165,0, 
61.9667,2.4,1.1,1.2,0.9,1.4,-6.4,-2.3,0,111540,0,166,0, 
61.9700,3.3,3.8,7.2,0.2,0.1,-2.7,-1.3,0,111546,0,167,0, 
61.9733,2.6,4.8,9.7,0.0,1.2,-2.0,-1.3,0,111552,0,168,0, 
61.9767,1.3,3.6,7.7,0.8,3.7,-4.9,-2.8,0,111558,0,169,0, 
61.9800,0.9,1.6,3.6,2.6,5.3,-9.1,-4.6,0,111564,0,170,0, 
61.9833,2.8,1.2,1.1,5.1,4.4,-10.7,-4.2,0,111570,0,171,0, 
61.9867,6.6,3.6,2.0,7.4,1.4,-7.4,-0.3,0,111576,0,172,0, 
61.9900,10.2,7.9,5.7,9.1,-1.8,-0.1,5.9,0,111582,0,173,0, 
61.9933,11.7,12.0,9.4,9.6,-3.2,7.1,11.8,0,111588,0,174,0, 
61.9967,10.4,14.0,11.1,9.1,-2.1,9.8,14.5,0,111594,0,175,0, 
62.0000,7.6,13.5,10.3,8.2,0.2,6.3,13.2,0,111600,0,176,0, 
62.0033,5.2,11.4,8.4,7.3,2.1,0.1,9.6,0,111606,0,177,0, 
62.0067,4.3,9.1,6.7,6.9,2.5,-3.4,6.5,0,111612,0,178,0, 
62.0100,4.8,7.2,5.8,6.7,1.8,-0.4,5.7,0,111618,0,179,0, 
62.0133,5.3,5.5,5.6,6.4,1.2,7.4,6.7,0,111624,0,180,0, 
62.0167,4.8,3.3,5.4,5.5,1.3,14.1,7.4,0,111630,0,181,0, 
62.0200,3.2,0.7,4.9,3.7,1.7,13.6,6.0,0,111636,0,182,0, 
62.0233,1.4,-1.6,3.7,1.6,1.8,5.4,2.4,0,111642,0,183,0, 
62.0267,0.9,-2.8,1.6,-0.5,1.4,-5.1,-1.5,0,111648,0,184,0, 
62.0300,2.3,-2.2,-0.8,-1.7,1.1,-10.2,-3.3,0,111654,0,185,0, 
62.0333,5.8,0.2,-2.3,-1.9,2.0,-6.3,-1.5,0,111660,0,186,0, 
62.0367,10.2,3.6,-1.1,-1.1,4.1,4.0,2.9,0,111666,0,187,0, 
62.0400,14.4,7.1,4.0,0.4,6.5,13.3,7.7,0,111672,0,188,0, 
62.0433,17.3,9.7,11.5,2.0,7.8,15.9,10.2,0,111678,0,189,0, 
62.0467,18.4,10.6,18.2,3.4,7.2,11.7,9.4,0,111684,0,190,0, 
62.0500,18.1,9.9,20.6,4.7,5.3,5.7,6.3,0,111690,0,191,0, 
62.0533,17.1,8.3,17.6,5.8,4.0,3.4,3.2,0,111696,0,192,0, 
62.0567,16.1,6.8,11.0,6.8,4.5,6.4,1.9,0,111702,0,193,0, 
62.0600,15.0,6.2,4.8,7.3,6.8,11.8,3.0,0,111708,0,194,0, 
62.0633,13.6,6.4,1.6,7.0,9.3,15.0,5.2,0,111714,0,195,0, 
62.0667,11.3,6.7,1.7,6.0,10.0,14.0,6.6,0,111720,0,196,0, 
62.0700,8.3,6.2,3.3,4.9,8.3,10.2,6.2,0,111726,0,197,0, 
62.0733,5.5,5.1,4.6,4.3,5.0,6.3,4.1,0,111732,0,198,0, 
62.0767,3.8,4.3,5.6,4.6,2.2,4.0,1.7,0,111738,0,199,0, 
62.0800,3.7,5.2,7.5,5.4,1.0,2.7,0.2,0,111744,0,200,0, 
62.0833,4.9,7.9,10.6,6.2,1.3,1.4,0.2,0,111750,0,201,0, 
62.0867,6.6,11.1,13.6,6.1,1.9,0.2,1.3,0,111756,0,202,0, 
62.0900,8.1,13.3,14.2,5.1,1.7,0.7,2.4,0,111762,0,203,0, 
62.0933,9.7,13.5,11.5,3.9,0.8,4.0,3.1,0,111768,0,204,0, 
62.0967,11.6,12.4,7.5,3.4,0.2,8.8,3.7,0,111774,0,205,0, 
62.1000,14.0,11.4,5.6,4.2,0.7,12.1,4.4,0,111780,0,206,0, 
62.1033,16.2,11.3,8.0,5.8,2.5,11.6,5.3,0,111786,0,207,0, 
62.1067,17.1,11.6,13.3,7.3,4.6,8.0,5.9,0,111792,0,208,0, 
62.1100,15.9,11.0,17.2,7.6,6.2,4.5,5.5,0,111798,0,209,0, 
62.1133,13.2,8.6,16.1,6.4,6.8,4.1,3.7,0,111804,0,210,0, 
62.1167,10.0,4.7,9.9,4.2,6.6,6.9,1.1,0,111810,0,211,0, 
62.1200,7.6,1.1,2.5,2.1,6.2,10.0,-1.4,0,111816,0,212,0, 
62.1233,6.3,-0.8,-1.6,0.9,5.6,10.3,-2.9,0,111822,0,213,0, 
62.1267,5.4,-0.8,-0.7,0.9,4.5,7.0,-3.1,0,111828,0,214,0, 
62.1300,4.1,-0.1,2.9,1.5,2.8,2.6,-2.5,0,111834,0,215,0, 
62.1333,2.3,-0.1,5.1,1.8,0.8,0.2,-1.9,0,111840,0,216,0, 
62.1367,0.3,-1.6,3.4,1.3,-1.1,0.4,-2.1,0,111846,0,217,0, 
62.1400,-0.7,-3.4,-0.6,0.1,-2.2,1.4,-2.9,0,111852,0,218,0, 
62.1433,-0.1,-4.1,-3.2,-1.3,-2.6,0.3,-3.9,0,111858,0,219,0, 
62.1467,1.9,-2.8,-1.7,-2.1,-2.4,-3.3,-4.1,0,111864,0,220,0, 
62.1500,4.2,-0.2,2.9,-2.0,-1.7,-7.2,-3.2,0,111870,0,221,0, 
62.1533,5.4,1.9,6.7,-1.6,-0.2,-8.3,-1.6,0,111876,0,222,0, 
62.1567,4.8,1.9,5.7,-1.4,2.1,-5.7,-0.3,0,111882,0,223,0, 
62.1600,2.2,-0.4,-0.1,-1.8,4.7,-1.8,-0.2,0,111888,0,224,0, 
62.1633,-1.5,-3.2,-7.4,-2.3,6.5,-0.1,-1.3,0,111894,0,225,0, 
62.1667,-4.9,-4.2,-11.1,-2.2,6.8,-1.5,-2.6,0,111900,0,226,0, 
62.1700,-6.6,-2.4,-8.6,-1.0,5.5,-3.7,-3.0,0,111906,0,227,0, 
62.1733,-6.1,1.7,-1.1,1.2,4.0,-2.9,-2.0,0,111912,0,228,0, 
62.1767,-3.8,5.7,7.0,3.4,3.5,2.2,-0.2,0,111918,0,229,0, 
62.1800,-0.8,7.6,11.1,4.5,4.4,8.9,0.9,0,111924,0,230,0, 
62.1833,1.5,6.7,9.4,4.0,5.7,11.7,0.1,0,111930,0,231,0, 
62.1867,2.4,4.1,3.2,2.4,5.6,7.3,-2.5,0,111936,0,232,0, 
62.1900,1.8,1.8,-4.1,0.7,3.4,-2.7,-5.5,0,111942,0,233,0, 
62.1933,0.5,1.2,-9.0,-0.4,-0.4,-12.7,-7.6,0,111948,0,234,0, 
62.1967,-0.6,2.1,-9.7,-0.6,-3.6,-16.9,-7.9,0,111954,0,235,0, 
62.2000,-1.1,3.2,-6.7,0.0,-4.5,-13.7,-6.9,0,111960,0,236,0, 
62.2033,-0.7,3.1,-1.9,1.0,-2.3,-6.3,-5.8,0,111966,0,237,0, 
62.2067,0.0,1.6,2.1,2.0,1.8,0.2,-5.2,0,111972,0,238,0, 
62.2100,1.0,-0.4,3.6,2.7,5.5,2.3,-4.9,0,111978,0,239,0, 
62.2133,1.8,-1.7,2.5,3.0,7.0,0.5,-4.4,0,111984,0,240,0, 
62.2167,2.8,-1.2,0.6,2.8,5.9,-2.2,-3.2,0,111990,0,241,0, 
62.2200,3.9,1.1,-0.1,2.0,3.1,-3.2,-1.5,0,111996,0,242,0, 
62.2233,5.2,4.4,1.7,0.9,0.3,-2.0,0.4,0,112002,0,243,0, 
62.2267,6.5,7.3,4.9,0.1,-1.5,-0.2,1.8,0,112008,0,244,0, 
62.2300,7.2,8.9,7.1,0.0,-1.9,0.5,2.6,0,112014,0,245,0, 
62.2333,7.0,8.5,6.5,0.6,-1.8,0.0,2.5,0,112020,0,246,0, 
62.2367,5.6,6.4,3.2,1.8,-1.9,-0.8,1.4,0,112026,0,247,0, 
62.2400,3.5,3.4,-0.5,3.0,-2.7,-0.7,-0.5,0,112032,0,248,0, 
62.2433,1.5,0.7,-2.3,3.5,-3.5,0.3,-2.8,0,112038,0,249,0, 
62.2467,0.5,-0.7,-1.5,3.2,-3.5,1.6,-4.6,0,112044,0,250,0, 
62.2500,1.3,-0.3,0.9,2.5,-2.5,2.2,-5.2,0,112050,0,251,0, 
62.2533,3.6,1.8,3.0,2.0,-0.6,2.2,-4.4,0,112056,0,252,0, 
62.2567,6.7,4.6,4.1,2.3,1.3,2.4,-2.8,0,112062,0,253,0, 
62.2600,9.5,6.9,5.1,3.4,2.8,3.7,-1.3,0,112068,0,254,0, 
62.2633,11.3,7.9,7.0,4.6,4.0,6.0,-0.7,0,112074,0,255,0, 
62.2667,12.1,7.1,9.6,4.9,5.3,8.2,-1.0,0,112080,0,0,0, 
62.2700,12.2,4.9,11.1,4.1,7.0,9.0,-2.0,0,112086,0,1,0, 
62.2733,12.0,2.1,9.6,2.5,8.3,7.4,-3.4,0,112092,0,2,0, 
62.2767,11.4,-0.5,4.6,1.0,8.3,3.6,-5.4,0,112098,0,3,0, 
62.2800,9.7,-2.6,-1.8,0.1,5.9,-1.7,-8.4,0,112104,0,4,0, 
62.2833,6.6,-4.3,-6.6,-0.2,1.4,-8.1,-12.5,0,112110,0,5,0, 
62.2867,2.1,-6.2,-8.2,-0.7,-3.7,-15.1,-17.2,0,112116,0,6,0, 
62.2900,-2.8,-8.4,-7.1,-1.6,-7.6,-21.6,-21.4,0,112122,0,7,0, 
62.2933,-6.7,-10.4,-5.4,-2.6,-9.1,-25.6,-24.0,0,112128,0,8,0, 
62.2967,-8.4,-11.4,-4.5,-2.7,-8.3,-25.2,-24.2,0,112134,0,9,0, 
62.3000,-7.8,-10.2,-4.1,-1.2,-6.3,-19.9,-21.7,0,112140,0,10,0, 
62.3033,-5.6,-6.9,-2.3,1.7,-4.3,-11.7,-17.2,0,112146,0,11,0, 
62.3067,-3.1,-2.1,1.9,4.8,-2.8,-3.9,-11.8,0,112152,0,12,0, 
62.3100,-1.0,2.4,7.7,6.7,-1.8,1.0,-6.8,0,112158,0,13,0, 
62.3133,0.4,5.3,12.4,6.8,-0.4,2.9,-3.1,0,112164,0,14,0, 
62.3167,1.3,5.7,13.1,5.5,1.8,4.1,-1.1,0,112170,0,15,0, 
62.3200,2.1,4.3,9.7,3.9,4.7,7.1,-0.6,0,112176,0,16,0, 
62.3233,2.3,2.2,4.4,2.8,7.6,11.8,-0.9,0,112182,0,17,0, 
62.3267,1.3,0.6,0.7,2.4,9.4,15.3,-1.3,0,112188,0,18,0, 
62.3300,-1.0,-0.2,0.2,2.2,9.4,14.3,-1.6,0,112194,0,19,0, 
62.3333,-4.1,-0.7,1.8,1.7,7.3,8.2,-2.0,0,112200,0,20,0, 
62.3367,-7.1,-2.0,2.8,0.6,3.9,0.3,-2.9,0,112206,0,21,0, 
62.3400,-8.6,-4.1,1.2,-0.7,0.1,-4.6,-4.3,0,112212,0,22,0, 
62.3433,-8.2,-6.4,-1.8,-1.9,-3.0,-3.7,-5.8,0,112218,0,23,0, 
62.3467,-6.1,-7.2,-3.4,-2.6,-4.9,1.4,-6.4,0,112224,0,24,0, 
62.3500,-3.2,-5.5,-1.1,-2.6,-5.3,5.8,-5.1,0,112230,0,25,0, 
62.3533,0.0,-1.2,4.6,-1.9,-4.5,5.5,-2.0,0,112236,0,26,0, 
62.3567,3.1,4.1,10.1,-0.4,-2.7,0.6,2.2,0,112242,0,27,0, 
62.3600,6.0,8.4,11.7,1.5,-0.5,-4.7,6.1,0,112248,0,28,0, 
62.3633,8.4,10.6,8.8,3.3,1.6,-5.9,8.7,0,112254,0,29,0, 
62.3667,9.8,11.1,4.8,4.7,3.3,-1.4,9.9,0,112260,0,30,0, 
62.3700,10.1,11.3,4.4,5.4,4.4,6.1,10.0,0,112266,0,31,0, 
62.3733,9.4,12.3,9.5,5.5,4.8,11.9,9.6,0,112272,0,32,0, 
62.3767,8.4,14.1,17.4,5.3,4.9,13.2,9.1,0,112278,0,33,0, 
62.3800,7.6,15.6,22.1,4.8,5.1,10.4,8.3,0,112284,0,34,0, 
62.3833,7.2,15.3,19.7,3.8,5.4,6.3,6.5,0,112290,0,35,0, 
62.3867,6.5,12.9,11.0,2.1,5.8,3.5,3.5,0,112296,0,36,0, 
62.3900,4.9,9.2,1.3,-0.2,5.8,2.4,-0.5,0,112302,0,37,0, 
62.3933,2.2,5.7,-3.8,-2.8,5.0,2.0,-4.4,0,112308,0,38,0, 
62.3967,-0.9,3.0,-2.9,-4.9,3.5,2.0,-6.9,0,112314,0,39,0, 
62.4000,-3.3,1.1,0.5,-6.3,1.9,3.1,-7.0,0,112320,0,40,0, 
62.4033,-4.0,-0.8,1.9,-6.8,0.9,6.3,-4.6,0,112326,0,41,0, 
62.4067,-2.9,-2.9,-0.5,-6.5,1.0,11.1,-0.5,0,112332,0,42,0, 
62.4100,-0.6,-4.2,-4.3,-5.8,2.2,15.5,3.8,0,112338,0,43,0, 
62.4133,2.2,-3.5,-5.1,-5.0,3.8,17.2,7.5,0,112344,0,44,0, 
62.4167,4.8,-0.2,-1.0,-4.2,5.2,16.1,10.1,0,112350,0,45,0, 
62.4200,6.8,4.8,6.0,-3.5,5.7,14.3,12.0,0,112356,0,46,0, 
62.4233,8.0,9.6,11.9,-2.7,5.3,14.6,13.7,0,112362,0,47,0, 
62.4267,8.1,12.6,13.9,-1.5,4.4,17.2,14.9,0,112368,0,48,0, 
62.4300,6.8,13.0,12.4,0.3,3.5,19.6,15.3,0,112374,0,49,0, 
62.4333,4.3,11.5,10.1,2.1,2.9,18.0,14.3,0,112380,0,50,0, 
62.4367,1.0,9.3,8.6,3.1,2.1,11.5,11.9,0,112386,0,51,0, 
62.4400,-2.3,7.3,7.4,2.7,0.7,2.8,9.1,0,112392,0,52,0, 
62.4433,-4.9,5.7,5.2,0.9,-1.4,-3.3,7.0,0,112398,0,53,0, 
62.4467,-6.5,4.6,1.9,-1.4,-3.8,-4.0,6.3,0,112404,0,54,0, 
62.4500,-7.3,4.0,-0.9,-3.0,-5.4,-0.3,6.6,0,112410,0,55,0, 
62.4533,-7.3,3.8,-1.0,-3.1,-5.6,3.5,7.1,0,112416,0,56,0, 
62.4567,-6.4,3.6,1.2,-2.2,-4.3,3.9,6.9,0,112422,0,57,0, 
62.4600,-4.7,3.0,3.4,-1.2,-2.2,0.9,5.8,0,112428,0,58,0, 
62.4633,-2.5,1.6,3.0,-1.0,-0.3,-1.6,4.5,0,112434,0,59,0, 
62.4667,-0.2,-0.3,-0.1,-1.5,1.1,0.1,3.5,0,112440,0,60,0, 
62.4700,1.7,-2.1,-2.9,-2.0,2.0,6.4,3.1,0,112446,0,61,0, 
62.4733,3.2,-2.6,-1.8,-1.8,2.5,14.0,3.1,0,112452,0,62,0, 
62.4767,4.9,-1.4,3.6,-1.0,2.9,18.0,3.0,0,112458,0,63,0, 
62.4800,6.9,1.2,10.3,-0.1,2.9,16.3,2.6,0,112464,0,64,0, 
62.4833,9.2,4.3,13.5,-0.2,2.5,10.8,2.5,0,112470,0,65,0, 
62.4867,11.0,6.7,10.8,-1.3,1.5,5.7,3.1,0,112476,0,66,0, 
62.4900,11.4,8.3,4.2,-2.6,0.5,4.5,4.5,0,112482,0,67,0, 
62.4933,10.5,9.0,-1.5,-3.3,-0.3,7.4,6.2,0,112488,0,68,0, 
62.4967,8.8,9.2,-2.5,-2.9,-0.6,11.5,7.2,0,112494,0,69,0, 
62.5000,7.4,8.9,1.3,-1.7,-0.4,13.2,7.1,0,112500,0,70,0, 
62.5033,6.7,8.3,6.9,-0.6,0.2,11.1,6.2,0,112506,0,71,0, 
62.5067,6.4,7.7,10.2,-0.3,1.0,6.8,5.2,0,112512,0,72,0, 
62.5100,5.3,7.4,9.4,-0.9,1.8,3.1,4.8,0,112518,0,73,0, 
62.5133,3.1,7.8,5.8,-2.0,2.4,2.7,5.2,0,112524,0,74,0, 
62.5167,0.3,8.8,2.2,-2.9,2.5,5.4,5.8,0,112530,0,75,0, 
62.5200,-2.2,9.7,1.2,-3.1,2.3,9.1,5.9,0,112536,0,76,0, 
62.5233,-2.9,9.9,3.1,-2.5,1.8,10.9,4.7,0,112542,0,77,0, 
62.5267,-1.8,9.2,6.6,-1.4,1.4,9.2,2.5,0,112548,0,78,0, 
62.5300,0.7,8.2,9.5,-0.3,1.4,5.2,0.2,0,112554,0,79,0, 
62.5333,3.2,7.6,10.2,0.4,1.6,2.1,-0.7,0,112560,0,80,0, 
62.5367,5.0,7.8,8.7,0.2,2.0,2.9,0.6,0,112566,0,81,0, 
62.5400,5.8,8.5,6.0,-0.7,2.6,8.0,4.2,0,112572,0,82,0, 
62.5433,5.9,9.3,3.6,-1.8,3.2,14.8,8.7,0,112578,0,83,0, 
62.5467,5.7,9.6,2.7,-2.7,4.1,18.8,12.5,0,112584,0,84,0, 
62.5500,5.4,9.8,3.5,-3.0,5.0,17.8,14.4,0,112590,0,85,0, 
62.5533,4.9,9.9,4.7,-2.8,5.6,13.2,14.0,0,112596,0,86,0, 
62.5567,4.1,10.0,5.1,-2.7,5.9,9.0,12.0,0,112602,0,87,0, 
62.5600,3.4,9.9,3.8,-3.3,6.0,8.8,9.4,0,112608,0,88,0, 
62.5633,3.0,9.0,1.4,-4.3,6.3,12.5,6.8,0,112614,0,89,0, 
62.5667,3.2,7.2,-1.0,-5.1,6.9,16.5,4.5,0,112620,0,90,0, 
62.5700,3.9,5.0,-2.5,-5.3,7.4,16.7,2.7,0,112626,0,91,0, 
62.5733,4.9,3.4,-3.1,-4.7,7.0,12.0,1.5,0,112632,0,92,0, 
62.5767,5.6,2.9,-3.7,-3.9,5.4,5.8,1.5,0,112638,0,93,0, 
62.5800,5.7,3.6,-4.6,-3.6,3.0,3.0,3.0,0,112644,0,94,0, 
62.5833,5.1,4.9,-5.5,-4.1,0.4,5.5,5.2,0,112650,0,95,0, 
62.5867,4.1,6.0,-5.5,-4.8,-1.7,10.6,6.8,0,112656,0,96,0, 
62.5900,3.4,6.7,-4.2,-4.8,-3.2,13.2,6.8,0,112662,0,97,0, 
62.5933,3.6,6.9,-2.0,-3.3,-4.8,10.2,5.0,0,112668,0,98,0, 
62.5967,4.6,7.2,0.3,-0.8,-6.6,3.7,2.7,0,112674,0,99,0, 
62.6000,5.9,7.9,2.2,1.9,-8.0,-0.7,1.7,0,112680,0,100,0, 
62.6033,6.9,9.0,3.8,3.6,-8.0,1.4,2.8,0,112686,0,101,0, 
62.6067,7.1,9.6,5.2,3.7,-5.6,9.2,5.2,0,112692,0,102,0, 
62.6100,6.5,9.0,6.0,2.5,-1.2,16.9,6.9,0,112698,0,103,0, 
62.6133,5.7,6.8,4.7,1.0,3.5,18.6,6.2,0,112704,0,104,0, 
62.6167,5.2,3.5,0.6,-0.1,6.5,12.3,2.5,0,112710,0,105,0, 
62.6200,4.8,0.2,-5.6,-0.6,6.8,2.0,-2.4,0,112716,0,106,0, 
62.6233,4.3,-1.7,-11.3,-0.7,5.0,-6.2,-6.6,0,112722,0,107,0, 
62.6267,3.4,-1.8,-13.9,-0.7,2.4,-8.5,-8.3,0,112728,0,108,0, 
62.6300,2.2,-0.9,-12.4,-0.7,0.5,-5.7,-7.7,0,112734,0,109,0, 
62.6333,1.2,0.1,-8.1,-0.5,-0.5,-2.0,-5.7,0,112740,0,110,0, 
62.6367,0.7,0.3,-3.5,0.2,-1.2,-0.8,-3.9,0,112746,0,111,0, 
62.6400,1.0,0.0,-0.5,1.0,-2.2,-2.4,-2.8,0,112752,0,112,0, 
62.6433,1.5,0.5,1.1,1.7,-3.6,-4.5,-2.1,0,112758,0,113,0, 
62.6467,2.2,2.4,2.1,1.5,-4.3,-4.8,-1.4,0,112764,0,114,0, 
62.6500,3.0,5.1,2.8,0.4,-3.8,-3.1,-0.7,0,112770,0,115,0, 
62.6533,4.1,6.9,2.2,-1.3,-1.9,-1.3,-0.4,0,112776,0,116,0, 
62.6567,5.2,5.7,-0.9,-3.0,0.3,-1.3,-0.9,0,112782,0,117,0, 
62.6600,5.9,1.3,-6.6,-4.4,1.8,-2.7,-2.1,0,112788,0,118,0, 
62.6633,5.7,-4.8,-12.8,-5.6,2.0,-3.4,-3.3,0,112794,0,119,0, 
62.6667,4.6,-9.8,-16.7,-6.6,1.6,-1.5,-3.4,0,112800,0,120,0, 
62.6700,3.3,-11.7,-16.8,-7.4,1.6,2.7,-2.0,0,112806,0,121,0, 
62.6733,2.9,-10.4,-13.8,-7.6,2.8,6.9,0.2,0,112812,0,122,0, 
62.6767,3.7,-7.9,-9.9,-6.8,4.5,8.1,2.0,0,112818,0,123,0, 
62.6800,4.9,-6.4,-7.0,-4.9,5.7,5.4,2.0,0,112824,0,124,0, 
62.6833,5.0,-6.9,-5.7,-2.8,5.3,0.0,-0.1,0,112830,0,125,0, 
62.6867,3.1,-8.8,-5.3,-1.4,3.3,-5.5,-3.7,0,112836,0,126,0, 
62.6900,-0.6,-10.6,-5.2,-1.6,0.7,-9.0,-7.5,0,112842,0,127,0, 
62.6933,-4.8,-11.3,-6.0,-3.3,-1.3,-10.4,-10.4,0,112848,0,128,0, 
62.6967,-7.8,-11.0,-8.3,-5.5,-2.2,-10.3,-12.0,0,112854,0,129,0, 
62.7000,-8.7,-10.6,-12.2,-7.0,-2.3,-10.0,-12.8,0,112860,0,130,0, 
62.7033,-7.8,-10.5,-15.7,-7.1,-2.7,-10.0,-13.0,0,112866,0,131,0, 
62.7067,-6.2,-10.6,-16.3,-6.0,-3.3,-10.6,-12.9,0,112872,0,132,0, 
62.7100,-5.0,-10.4,-12.6,-4.6,-3.6,-11.2,-12.1,0,112878,0,133,0, 
62.7133,-4.8,-9.8,-5.9,-3.7,-2.3,-10.9,-10.1,0,112884,0,134,0, 
62.7167,-5.6,-9.2,0.4,-3.6,0.8,-8.9,-6.8,0,112890,0,135,0, 
62.7200,-7.1,-9.6,2.5,-3.8,4.7,-4.9,-3.2,0,112896,0,136,0, 
62.7233,-9.0,-11.0,-0.7,-4.0,7.3,-0.1,-0.5,0,112902,0,137,0, 
62.7267,-10.8,-12.7,-7.4,-4.4,7.0,3.1,0.0,0,112908,0,138,0, 
62.7300,-11.7,-13.6,-13.6,-5.2,3.7,2.7,-1.7,0,112914,0,139,0, 
62.7333,-11.5,-12.9,-16.2,-6.2,-0.9,-1.1,-4.8,0,112920,0,140,0, 
62.7367,-10.0,-11.1,-14.3,-7.0,-4.2,-5.2,-7.5,0,112926,0,141,0, 
62.7400,-7.7,-9.3,-10.1,-6.8,-4.7,-6.3,-8.5,0,112932,0,142,0, 
62.7433,-5.4,-8.5,-7.0,-5.7,-2.6,-3.1,-7.6,0,112938,0,143,0, 
62.7467,-3.4,-9.2,-7.2,-4.5,0.4,1.6,-6.0,0,112944,0,144,0, 
62.7500,-2.2,-10.4,-10.3,-4.5,2.3,3.4,-5.4,0,112950,0,145,0, 
62.7533,-1.6,-11.2,-14.2,-6.1,2.1,-0.1,-6.5,0,112956,0,146,0, 
62.7567,-1.7,-10.7,-16.3,-8.6,0.6,-6.6,-8.9,0,112962,0,147,0, 
62.7600,-2.3,-9.3,-15.6,-10.2,-0.7,-10.5,-11.4,0,112968,0,148,0, 
62.7633,-3.1,-7.8,-13.1,-9.8,-0.6,-7.3,-12.4,0,112974,0,149,0, 
62.7667,-3.6,-7.1,-10.8,-7.6,0.8,1.6,-11.8,0,112980,0,150,0, 
62.7700,-3.5,-7.3,-10.1,-5.1,2.5,10.1,-10.4,0,112986,0,151,0, 
62.7733,-2.8,-8.1,-10.3,-3.9,3.1,11.0,-9.4,0,112992,0,152,0, 
62.7767,-2.4,-8.7,-9.7,-4.1,1.7,2.4,-9.9,0,112998,0,153,0, 
62.7800,-3.3,-8.4,-7.4,-4.8,-1.2,-11.0,-11.4,0,113004,0,154,0, 
62.7833,-6.1,-7.3,-3.7,-4.7,-4.4,-20.8,-12.9,0,113010,0,155,0, 
62.7867,-10.3,-5.9,-0.9,-3.7,-6.3,-21.8,-13.1,0,113016,0,156,0, 
62.7900,-14.4,-4.7,-0.8,-2.8,-6.1,-14.7,-11.6,0,113022,0,157,0, 
62.7933,-16.9,-3.7,-3.5,-2.7,-3.7,-5.7,-8.8,0,113028,0,158,0, 
62.7967,-16.8,-2.7,-6.7,-3.3,0.1,-0.9,-5.9,0,113034,0,159,0, 
62.8000,-14.6,-1.3,-7.5,-3.5,4.0,-2.0,-3.7,0,113040,0,160,0, 
62.8033,-11.3,0.8,-4.9,-2.3,6.8,-5.9,-2.6,0,113046,0,161,0, 
62.8067,-8.2,2.7,-0.2,0.2,7.9,-8.3,-2.3,0,113052,0,162,0, 
62.8100,-6.1,3.5,3.7,2.4,7.1,-7.0,-2.7,0,113058,0,163,0, 
62.8133,-4.7,2.5,4.7,2.8,4.9,-3.8,-3.6,0,113064,0,164,0, 
62.8167,-3.6,0.2,3.2,1.0,2.3,-1.8,-5.4,0,113070,0,165,0, 
62.8200,-2.5,-2.4,1.0,-1.5,0.5,-2.9,-8.0,0,113076,0,166,0, 
62.8233,-1.3,-4.3,-0.1,-2.8,0.2,-5.8,-11.1,0,113082,0,167,0, 
62.8267,-0.1,-4.9,-0.3,-2.3,1.4,-8.2,-14.0,0,113088,0,168,0, 
62.8300,0.7,-5.0,-1.3,-0.7,3.3,-8.3,-15.9,0,113094,0,169,0, 
62.8333,0.9,-5.4,-4.2,0.2,4.7,-6.6,-16.2,0,113100,0,170,0, 
62.8367,0.4,-6.4,-7.9,-0.4,4.6,-5.0,-15.4,0,113106,0,171,0, 
62.8400,-0.6,-7.4,-9.4,-1.7,2.8,-4.7,-14.1,0,113112,0,172,0, 
62.8433,-2.0,-7.3,-6.8,-2.4,0.2,-5.7,-13.2,0,113118,0,173,0, 
62.8467,-3.4,-5.6,-0.8,-1.9,-2.2,-7.2,-13.1,0,113124,0,174,0, 
62.8500,-4.8,-3.3,4.7,-0.6,-3.4,-8.6,-13.7,0,113130,0,175,0, 
62.8533,-6.0,-1.6,5.9,0.3,-3.0,-9.9,-14.1,0,113136,0,176,0, 
62.8567,-7.1,-1.6,1.8,0.2,-1.5,-10.7,-13.4,0,113142,0,177,0, 
62.8600,-8.0,-2.6,-4.7,-0.4,0.7,-10.2,-10.8,0,113148,0,178,0, 
62.8633,-8.6,-3.1,-8.5,-0.3,3.0,-8.1,-6.8,0,113154,0,179,0, 
62.8667,-8.5,-1.8,-6.8,1.0,4.9,-5.0,-2.5,0,113160,0,180,0, 
62.8700,-7.5,1.3,-0.9,3.0,6.1,-2.8,0.5,0,113166,0,181,0, 
62.8733,-5.6,4.3,5.1,4.2,6.4,-3.0,0.9,0,113172,0,182,0, 
62.8767,-3.6,5.1,7.1,3.8,6.0,-5.2,-1.2,0,113178,0,183,0, 
62.8800,-2.0,2.8,4.6,2.3,5.4,-6.6,-4.4,0,113184,0,184,0, 
62.8833,-1.2,-1.6,0.4,0.9,5.2,-4.5,-7.3,0,113190,0,185,0, 
62.8867,-1.0,-6.1,-2.0,0.9,5.6,1.4,-9.2,0,113196,0,186,0, 
62.8900,-0.8,-8.8,-1.3,2.2,6.0,7.6,-10.7,0,113202,0,187,0, 
62.8933,-0.1,-9.6,0.8,3.7,5.7,9.1,-13.2,0,113208,0,188,0, 
62.8967,1.1,-9.6,1.4,4.0,4.6,3.4,-17.5,0,113214,0,189,0, 
62.9000,2.2,-10.3,-1.0,2.9,3.1,-7.5,-22.7,0,113220,0,190,0, 
62.9033,2.6,-12.2,-4.9,1.1,2.1,-17.4,-26.9,0,113226,0,191,0, 
62.9067,2.4,-14.2,-7.6,-0.3,2.1,-21.0,-27.9,0,113232,0,192,0, 
62.9100,1.9,-14.8,-7.0,-0.3,2.8,-17.3,-25.5,0,113238,0,193,0, 
62.9133,2.0,-13.5,-4.0,0.6,3.4,-10.3,-21.2,0,113244,0,194,0, 
62.9167,2.9,-11.0,-1.1,1.7,3.6,-5.5,-17.3,0,113250,0,195,0, 
62.9200,4.3,-8.8,-0.6,2.1,3.5,-5.9,-15.1,0,113256,0,196,0, 
62.9233,5.3,-7.9,-2.3,1.8,3.8,-9.4,-14.1,0,113262,0,197,0, 
62.9267,5.3,-7.9,-4.0,1.2,4.8,-11.2,-12.4,0,113268,0,198,0, 
62.9300,4.2,-7.2,-3.2,1.1,6.3,-7.9,-8.1,0,113274,0,199,0, 
62.9333,2.7,-4.4,1.4,1.8,7.7,-0.3,-1.4,0,113280,0,200,0, 
62.9367,1.7,0.4,8.3,2.9,8.6,7.3,5.8,0,113286,0,201,0, 
62.9400,1.5,5.6,14.6,3.7,8.9,10.3,10.8,0,113292,0,202,0, 
62.9433,1.8,8.8,17.6,3.5,8.8,8.0,11.6,0,113298,0,203,0, 
62.9467,1.8,8.4,16.3,2.5,8.2,3.1,8.4,0,113304,0,204,0, 
62.9500,0.9,4.6,11.4,1.6,6.7,-0.7,2.8,0,113310,0,205,0, 
62.9533,-1.4,-1.2,4.8,1.4,4.2,-1.7,-3.1,0,113316,0,206,0, 
62.9567,-4.5,-6.9,-1.3,2.4,1.3,-1.9,-8.0,0,113322,0,207,0, 
62.9600,-7.7,-11.2,-5.2,3.9,-1.0,-4.3,-11.7,0,113328,0,208,0, 
62.9633,-10.1,-13.4,-6.5,5.0,-1.9,-10.1,-14.4,0,113334,0,209,0, 
62.9667,-10.7,-13.6,-5.4,4.9,-1.5,-16.9,-16.0,0,113340,0,210,0, 
62.9700,-9.4,-11.9,-3.6,3.6,-0.9,-20.7,-15.9,0,113346,0,211,0, 
62.9733,-6.2,-9.1,-2.4,1.9,-0.8,-18.9,-13.8,0,113352,0,212,0, 
62.9767,-2.2,-6.0,-2.5,0.6,-1.5,-12.7,-10.1,0,113358,0,213,0, 
62.9800,1.4,-4.0,-3.6,0.2,-2.3,-6.3,-5.9,0,113364,0,214,0, 
62.9833,3.6,-3.7,-4.2,0.3,-2.2,-3.6,-2.4,0,113370,0,215,0, 
62.9867,4.1,-5.0,-3.5,0.3,-1.0,-5.0,-0.1,0,113376,0,216,0, 
62.9900,3.3,-6.6,-1.6,-0.2,0.7,-7.3,1.5,0,113382,0,217,0, 
62.9933,2.3,-7.3,0.3,-1.0,2.0,-6.8,2.9,0,113388,0,218,0, 
62.9967,1.3,-6.2,1.0,-1.3,2.5,-2.5,4.1,0,113394,0,219,0, 
63.0000,0.3,-4.0,0.4,-0.8,2.4,3.0,4.2,0,113400,0,220,0, 
63.0033,-1.1,-1.9,-0.3,0.4,2.0,5.2,2.1,0,113406,0,221,0, 
63.0067,-3.3,-0.9,0.2,1.6,1.7,2.2,-2.2,0,113412,0,222,0, 
63.0100,-5.5,-1.3,1.9,1.9,1.7,-4.1,-7.0,0,113418,0,223,0, 
63.0133,-6.8,-2.0,3.4,0.9,1.9,-9.0,-9.8,0,113424,0,224,0, 
63.0167,-6.4,-1.9,3.1,-1.2,2.4,-9.2,-8.9,0,113430,0,225,0, 
63.0200,-4.3,-0.2,0.7,-3.6,3.4,-5.0,-4.6,0,113436,0,226,0, 
63.0233,-1.9,2.6,-1.9,-5.9,4.9,0.0,1.0,0,113442,0,227,0, 
63.0267,-0.7,5.3,-2.5,-7.6,6.0,2.0,5.3,0,113448,0,228,0, 
63.0300,-1.7,6.3,-0.5,-8.8,6.1,0.2,6.8,0,113454,0,229,0, 
63.0333,-4.3,4.5,2.0,-9.4,4.7,-3.3,5.7,0,113460,0,230,0, 
63.0367,-7.6,-0.4,1.8,-9.5,2.4,-5.2,3.5,0,113466,0,231,0, 
63.0400,-10.2,-7.3,-2.7,-9.2,0.3,-4.5,1.4,0,113472,0,232,0, 
63.0433,-11.9,-14.1,-9.7,-8.5,-0.4,-2.5,0.2,0,113478,0,233,0, 
63.0467,-12.8,-18.0,-14.9,-7.6,0.6,-1.4,0.0,0,113484,0,234,0, 
63.0500,-13.5,-17.3,-14.3,-6.4,2.6,-1.9,0.7,0,113490,0,235,0, 
63.0533,-14.0,-12.1,-7.4,-4.8,4.4,-2.9,2.0,0,113496,0,236,0, 
63.0567,-13.8,-4.3,2.8,-2.5,5.0,-2.4,3.8,0,113502,0,237,0, 
63.0600,-12.6,3.2,11.2,0.0,4.1,0.1,5.5,0,113508,0,238,0, 
63.0633,-10.5,7.9,14.2,2.1,2.2,2.9,6.3,0,113514,0,239,0, 
63.0667,-8.3,9.1,11.4,2.6,0.3,3.7,6.1,0,113520,0,240,0, 
63.0700,-6.5,7.9,5.2,0.9,-1.1,1.2,5.2,0,113526,0,241,0, 
63.0733,-5.3,5.8,-1.1,-2.6,-1.3,-3.6,4.2,0,113532,0,242,0, 
63.0767,-4.1,4.3,-5.6,-6.6,-0.4,-8.1,3.9,0,113538,0,243,0, 
63.0800,-2.5,3.4,-8.3,-9.6,1.5,-9.8,4.3,0,113544,0,244,0, 
63.0833,-0.5,2.7,-9.6,-10.4,3.8,-7.8,5.2,0,113550,0,245,0, 
63.0867,1.0,2.0,-9.9,-9.3,5.7,-3.0,6.8,0,113556,0,246,0, 
63.0900,1.1,1.6,-8.3,-7.1,6.8,2.6,9.3,0,113562,0,247,0, 
63.0933,-0.4,2.3,-4.3,-5.0,6.8,7.1,12.8,0,113568,0,248,0, 
63.0967,-2.7,4.2,1.7,-3.5,5.9,9.4,17.0,0,113574,0,249,0, 
63.1000,-4.4,6.9,7.7,-2.5,4.8,9.4,20.4,0,113580,0,250,0, 
63.1033,-4.1,9.4,11.6,-1.2,4.0,7.9,22.1,0,113586,0,251,0, 
63.1067,-2.0,10.9,12.1,0.4,3.4,6.1,21.8,0,113592,0,252,0, 
63.1100,0.9,11.5,9.9,2.1,3.0,5.1,20.4,0,113598,0,253,0, 
63.1133,2.8,11.5,6.7,2.8,2.2,5.1,19.1,0,113604,0,254,0, 
63.1167,3.0,11.4,3.9,1.9,1.2,5.5,18.4,0,113610,0,255,0, 
63.1200,1.8,11.1,1.6,-0.6,0.4,5.5,17.9,0,113616,0,0,0, 
63.1233,0.3,10.3,-0.6,-3.6,0.2,4.8,16.6,0,113622,0,1,0, 
63.1267,-0.3,9.0,-2.9,-5.8,0.8,4.2,14.5,0,113628,0,2,0, 
63.1300,0.2,7.6,-4.5,-6.4,1.8,5.2,12.7,0,113634,0,3,0, 
63.1333,1.4,6.8,-4.4,-5.8,2.9,8.2,12.5,0,113640,0,4,0, 
63.1367,2.7,6.9,-2.4,-5.1,4.0,11.8,14.1,0,113646,0,5,0, 
63.1400,3.9,7.8,0.0,-5.5,5.2,13.5,16.4,0,113652,0,6,0, 
63.1433,5.4,8.5,1.4,-7.1,6.7,11.7,17.3,0,113658,0,7,0, 
63.1467,7.5,8.8,1.5,-9.0,8.1,7.2,15.9,0,113664,0,8,0, 
63.1500,10.1,9.3,1.8,-9.6,9.1,3.9,13.4,0,113670,0,9,0, 
63.1533,12.3,10.8,4.6,-8.2,8.9,5.5,12.1,0,113676,0,10,0, 
63.1567,13.7,13.9,10.6,-5.0,7.4,12.6,13.8,0,113682,0,11,0, 
63.1600,14.1,18.0,17.6,-1.6,5.1,22.0,18.3,0,113688,0,12,0, 
63.1633,13.8,21.6,22.0,0.6,3.0,28.0,23.1,0,113694,0,13,0, 
63.1667,13.2,22.9,21.4,0.9,1.8,26.5,25.4,0,113700,0,14,0, 
63.1700,12.5,21.5,15.7,-0.1,1.8,18.4,23.7,0,113706,0,15,0, 
63.1733,11.1,18.1,8.1,-1.4,2.6,8.3,19.2,0,113712,0,16,0, 
63.1767,8.9,14.2,1.9,-2.1,3.6,2.0,14.2,0,113718,0,17,0, 
63.1800,6.0,11.1,-1.1,-1.7,4.3,2.1,11.2,0,113724,0,18,0, 
63.1833,3.2,9.2,-1.2,-0.8,4.8,7.0,10.8,0,113730,0,19,0, 
63.1867,1.1,8.2,-0.4,-0.1,5.2,12.2,11.7,0,113736,0,20,0, 
63.1900,-0.1,7.2,-0.1,0.1,5.6,13.7,12.4,0,113742,0,21,0, 
63.1933,-0.9,5.8,-1.1,-0.6,5.8,11.1,11.8,0,113748,0,22,0, 
63.1967,-1.4,3.9,-3.2,-2.1,5.6,7.1,10.4,0,113754,0,23,0, 
63.2000,-1.6,2.1,-5.7,-4.0,4.7,5.5,9.5,0,113760,0,24,0, 
63.2033,-1.1,1.1,-8.0,-5.8,3.4,8.3,10.2,0,113766,0,25,0, 
63.2067,0.3,1.6,-8.8,-6.8,2.4,14.5,12.6,0,113772,0,26,0, 
63.2100,2.1,3.9,-7.3,-6.9,2.3,20.6,15.6,0,113778,0,27,0, 
63.2133,3.5,7.5,-3.4,-6.1,3.0,23.1,17.4,0,113784,0,28,0, 
63.2167,4.1,11.2,1.3,-5.0,3.8,21.0,17.0,0,113790,0,29,0, 
63.2200,4.0,13.8,4.9,-4.4,4.0,15.7,14.5,0,113796,0,30,0, 
63.2233,4.1,14.2,5.8,-4.2,2.8,10.3,10.8,0,113802,0,31,0, 
63.2267,4.9,12.3,4.5,-4.2,0.6,6.8,7.2,0,113808,0,32,0, 
63.2300,6.0,9.0,2.6,-3.5,-1.8,5.7,4.3,0,113814,0,33,0, 
63.2333,6.3,5.2,1.6,-1.8,-3.8,5.3,1.9,0,113820,0,34,0, 
63.2367,5.0,1.6,1.6,0.6,-5.1,3.8,-0.7,0,113826,0,35,0, 
63.2400,2.0,-1.5,1.5,2.9,-5.7,0.8,-3.8,0,113832,0,36,0, 
63.2433,-1.4,-3.8,-0.1,4.2,-5.9,-2.3,-6.9,0,113838,0,37,0, 
63.2467,-3.8,-4.8,-2.8,4.0,-5.4,-3.3,-8.9,0,113844,0,38,0, 
63.2500,-4.0,-4.1,-4.9,2.7,-3.9,-0.9,-8.5,0,113850,0,39,0, 
63.2533,-2.5,-1.7,-4.7,0.9,-1.6,4.5,-5.4,0,113856,0,40,0, 
63.2567,-0.5,1.7,-2.1,-0.3,0.7,10.3,-0.2,0,113862,0,41,0, 
63.2600,0.5,4.2,1.1,-0.4,2.1,13.8,5.0,0,113868,0,42,0, 
63.2633,-0.3,4.7,2.6,0.6,1.9,13.5,8.3,0,113874,0,43,0, 
63.2667,-2.5,2.9,1.6,2.3,0.6,10.0,8.8,0,113880,0,44,0, 
63.2700,-4.8,0.5,-0.6,3.6,-0.9,5.6,7.6,0,113886,0,45,0, 
63.2733,-5.8,-0.3,-2.0,4.0,-1.4,2.9,6.5,0,113892,0,46,0, 
63.2767,-4.9,1.8,-1.1,3.4,-0.7,3.3,7.6,0,113898,0,47,0, 
63.2800,-2.4,6.6,1.6,2.5,0.7,6.1,11.2,0,113904,0,48,0, 
63.2833,0.9,12.0,4.4,2.0,1.7,9.6,15.8,0,113910,0,49,0, 
63.2867,3.6,16.1,6.0,2.6,2.0,11.7,19.2,0,113916,0,50,0, 
63.2900,5.0,17.6,6.2,4.1,1.8,11.7,19.7,0,113922,0,51,0, 
63.2933,4.6,17.1,6.3,5.7,1.8,10.8,17.5,0,113928,0,52,0, 
63.2967,2.6,16.0,7.8,6.9,2.5,10.7,14.7,0,113934,0,53,0, 
63.3000,-0.2,15.2,10.8,7.1,3.7,12.8,13.2,0,113940,0,54,0, 
63.3033,-2.7,14.9,14.1,6.7,4.6,16.6,13.7,0,113946,0,55,0, 
63.3067,-4.2,14.3,15.6,5.9,4.5,19.7,14.9,0,113952,0,56,0, 
63.3100,-4.0,13.0,13.7,5.1,3.6,19.6,14.9,0,113958,0,57,0, 
63.3133,-2.5,11.5,9.1,4.4,2.4,15.7,12.9,0,113964,0,58,0, 
63.3167,-0.3,10.9,4.3,4.0,2.0,9.6,9.6,0,113970,0,59,0, 
63.3200,1.5,12.0,2.2,4.3,2.7,4.7,7.0,0,113976,0,60,0, 
63.3233,2.1,14.5,3.9,5.1,4.1,4.0,6.5,0,113982,0,61,0, 
63.3267,1.4,17.0,8.1,6.4,5.0,7.7,8.0,0,113988,0,62,0, 
63.3300,0.2,18.2,11.6,7.5,4.6,13.4,9.9,0,113994,0,63,0, 
63.3333,-0.6,17.5,12.1,8.1,2.9,17.5,10.6,0,114000,0,64,0, 
63.3367,-0.3,16.4,9.8,8.3,1.1,17.6,9.9,0,114006,0,65,0, 
63.3400,1.3,16.9,7.6,8.5,0.2,14.0,9.1,0,114012,0,66,0, 
63.3433,3.1,19.8,8.7,9.2,0.9,9.1,9.2,0,114018,0,67,0, 
63.3467,4.2,24.4,14.1,10.7,2.5,5.6,10.6,0,114024,0,68,0, 
63.3500,4.0,28.1,21.0,12.2,3.4,5.2,11.8,0,114030,0,69,0, 
63.3533,3.0,28.7,25.5,13.3,2.6,7.2,11.8,0,114036,0,70,0, 
63.3567,2.1,26.1,25.1,13.6,0.3,9.8,10.2,0,114042,0,71,0, 
63.3600,2.2,22.2,20.8,13.3,-2.2,11.0,8.1,0,114048,0,72,0, 
63.3633,3.6,19.7,16.4,13.1,-3.6,10.2,6.8,0,114054,0,73,0, 
63.3667,5.6,19.9,14.7,13.2,-3.2,7.8,6.5,0,114060,0,74,0, 
63.3700,7.4,21.6,15.5,13.5,-1.3,4.9,6.3,0,114066,0,75,0, 
63.3733,7.8,22.1,16.1,13.5,0.6,2.6,4.8,0,114072,0,76,0, 
63.3767,6.5,19.5,13.6,12.7,1.6,1.6,1.7,0,114078,0,77,0, 
63.3800,3.6,14.1,8.3,11.3,1.3,1.9,-2.2,0,114084,0,78,0, 
63.3833,-0.3,8.2,2.9,9.7,0.0,3.2,-5.2,0,114090,0,79,0, 
63.3867,-4.1,4.2,0.5,8.3,-1.4,5.0,-6.8,0,114096,0,80,0, 
63.3900,-7.0,3.0,1.7,7.1,-2.2,6.2,-7.1,0,114102,0,81,0, 
63.3933,-8.1,3.6,4.1,5.9,-2.2,6.2,-7.1,0,114108,0,82,0, 
63.3967,-7.0,4.4,4.8,4.7,-1.4,4.9,-6.8,0,114114,0,83,0, 
63.4000,-4.0,4.4,3.3,3.8,-0.4,3.0,-5.5,0,114120,0,84,0, 
63.4033,0.2,4.3,1.9,3.6,0.2,2.1,-2.4,0,114126,0,85,0, 
63.4067,4.6,4.9,3.3,4.4,0.0,3.3,2.0,0,114132,0,86,0, 
63.4100,8.0,6.3,7.7,5.9,-0.8,6.3,6.2,0,114138,0,87,0, 
63.4133,10.1,7.9,12.3,7.3,-1.5,10.0,8.3,0,114144,0,88,0, 
63.4167,11.0,8.9,13.8,7.7,-1.5,12.6,7.8,0,114150,0,89,0, 
63.4200,11.0,9.5,11.6,7.0,-1.0,13.3,6.1,0,114156,0,90,0, 
63.4233,10.4,10.5,8.3,5.8,-0.3,12.4,5.0,0,114162,0,91,0, 
63.4267,9.3,12.6,7.3,5.0,-0.4,10.7,5.4,0,114168,0,92,0, 
63.4300,7.7,15.1,9.3,5.0,-1.6,8.7,6.5,0,114174,0,93,0, 
63.4333,5.8,16.3,11.6,5.4,-3.6,6.0,6.6,0,114180,0,94,0, 
63.4367,4.3,14.8,10.6,5.4,-5.1,2.4,4.6,0,114186,0,95,0, 
63.4400,3.9,11.2,5.4,4.7,-5.3,-1.1,1.3,0,114192,0,96,0, 
63.4433,5.4,7.6,-0.6,3.4,-3.9,-2.3,-1.2,0,114198,0,97,0, 
63.4467,8.4,6.3,-2.6,2.5,-1.4,0.8,-1.3,0,114204,0,98,0, 
63.4500,12.0,7.7,1.3,2.6,1.0,7.7,1.1,0,114210,0,99,0, 
63.4533,15.1,10.0,8.2,3.7,2.6,15.3,4.4,0,114216,0,100,0, 
63.4567,16.8,10.8,12.8,4.7,3.5,19.3,6.7,0,114222,0,101,0, 
63.4600,17.1,9.1,11.4,4.5,3.8,17.4,7.3,0,114228,0,102,0, 
63.4633,16.3,5.7,5.4,2.7,4.0,11.2,6.9,0,114234,0,103,0, 
63.4667,15.0,3.2,-0.3,-0.2,3.9,5.2,6.6,0,114240,0,104,0, 
63.4700,13.9,2.9,-1.4,-2.8,3.5,3.4,7.1,0,114246,0,105,0, 
63.4733,13.0,4.5,2.0,-4.3,2.7,6.8,7.9,0,114252,0,106,0, 
63.4767,12.3,6.2,6.0,-4.5,1.9,11.8,7.9,0,114258,0,107,0, 
63.4800,11.7,6.0,6.5,-3.9,1.3,14.0,6.3,0,114264,0,108,0, 
63.4833,11.0,4.0,2.5,-3.1,1.2,10.9,3.3,0,114270,0,109,0, 
63.4867,10.0,1.3,-2.7,-2.3,1.2,4.1,-0.1,0,114276,0,110,0, 
63.4900,8.5,-0.4,-5.0,-1.5,1.1,-2.1,-3.0,0,114282,0,111,0, 
63.4933,6.6,-0.6,-2.7,-0.3,0.8,-3.9,-4.6,0,114288,0,112,0, 
63.4967,4.4,-0.3,2.2,0.8,0.2,-1.2,-5.3,0,114294,0,113,0, 
63.5000,2.2,-0.7,5.8,1.6,-0.4,2.7,-5.7,0,114300,0,114,0, 
63.5033,0.2,-2.4,5.9,1.8,-0.7,4.0,-6.4,0,114306,0,115,0, 
63.5067,-1.2,-4.6,3.3,1.5,-0.7,1.0,-7.4,0,114312,0,116,0, 
63.5100,-2.0,-6.0,0.6,1.2,-0.5,-4.2,-7.8,0,114318,0,117,0, 
63.5133,-2.1,-5.5,-0.1,1.3,-0.3,-7.5,-7.1,0,114324,0,118,0, 
63.5167,-1.7,-3.2,1.0,1.6,-0.1,-6.7,-4.8,0,114330,0,119,0, 
63.5200,-0.9,-0.4,1.8,1.8,-0.2,-2.4,-1.7,0,114336,0,120,0, 
63.5233,0.1,1.8,0.9,1.6,-0.6,1.7,0.6,0,114342,0,121,0, 
63.5267,1.1,2.6,-1.5,1.0,-1.4,2.5,1.2,0,114348,0,122,0, 
63.5300,2.0,2.2,-3.4,0.6,-2.4,-0.6,-0.1,0,114354,0,123,0, 
63.5333,2.9,1.1,-3.4,0.8,-2.8,-5.5,-2.3,0,114360,0,124,0, 
63.5367,3.4,-0.2,-1.6,1.6,-2.1,-8.7,-4.3,0,114366,0,125,0, 
63.5400,3.3,-1.6,0.5,2.8,-0.1,-8.5,-5.3,0,114372,0,126,0, 
63.5433,2.3,-3.0,1.3,3.9,2.6,-5.9,-5.7,0,114378,0,127,0, 
63.5467,0.5,-4.0,1.1,4.7,4.9,-3.1,-6.4,0,114384,0,128,0, 
63.5500,-1.4,-4.2,1.2,5.2,5.8,-2.0,-7.6,0,114390,0,129,0, 
63.5533,-2.7,-3.4,2.3,5.5,5.0,-2.8,-8.8,0,114396,0,130,0, 
63.5567,-3.4,-2.0,3.9,5.5,3.2,-4.7,-8.8,0,114402,0,131,0, 
63.5600,-3.6,-0.9,4.2,4.9,1.6,-6.6,-7.1,0,114408,0,132,0, 
63.5633,-4.0,-0.6,2.0,3.4,0.7,-8.2,-4.1,0,114414,0,133,0, 
63.5667,-4.8,-1.0,-1.7,1.3,0.7,-9.4,-1.1,0,114420,0,134,0, 
63.5700,-5.7,-1.1,-4.3,-0.8,0.8,-9.8,1.0,0,114426,0,135,0, 
63.5733,-5.8,0.0,-3.7,-1.8,0.6,-8.8,1.5,0,114432,0,136,0, 
63.5767,-4.7,2.3,0.1,-1.3,0.1,-6.2,0.7,0,114438,0,137,0, 
63.5800,-2.6,4.3,4.3,0.3,0.0,-3.4,-1.0,0,114444,0,138,0, 
63.5833,-0.2,4.8,5.8,2.2,0.5,-2.3,-3.1,0,114450,0,139,0, 
63.5867,1.7,2.9,3.4,3.2,1.6,-4.1,-5.3,0,114456,0,140,0, 
63.5900,2.7,-0.5,-1.0,3.1,2.6,-7.7,-7.0,0,114462,0,141,0, 
63.5933,3.0,-3.5,-4.3,2.0,2.9,-10.5,-7.5,0,114468,0,142,0, 
63.5967,3.0,-4.9,-4.5,0.9,2.5,-10.1,-6.6,0,114474,0,143,0, 
63.6000,2.5,-4.5,-2.2,0.6,1.8,-6.5,-4.4,0,114480,0,144,0, 
63.6033,1.6,-3.4,0.0,1.3,1.3,-2.5,-2.1,0,114486,0,145,0, 
63.6067,0.4,-2.9,0.2,2.8,1.1,-1.0,-0.5,0,114492,0,146,0, 
63.6100,-0.5,-3.4,-1.6,4.1,1.0,-3.0,0.1,0,114498,0,147,0, 
63.6133,-0.5,-4.3,-3.4,4.8,0.6,-6.4,0.0,0,114504,0,148,0, 
63.6167,0.5,-4.7,-3.6,4.6,-0.2,-8.3,0.1,0,114510,0,149,0, 
63.6200,2.0,-4.0,-2.2,4.0,-0.9,-7.1,0.4,0,114516,0,150,0, 
63.6233,2.9,-2.9,-0.7,3.5,-1.5,-4.3,0.6,0,114522,0,151,0, 
63.6267,2.8,-2.4,-0.6,3.3,-1.8,-2.8,-0.1,0,114528,0,152,0, 
63.6300,1.9,-3.4,-2.1,3.5,-1.9,-4.4,-1.6,0,114534,0,153,0, 
63.6333,0.7,-5.7,-3.8,3.5,-1.9,-7.9,-3.4,0,114540,0,154,0, 
63.6367,-0.3,-8.5,-4.3,3.3,-1.6,-10.2,-4.7,0,114546,0,155,0, 
63.6400,-1.3,-11.0,-3.6,2.8,-1.0,-9.3,-5.5,0,114552,0,156,0, 
63.6433,-2.6,-12.7,-3.1,2.2,-0.3,-6.0,-6.0,0,114558,0,157,0, 
63.6467,-4.1,-13.5,-3.9,1.8,0.0,-3.3,-6.8,0,114564,0,158,0, 
63.6500,-4.7,-13.4,-6.1,1.2,-0.2,-3.7,-7.6,0,114570,0,159,0, 
63.6533,-3.5,-12.1,-7.8,0.4,-0.8,-7.0,-7.6,0,114576,0,160,0, 
63.6567,-0.4,-9.5,-7.3,-0.6,-0.9,-9.9,-5.9,0,114582,0,161,0, 
63.6600,3.2,-5.7,-4.4,-1.3,0.3,-9.1,-2.2,0,114588,0,162,0, 
63.6633,5.3,-1.7,-0.4,-1.4,2.6,-3.7,2.4,0,114594,0,163,0, 
63.6667,4.9,1.5,2.4,-0.7,5.1,3.7,6.5,0,114600,0,164,0, 
63.6700,2.5,3.1,3.1,0.1,6.6,9.1,8.8,0,114606,0,165,0, 
63.6733,-0.2,3.2,2.4,0.6,6.4,9.9,9.1,0,114612,0,166,0, 
63.6767,-1.5,2.6,1.9,0.4,4.8,6.8,7.9,0,114618,0,167,0, 
63.6800,-1.0,1.9,2.5,0.1,2.8,1.9,5.9,0,114624,0,168,0, 
63.6833,0.3,1.3,3.5,0.1,1.6,-2.3,3.7,0,114630,0,169,0, 
63.6867,1.3,0.5,3.3,0.8,1.3,-5.0,1.7,0,114636,0,170,0, 
63.6900,1.7,-0.6,1.5,1.9,1.3,-6.6,0.2,0,114642,0,171,0, 
63.6933,2.1,-1.6,-0.8,2.9,1.0,-7.8,-0.3,0,114648,0,172,0, 
63.6967,3.0,-1.7,-1.4,3.4,0.0,-8.6,0.3,0,114654,0,173,0, 
63.7000,4.5,-0.1,0.8,3.9,-1.2,-8.6,1.5,0,114660,0,174,0, 
63.7033,6.0,3.0,5.2,4.8,-1.7,-7.7,2.6,0,114666,0,175,0, 
63.7067,6.5,6.4,9.8,6.3,-1.2,-6.2,3.0,0,114672,0,176,0, 
63.7100,5.8,9.1,12.8,8.1,0.4,-4.1,3.1,0,114678,0,177,0, 
63.7133,4.7,10.4,13.7,9.1,2.4,-1.5,3.8,0,114684,0,178,0, 
63.7167,4.4,10.7,13.5,8.6,4.2,2.0,6.0,0,114690,0,179,0, 
63.7200,5.7,10.9,12.9,6.5,5.6,6.3,9.8,0,114696,0,180,0, 
63.7233,8.6,11.7,11.9,3.8,6.5,10.2,14.2,0,114702,0,181,0, 
63.7267,12.2,13.3,10.2,1.6,7.2,12.7,17.9,0,114708,0,182,0, 
63.7300,15.2,15.5,8.0,0.8,7.7,13.5,20.2,0,114714,0,183,0, 
63.7333,16.9,17.8,6.7,1.3,7.8,13.6,21.1,0,114720,0,184,0, 
63.7367,17.0,19.4,7.6,2.7,7.4,14.3,21.2,0,114726,0,185,0, 
63.7400,15.9,19.9,10.7,3.9,6.5,16.0,20.8,0,114732,0,186,0, 
63.7433,14.1,18.7,13.9,4.4,5.1,17.5,19.8,0,114738,0,187,0, 
63.7467,12.1,16.0,14.9,4.2,3.4,16.7,17.7,0,114744,0,188,0, 
63.7500,10.1,12.8,13.3,4.0,1.6,12.5,14.6,0,114750,0,189,0, 
63.7533,8.1,10.4,10.4,4.1,0.0,5.7,11.0,0,114756,0,190,0, 
63.7567,6.4,9.6,8.4,4.6,-1.1,-1.7,7.9,0,114762,0,191,0, 
63.7600,5.2,10.4,8.0,5.0,-1.9,-7.1,6.0,0,114768,0,192,0, 
63.7633,4.8,11.7,7.9,4.6,-2.3,-9.7,5.4,0,114774,0,193,0, 
63.7667,4.9,12.7,7.2,3.1,-2.9,-9.7,5.7,0,114780,0,194,0, 
63.7700,5.1,13.7,6.6,1.3,-3.7,-8.5,7.1,0,114786,0,195,0, 
63.7733,5.1,15.6,8.6,0.0,-4.6,-7.1,9.7,0,114792,0,196,0, 
63.7767,4.9,19.4,14.4,-0.3,-5.1,-5.4,14.0,0,114798,0,197,0, 
63.7800,5.5,24.4,22.1,0.2,-4.5,-3.1,19.4,0,114804,0,198,0, 
63.7833,7.3,28.4,26.5,0.3,-2.2,0.8,24.6,0,114810,0,199,1, sound 
63.7867,10.1,29.4,23.2,-0.7,1.3,6.2,27.7,0,114816,0,200,0, 
63.7900,12.3,26.5,12.9,-2.7,5.2,12.3,27.3,0,114822,0,201,0, 
63.7933,12.2,21.1,1.5,-4.4,8.3,16.9,23.2,0,114828,0,202,0, 
63.7967,9.1,15.5,-4.0,-4.7,9.4,17.7,17.0,0,114834,0,203,0, 
63.8000,4.2,11.5,-1.2,-3.5,8.1,13.6,10.8,0,114840,0,204,0, 
63.8033,0.0,9.0,5.7,-1.7,5.0,6.1,6.7,0,114846,0,205,0, 
63.8067,-1.1,6.9,9.7,-0.6,1.4,-1.1,5.4,0,114852,0,206,0, 
63.8100,1.3,4.2,6.5,-0.8,-1.5,-4.6,6.0,0,114858,0,207,0, 
63.8133,5.5,0.9,-1.9,-1.7,-2.6,-3.2,7.0,0,114864,0,208,0, 
63.8167,8.5,-2.2,-9.5,-2.3,-2.4,1.0,6.9,0,114870,0,209,0, 
63.8200,8.4,-3.8,-11.1,-2.1,-1.7,4.2,5.3,0,114876,0,210,0, 
63.8233,5.6,-3.9,-6.7,-1.6,-1.7,3.8,3.1,0,114882,0,211,0, 
63.8267,2.4,-3.1,-0.8,-1.8,-3.0,0.3,1.4,0,114888,0,212,0, 
63.8300,0.8,-2.5,1.8,-3.0,-5.4,-3.8,0.7,0,114894,0,213,0, 
63.8333,1.5,-2.6,0.0,-4.8,-7.9,-6.4,0.7,0,114900,0,214,0, 
63.8367,3.2,-3.6,-3.8,-5.8,-9.8,-7.4,-0.1,0,114906,0,215,0, 
63.8400,3.7,-5.4,-6.2,-5.4,-10.6,-8.9,-2.7,0,114912,0,216,0, 
63.8433,1.5,-8.0,-6.0,-3.8,-10.8,-12.9,-7.2,0,114918,0,217,0, 
63.8467,-3.2,-10.8,-4.4,-2.0,-10.7,-18.9,-12.2,0,114924,0,218,0, 
63.8500,-8.7,-13.2,-3.8,-1.3,-10.5,-24.2,-15.8,0,114930,0,219,0, 
63.8533,-13.0,-14.7,-5.3,-2.1,-10.1,-26.1,-16.8,0,114936,0,220,0, 
63.8567,-14.6,-14.9,-8.1,-4.0,-9.5,-23.6,-15.3,0,114942,0,221,0, 
63.8600,-13.5,-14.4,-10.8,-6.2,-8.6,-18.7,-12.8,0,114948,0,222,0, 
63.8633,-11.1,-14.2,-12.3,-7.9,-7.8,-14.4,-11.2,0,114954,0,223,0, 
63.8667,-8.7,-14.9,-12.5,-8.8,-7.2,-12.9,-11.6,0,114960,0,224,0, 
63.8700,-7.6,-16.4,-11.6,-9.1,-6.7,-14.0,-13.7,0,114966,0,225,0, 
63.8733,-7.7,-18.0,-10.5,-9.2,-6.4,-15.8,-15.9,0,114972,0,226,0, 
63.8767,-8.5,-18.6,-9.9,-9.5,-6.0,-16.4,-16.9,0,114978,0,227,0, 
63.8800,-9.0,-18.0,-10.7,-10.1,-5.9,-15.1,-16.0,0,114984,0,228,0, 
63.8833,-8.7,-16.4,-13.1,-10.6,-6.0,-12.5,-13.8,0,114990,0,229,0, 
63.8867,-7.6,-14.4,-16.1,-10.8,-6.1,-10.3,-11.4,0,114996,0,230,0, 
63.8900,-6.2,-12.5,-17.2,-10.3,-5.8,-9.3,-9.5,0,115002,0,231,0, 
63.8933,-5.1,-10.6,-14.8,-9.3,-4.7,-9.5,-8.2,0,115008,0,232,0, 
63.8967,-4.3,-8.4,-9.0,-8.1,-3.3,-9.7,-6.7,0,115014,0,233,0, 
63.9000,-3.7,-6.0,-2.4,-7.3,-2.4,-8.9,-4.5,0,115020,0,234,0, 
63.9033,-3.3,-3.7,1.4,-7.2,-3.0,-6.8,-1.9,0,115026,0,235,0, 
63.9067,-2.6,-2.1,0.5,-7.5,-5.2,-4.7,0.3,0,115032,0,236,0, 
63.9100,-1.5,-1.5,-4.0,-7.9,-8.1,-4.5,1.0,0,115038,0,237,0, 
63.9133,0.0,-2.1,-9.0,-8.3,-10.3,-7.8,-0.1,0,115044,0,238,0, 
63.9167,1.8,-3.8,-11.3,-8.6,-11.1,-13.9,-3.0,0,115050,0,239,0, 
63.9200,3.1,-6.2,-10.2,-8.7,-10.5,-20.4,-7.1,0,115056,0,240,0, 
63.9233,3.3,-8.6,-7.3,-8.4,-9.2,-23.9,-11.7,0,115062,0,241,0, 
63.9267,2.2,-10.3,-5.1,-7.4,-8.2,-22.4,-16.3,0,115068,0,242,0, 
63.9300,0.0,-10.8,-5.0,-5.5,-7.9,-17.1,-20.5,0,115074,0,243,0, 
63.9333,-2.1,-10.5,-6.5,-3.0,-8.2,-11.4,-24.0,0,115080,0,244,0, 
63.9367,-3.2,-10.2,-8.1,-0.9,-8.7,-9.0,-26.6,0,115086,0,245,0, 
63.9400,-3.3,-11.1,-8.6,0.0,-9.1,-11.4,-28.4,0,115092,0,246,0, 
63.9433,-3.4,-13.5,-7.6,-0.5,-9.3,-16.8,-29.8,0,115098,0,247,0, 
63.9467,-5.1,-16.6,-6.0,-1.7,-8.9,-21.0,-30.8,0,115104,0,248,0, 
63.9500,-9.0,-19.2,-4.6,-2.8,-7.6,-20.4,-30.7,0,115110,0,249,0, 
63.9533,-14.4,-20.1,-4.4,-3.1,-5.5,-14.7,-28.8,0,115116,0,250,0, 
63.9567,-19.2,-19.3,-5.4,-3.1,-2.8,-6.8,-24.6,0,115122,0,251,0, 
63.9600,-21.9,-17.4,-7.4,-3.3,-0.3,-1.0,-18.7,0,115128,0,252,0, 
63.9633,-22.0,-15.7,-9.4,-4.2,1.5,0.2,-12.7,0,115134,0,253,0, 
63.9667,-20.5,-15.1,-10.6,-5.1,2.5,-2.6,-8.5,0,115140,0,254,0, 
63.9700,-19.0,-15.5,-10.6,-5.5,3.0,-6.2,-7.1,0,115146,0,255,0, 
63.9733,-18.6,-16.4,-9.6,-4.7,3.0,-7.7,-8.2,0,115152,0,0,0, 
63.9767,-18.8,-17.0,-8.8,-3.5,2.5,-7.0,-10.5,0,115158,0,1,0, 
63.9800,-18.7,-16.8,-8.8,-2.9,1.1,-6.1,-12.7,0,115164,0,2,0, 
63.9833,-17.4,-15.8,-9.7,-3.9,-1.0,-7.5,-14.2,0,115170,0,3,0, 
63.9867,-15.0,-14.2,-10.6,-6.2,-3.1,-11.2,-15.4,0,115176,0,4,0, 
63.9900,-12.3,-12.5,-10.7,-8.8,-4.5,-14.6,-16.8,0,115182,0,5,0, 
63.9933,-10.1,-11.0,-10.1,-10.2,-4.6,-14.8,-18.3,0,115188,0,6,0, 
63.9967,-8.5,-10.1,-9.7,-10.0,-3.9,-11.3,-19.6,0,115194,0,7,0, 
64.0000,-7.2,-9.7,-10.5,-8.8,-3.0,-6.9,-19.9,0,115200,0,8,0, 
64.0033,-5.9,-9.7,-12.3,-7.6,-2.6,-5.3,-18.9,0,115206,0,9,0, 
64.0067,-4.6,-9.8,-14.1,-7.5,-2.7,-7.6,-16.8,0,115212,0,10,0, 
64.0100,-3.7,-10.1,-14.8,-8.3,-2.9,-11.6,-13.7,0,115218,0,11,0, 
64.0133,-3.3,-10.9,-14.8,-9.7,-3.0,-13.3,-10.4,0,115224,0,12,0, 
64.0167,-3.3,-12.4,-15.5,-10.8,-2.9,-11.0,-7.7,0,115230,0,13,0, 
64.0200,-3.3,-14.5,-18.4,-11.7,-2.8,-6.9,-6.7,0,115236,0,14,0, 
64.0233,-3.3,-16.8,-23.0,-12.3,-2.6,-5.0,-8.1,0,115242,0,15,0, 
64.0267,-3.6,-18.4,-26.6,-12.6,-2.0,-7.3,-11.6,0,115248,0,16,0, 
64.0300,-4.4,-19.1,-25.9,-12.4,-1.2,-11.6,-15.9,0,115254,0,17,0, 
64.0333,-5.7,-19.1,-20.2,-11.5,-0.6,-13.4,-19.6,0,115260,0,18,0, 
64.0367,-7.0,-19.3,-12.0,-10.1,-1.0,-10.5,-22.1,0,115266,0,19,0, 
64.0400,-7.2,-20.2,-6.0,-8.6,-2.5,-4.9,-23.6,0,115272,0,20,0, 
64.0433,-6.1,-22.1,-5.6,-7.6,-4.2,-1.3,-25.0,0,115278,0,21,0, 
64.0467,-4.0,-23.9,-10.7,-6.9,-4.9,-2.4,-26.4,0,115284,0,22,0, 
64.0500,-1.8,-24.3,-17.3,-6.1,-3.5,-6.5,-26.5,0,115290,0,23,0, 
64.0533,-0.4,-22.2,-20.3,-4.7,-0.7,-9.0,-23.5,0,115296,0,24,0, 
64.0567,0.2,-17.6,-17.2,-2.8,2.0,-6.8,-17.2,0,115302,0,25,0, 
64.0600,0.4,-11.8,-9.7,-1.0,3.0,-1.5,-9.5,0,115308,0,26,0, 
64.0633,0.7,-7.1,-2.4,0.1,2.3,2.4,-3.8,0,115314,0,27,0, 
64.0667,1.3,-4.9,0.5,0.2,0.9,1.3,-2.3,0,115320,0,28,0, 
64.0700,2.1,-5.9,-2.1,0.0,0.4,-3.5,-4.9,0,115326,0,29,0, 
64.0733,2.5,-8.5,-7.5,0.4,1.3,-7.2,-8.8,0,115332,0,30,0, 
64.0767,2.2,-10.7,-11.5,1.8,2.8,-5.7,-10.9,0,115338,0,31,0, 
64.0800,1.6,-10.6,-11.1,3.6,3.8,0.2,-9.9,0,115344,0,32,0, 
64.0833,0.9,-7.9,-6.6,5.2,3.9,5.7,-6.8,0,115350,0,33,0, 
64.0867,0.2,-3.7,-0.6,5.8,3.8,6.0,-4.0,0,115356,0,34,0, 
64.0900,-0.6,0.0,3.8,5.5,4.2,0.6,-3.0,0,115362,0,35,0, 
64.0933,-1.8,1.7,4.8,4.9,5.0,-6.5,-3.6,0,115368,0,36,0, 
64.0967,-3.6,0.9,2.5,4.6,5.5,-10.1,-4.5,0,115374,0,37,0, 
64.1000,-5.5,-1.4,-1.4,4.4,4.9,-8.6,-4.6,0,115380,0,38,0, 
64.1033,-7.0,-4.3,-5.6,3.9,3.3,-4.2,-4.1,0,115386,0,39,0, 
64.1067,-7.8,-7.0,-9.3,2.5,2.0,-1.1,-3.7,0,115392,0,40,0, 
64.1100,-7.7,-9.3,-12.1,0.2,2.1,-1.4,-4.1,0,115398,0,41,0, 
64.1133,-6.9,-11.2,-13.7,-2.2,3.7,-3.7,-5.0,0,115404,0,42,0, 
64.1167,-5.5,-12.8,-13.3,-3.9,5.4,-5.1,-5.5,0,115410,0,43,0, 
64.1200,-3.4,-13.4,-11.0,-4.3,5.6,-3.6,-5.1,0,115416,0,44,0, 
64.1233,-0.6,-12.9,-7.6,-3.7,3.7,0.1,-4.0,0,115422,0,45,0, 
64.1267,2.7,-11.3,-4.6,-2.7,0.8,3.4,-2.7,0,115428,0,46,0, 
64.1300,5.9,-9.2,-3.2,-2.1,-1.3,4.5,-1.8,0,115434,0,47,0, 
64.1333,8.0,-7.5,-3.6,-2.2,-1.7,3.1,-1.2,0,115440,0,48,0, 
64.1367,8.3,-6.7,-4.9,-2.8,-0.6,0.6,-1.0,0,115446,0,49,0, 
64.1400,7.2,-6.9,-6.0,-3.5,0.7,-1.3,-1.1,0,115452,0,50,0, 
64.1433,5.5,-7.8,-6.6,-4.0,1.0,-1.8,-1.6,0,115458,0,51,0, 
64.1467,4.3,-8.5,-7.4,-4.3,0.3,-0.6,-2.4,0,115464,0,52,0, 
64.1500,4.1,-8.3,-8.9,-4.7,-0.5,2.1,-2.4,0,115470,0,53,0, 
64.1533,4.4,-6.3,-10.5,-5.2,-0.5,5.8,-0.6,0,115476,0,54,0, 
64.1567,4.2,-2.5,-10.4,-5.7,0.9,9.8,3.2,0,115482,0,55,0, 
64.1600,2.7,2.3,-7.4,-5.7,2.8,12.4,7.9,0,115488,0,56,0, 
64.1633,-0.1,6.8,-1.9,-4.8,4.3,12.5,11.5,0,115494,0,57,0, 
64.1667,-2.9,9.6,3.7,-3.1,4.4,9.9,12.9,0,115500,0,58,0, 
64.1700,-4.5,10.3,6.6,-1.0,3.4,6.4,12.3,0,115506,0,59,0, 
64.1733,-4.2,9.5,6.0,0.9,1.9,4.9,11.3,0,115512,0,60,0, 
64.1767,-2.6,8.7,3.7,2.3,0.7,7.1,11.7,0,115518,0,61,0, 
64.1800,-0.8,8.9,2.3,3.0,0.6,12.2,13.7,0,115524,0,62,0, 
64.1833,0.1,10.0,3.8,3.1,1.2,17.4,16.0,0,115530,0,63,0, 
64.1867,-0.5,11.3,7.5,2.7,2.2,19.1,16.9,0,115536,0,64,0, 
64.1900,-2.0,11.9,10.8,2.2,2.8,16.2,15.6,0,115542,0,65,0, 
64.1933,-3.7,11.6,11.5,1.7,2.7,10.3,12.8,0,115548,0,66,0, 
64.1967,-5.2,10.9,9.0,1.5,2.1,4.8,10.3,0,115554,0,67,0, 
64.2000,-6.5,10.6,4.6,1.8,1.4,2.9,9.4,0,115560,0,68,0, 
64.2033,-7.7,10.8,0.5,2.6,1.2,5.0,10.1,0,115566,0,69,0, 
64.2067,-8.6,11.0,-1.5,3.4,1.7,9.5,11.6,0,115572,0,70,0, 
64.2100,-8.5,10.9,-0.6,3.9,2.7,13.6,13.1,0,115578,0,71,0, 
64.2133,-7.2,10.8,2.8,4.2,3.8,15.5,14.4,0,115584,0,72,0, 
64.2167,-4.7,11.2,7.4,4.3,4.3,14.8,15.6,0,115590,0,73,0, 
64.2200,-2.1,12.6,11.5,4.7,3.9,12.0,16.3,0,115596,0,74,0, 
64.2233,-0.5,14.4,13.7,5.5,2.6,8.2,15.7,0,115602,0,75,0, 
64.2267,-0.4,15.1,13.3,6.6,1.0,4.4,13.4,0,115608,0,76,0, 
64.2300,-1.7,14.0,10.9,7.8,-0.2,1.3,10.2,0,115614,0,77,0, 
64.2333,-3.6,11.4,8.1,8.8,-0.4,0.1,7.7,0,115620,0,78,0, 
64.2367,-4.9,8.8,5.9,9.6,0.5,1.0,7.3,0,115626,0,79,0, 
64.2400,-5.1,7.9,4.8,10.0,1.8,3.3,9.2,0,115632,0,80,0, 
64.2433,-4.5,9.1,4.2,9.7,2.7,5.7,11.7,0,115638,0,81,0, 
64.2467,-3.4,11.2,3.6,8.5,2.7,6.8,13.0,0,115644,0,82,0, 
64.2500,-2.3,12.4,3.5,6.7,1.9,6.3,12.3,0,115650,0,83,0, 
64.2533,-1.4,12.1,5.2,5.0,0.9,5.7,10.6,0,115656,0,84,0, 
64.2567,-0.4,10.7,9.2,4.2,0.7,6.1,9.9,0,115662,0,85,0, 
64.2600,0.7,9.6,14.2,4.6,1.2,8.1,10.9,0,115668,0,86,0, 
64.2633,1.7,9.5,17.1,5.6,1.8,10.5,12.6,0,115674,0,87,0, 
64.2667,2.2,9.5,15.4,6.5,1.6,11.6,12.8,0,115680,0,88,0, 
64.2700,1.9,8.0,8.6,6.3,0.1,10.3,10.0,0,115686,0,89,0, 
64.2733,0.5,4.2,-0.6,5.4,-2.2,6.9,4.8,0,115692,0,90,0, 
64.2767,-1.6,-1.0,-7.9,4.2,-4.4,2.7,-0.5,0,115698,0,91,0, 
64.2800,-3.8,-5.4,-10.2,3.6,-5.6,-0.8,-3.5,0,115704,0,92,0, 
64.2833,-5.5,-7.1,-6.9,3.5,-5.9,-3.1,-3.6,0,115710,0,93,0, 
64.2867,-6.6,-5.8,-0.6,3.3,-5.6,-4.3,-1.9,0,115716,0,94,0, 
64.2900,-7.2,-2.9,5.3,2.6,-5.1,-4.9,-0.3,0,115722,0,95,0, 
64.2933,-7.5,-0.7,7.7,1.3,-4.7,-4.7,0.1,0,115728,0,96,0, 
64.2967,-7.7,-0.5,5.9,0.0,-4.2,-3.3,-0.3,0,115734,0,97,0, 
64.3000,-7.3,-2.4,1.0,-0.4,-3.4,-0.7,-0.6,0,115740,0,98,0, 
64.3033,-6.1,-5.2,-4.5,0.2,-2.5,2.7,-0.3,0,115746,0,99,0, 
64.3067,-4.4,-7.9,-8.5,1.3,-1.6,5.4,0.3,0,115752,0,100,0, 
64.3100,-3.0,-10.0,-9.7,2.1,-0.8,6.3,0.1,0,115758,0,101,0, 
64.3133,-2.8,-11.6,-8.4,2.1,0.1,5.0,-1.5,0,115764,0,102,0, 
64.3167,-4.1,-13.1,-6.1,1.6,1.1,2.6,-3.7,0,115770,0,103,0, 
64.3200,-6.3,-14.3,-4.2,1.5,2.1,1.0,-5.2,0,115776,0,104,0, 
64.3233,-7.8,-14.7,-3.9,1.9,2.6,2.0,-5.0,0,115782,0,105,0, 
64.3267,-7.4,-14.0,-4.7,2.8,2.3,5.3,-3.0,0,115788,0,106,0, 
64.3300,-5.0,-12.3,-5.6,3.4,1.6,9.1,-0.2,0,115794,0,107,0, 
64.3333,-1.7,-10.3,-5.5,3.2,0.9,10.6,1.9,0,115800,0,108,0, 
64.3367,1.0,-8.6,-4.3,2.3,0.6,8.7,2.6,0,115806,0,109,0, 
64.3400,2.1,-7.4,-2.6,1.4,0.8,4.6,2.0,0,115812,0,110,0, 
64.3433,2.1,-6.4,-1.2,0.8,1.2,1.2,1.2,0,115818,0,111,0, 
64.3467,2.4,-4.9,-0.2,0.6,1.6,0.7,1.1,0,115824,0,112,0, 
64.3500,4.2,-2.7,0.7,0.5,2.0,2.9,2.2,0,115830,0,113,0, 
64.3533,7.4,0.1,2.3,-0.1,2.7,5.2,4.1,0,115836,0,114,0, 
64.3567,10.6,2.8,4.3,-0.9,4.0,5.1,6.2,0,115842,0,115,0, 
64.3600,12.2,4.6,5.8,-1.3,5.7,2.7,7.6,0,115848,0,116,0, 
64.3633,11.6,5.2,5.8,-0.9,7.0,0.2,8.3,0,115854,0,117,0, 
64.3667,9.5,4.9,4.3,0.3,7.3,0.3,8.5,0,115860,0,118,0, 
64.3700,7.7,4.3,2.6,1.7,6.7,3.7,8.7,0,115866,0,119,0, 
64.3733,7.1,4.2,2.3,2.8,5.7,7.9,9.4,0,115872,0,120,0, 
64.3767,7.2,4.8,4.5,3.2,4.9,9.6,10.3,0,115878,0,121,0, 
64.3800,7.0,6.2,8.6,3.3,4.8,7.6,11.4,0,115884,0,122,0, 
64.3833,5.5,8.0,12.8,3.4,5.1,3.7,12.5,0,115890,0,123,0, 
64.3867,3.0,9.5,14.4,3.5,5.4,1.2,13.6,0,115896,0,124,0, 
64.3900,0.6,10.0,11.8,3.1,5.2,1.7,14.4,0,115902,0,125,0, 
64.3933,-0.4,8.8,5.3,1.6,4.4,4.1,14.6,0,115908,0,126,0, 
64.3967,0.0,6.0,-2.7,-1.0,3.3,5.6,13.7,0,115914,0,127,0, 
64.4000,0.7,2.4,-8.9,-4.0,2.4,4.6,11.9,0,115920,0,128,0, 
64.4033,0.5,-0.3,-10.8,-6.1,1.8,1.7,9.8,0,115926,0,129,0, 
64.4067,-1.1,-0.8,-8.3,-6.8,1.4,-0.6,8.5,0,115932,0,130,0, 
64.4100,-3.4,1.1,-3.3,-6.0,0.9,-1.1,8.6,0,115938,0,131,0, 
64.4133,-5.2,3.9,0.8,-4.4,0.2,-0.4,9.7,0,115944,0,132,0, 
64.4167,-5.8,5.4,1.7,-2.7,-0.6,-0.1,10.4,0,115950,0,133,0, 
64.4200,-5.1,4.2,-0.7,-1.3,-1.3,-1.4,9.9,0,115956,0,134,0, 
64.4233,-3.7,1.0,-4.4,-0.3,-1.9,-3.4,7.8,0,115962,0,135,0, 
64.4267,-2.2,-2.1,-6.3,0.2,-2.3,-4.7,5.2,0,115968,0,136,0, 
64.4300,-0.7,-3.0,-4.6,0.2,-2.5,-5.1,3.1,0,115974,0,137,0, 
64.4333,0.5,-1.0,-0.3,-0.4,-2.7,-5.8,1.7,0,115980,0,138,0, 
64.4367,1.3,2.2,3.9,-1.4,-2.9,-7.8,0.5,0,115986,0,139,0, 
64.4400,1.3,4.0,5.4,-2.2,-3.1,-10.8,-1.4,0,115992,0,140,0, 
64.4433,0.1,3.0,3.7,-2.3,-3.4,-12.9,-4.2,0,115998,0,141,0, 
64.4467,-2.0,-0.2,1.0,-1.5,-3.9,-12.0,-7.1,0,116004,0,142,0, 
64.4500,-3.9,-3.3,0.0,0.0,-4.4,-8.3,-8.8,0,116010,0,143,0, 
64.4533,-4.7,-4.4,1.5,1.6,-4.7,-4.2,-8.8,0,116016,0,144,0, 
64.4567,-4.3,-3.3,3.7,2.6,-4.5,-2.3,-7.3,0,116022,0,145,0, 
64.4600,-3.3,-1.6,3.7,2.8,-3.6,-2.9,-5.2,0,116028,0,146,0, 
64.4633,-2.7,-1.2,-0.1,2.4,-2.3,-4.2,-3.2,0,116034,0,147,0, 
64.4667,-2.9,-2.4,-5.4,1.9,-1.1,-3.7,-1.4,0,116040,0,148,0, 
64.4700,-3.2,-4.2,-8.4,1.9,-0.4,-1.2,0.0,0,116046,0,149,0, 
64.4733,-2.7,-5.0,-6.4,2.5,-0.1,0.7,0.7,0,116052,0,150,0, 
64.4767,-1.1,-4.2,-0.7,3.4,0.1,-0.9,-0.2,0,116058,0,151,0, 
64.4800,1.2,-2.6,4.5,4.3,0.6,-6.6,-2.8,0,116064,0,152,0, 
64.4833,2.8,-1.6,5.2,4.5,1.7,-13.2,-6.3,0,116070,0,153,0, 
64.4867,3.0,-1.8,1.5,4.0,2.8,-16.1,-8.7,0,116076,0,154,0, 
64.4900,2.0,-2.6,-2.9,3.0,3.4,-13.4,-8.4,0,116082,0,155,0, 
64.4933,0.8,-3.0,-3.5,2.2,3.2,-7.2,-5.9,0,116088,0,156,0, 
64.4967,0.4,-2.5,0.7,2.2,2.4,-2.8,-3.4,0,116094,0,157,0, 
64.5000,0.7,-1.9,6.3,3.2,1.5,-3.8,-3.3,0,116100,0,158,0, 
64.5033,0.9,-2.3,8.4,4.4,1.0,-9.7,-6.6,0,116106,0,159,0, 
64.5067,0.1,-4.3,4.9,4.9,0.9,-15.9,-11.5,0,116112,0,160,0, 
64.5100,-1.5,-6.8,-1.7,4.2,0.6,-17.8,-15.1,0,116118,0,161,0, 
64.5133,-2.9,-8.1,-6.3,2.6,-0.2,-14.8,-15.2,0,116124,0,162,0, 
64.5167,-2.9,-7.0,-5.9,0.9,-1.2,-10.1,-12.1,0,116130,0,163,0, 
64.5200,-1.4,-4.1,-1.5,0.3,-1.8,-8.2,-7.9,0,116136,0,164,0, 
64.5233,0.6,-0.9,2.6,0.8,-1.4,-10.2,-4.9,0,116142,0,165,0, 
64.5267,1.8,1.2,3.5,1.8,0.3,-13.1,-3.5,0,116148,0,166,0, 
64.5300,1.8,2.0,1.2,2.4,2.4,-12.6,-2.7,0,116154,0,167,0, 
64.5333,1.4,2.2,-1.2,2.1,3.7,-7.6,-1.1,0,116160,0,168,0, 
64.5367,1.9,2.6,-1.1,1.5,3.6,-1.2,1.3,0,116166,0,169,0, 
64.5400,3.8,3.1,1.2,1.2,2.3,1.8,3.1,0,116172,0,170,0, 
64.5433,6.2,2.9,3.2,1.6,1.0,-0.7,3.0,0,116178,0,171,0, 
64.5467,7.4,1.3,3.0,2.3,0.9,-5.7,1.2,0,116184,0,172,0, 
64.5500,6.3,-1.0,0.7,2.7,2.3,-7.6,-0.6,0,116190,0,173,0, 
64.5533,3.5,-2.6,-1.1,2.3,4.3,-3.0,-0.5,0,116196,0,174,0, 
64.5567,0.7,-2.1,-0.3,1.6,5.3,6.0,1.8,0,116202,0,175,0, 
64.5600,-0.7,0.4,3.0,1.4,4.7,13.0,4.6,0,116208,0,176,0, 
64.5633,-0.9,3.3,6.4,2.1,3.0,12.9,5.7,0,116214,0,177,0, 
64.5667,-0.9,4.8,7.7,3.4,1.4,5.7,4.2,0,116220,0,178,0, 
64.5700,-2.1,4.0,6.4,4.4,1.1,-3.2,1.4,0,116226,0,179,0, 
64.5733,-4.6,1.6,3.8,4.5,2.1,-7.7,-0.1,0,116232,0,180,0, 
64.5767,-7.5,-0.7,1.6,3.7,3.2,-5.9,0.8,0,116238,0,181,0, 
64.5800,-9.1,-1.6,0.6,2.7,3.3,-0.9,3.0,0,116244,0,182,0, 
64.5833,-8.8,-1.1,0.7,2.2,2.1,2.1,3.7,0,116250,0,183,0, 
64.5867,-7.2,0.1,1.6,2.4,0.7,0.8,1.4,0,116256,0,184,0, 
64.5900,-5.3,1.4,3.5,3.1,0.2,-2.5,-3.1,0,116262,0,185,0, 
64.5933,-4.3,3.1,7.0,3.6,1.2,-3.4,-6.5,0,116268,0,186,0, 
64.5967,-4.0,5.7,11.6,3.5,3.3,0.4,-6.0,0,116274,0,187,0, 
64.6000,-4.1,9.1,15.4,2.8,5.1,6.9,-1.9,0,116280,0,188,0, 
64.6033,-4.0,12.3,16.5,1.7,5.8,11.7,3.3,0,116286,0,189,0, 
64.6067,-3.6,13.5,14.2,0.2,5.0,12.1,6.0,0,116292,0,190,0, 
64.6100,-3.3,12.0,9.8,-1.3,3.2,9.0,5.1,0,116298,0,191,0, 
64.6133,-3.3,8.2,5.7,-2.5,1.2,5.9,2.4,0,116304,0,192,0, 
64.6167,-4.0,4.1,3.2,-3.2,-0.3,5.4,1.1,0,116310,0,193,0, 
64.6200,-5.2,1.1,2.2,-3.2,-0.9,7.1,2.7,0,116316,0,194,0, 
64.6233,-6.7,-0.1,1.1,-2.8,-0.2,8.3,6.1,0,116322,0,195,0, 
64.6267,-8.2,0.1,-1.1,-2.0,1.3,7.1,8.7,0,116328,0,196,0, 
64.6300,-9.2,1.0,-3.6,-1.3,3.2,4.3,8.6,0,116334,0,197,0, 
64.6333,-9.2,2.3,-4.4,-0.6,4.6,2.5,6.3,0,116340,0,198,0, 
64.6367,-8.4,4.1,-1.9,-0.2,4.9,3.8,3.9,0,116346,0,199,0, 
64.6400,-7.3,6.0,3.2,-0.3,4.3,7.3,2.9,0,116352,0,200,0, 
64.6433,-6.9,7.1,7.8,-1.3,3.3,10.4,3.0,0,116358,0,201,0, 
64.6467,-7.7,6.3,8.5,-3.4,2.8,10.8,2.7,0,116364,0,202,0, 
64.6500,-9.5,3.4,3.7,-6.2,3.2,8.4,0.6,0,116370,0,203,0, 
64.6533,-11.1,-0.4,-4.5,-8.7,4.0,5.5,-2.9,0,116376,0,204,0, 
64.6567,-11.6,-3.1,-11.6,-9.7,4.8,4.1,-6.2,0,116382,0,205,0, 
64.6600,-10.8,-3.4,-13.4,-8.7,5.0,4.5,-7.8,0,116388,0,206,0, 
64.6633,-9.5,-1.5,-9.3,-6.3,4.8,5.6,-7.6,0,116394,0,207,0, 
64.6667,-8.6,0.6,-2.6,-4.1,4.7,6.3,-6.6,0,116400,0,208,0, 
64.6700,-8.7,0.9,1.7,-3.4,5.1,6.7,-5.6,0,116406,0,209,0, 
64.6733,-9.4,-1.1,0.8,-4.5,6.2,7.8,-4.8,0,116412,0,210,0, 
64.6767,-9.5,-3.6,-3.8,-6.3,7.7,10.5,-3.1,0,116418,0,211,0, 
64.6800,-8.0,-4.5,-7.8,-7.5,8.8,13.9,0.3,0,116424,0,212,0, 
64.6833,-4.9,-2.7,-7.2,-7.1,9.1,16.2,4.9,0,116430,0,213,0, 
64.6867,-0.7,1.0,-2.2,-5.2,8.3,16.2,9.4,0,116436,0,214,0, 
64.6900,3.4,4.2,3.5,-3.0,6.8,14.4,12.1,0,116442,0,215,0, 
64.6933,6.2,4.9,5.5,-1.7,5.5,12.5,12.3,0,116448,0,216,0, 
64.6967,6.8,3.0,2.5,-1.5,5.3,12.1,10.7,0,116454,0,217,0, 
64.7000,5.2,0.0,-2.8,-2.2,6.2,13.1,8.3,0,116460,0,218,0, 
64.7033,2.4,-1.7,-5.9,-2.8,7.8,13.9,6.0,0,116466,0,219,0, 
64.7067,0.1,-0.7,-4.6,-2.9,9.0,12.7,4.1,0,116472,0,220,0, 
64.7100,-0.2,2.4,-0.6,-2.7,8.8,9.3,2.6,0,116478,0,221,0, 
64.7133,2.1,6.4,2.7,-2.5,7.4,5.0,1.5,0,116484,0,222,0, 
64.7167,6.0,9.3,3.3,-2.6,5.8,1.8,1.3,0,116490,0,223,0, 
64.7200,9.2,10.2,2.4,-2.6,5.1,1.5,2.2,0,116496,0,224,0, 
64.7233,9.9,9.2,2.8,-2.5,5.8,4.0,3.8,0,116502,0,225,0, 
64.7267,7.9,7.1,6.1,-2.1,7.2,8.3,5.6,0,116508,0,226,0, 
64.7300,4.8,4.9,10.3,-1.8,8.4,12.6,6.9,0,116514,0,227,0, 
64.7333,2.6,3.1,11.1,-2.0,8.8,15.6,7.6,0,116520,0,228,0, 
64.7367,2.7,1.8,6.0,-2.7,8.7,17.0,8.0,0,116526,0,229,0, 
64.7400,4.8,0.8,-3.2,-3.4,8.8,17.2,8.7,0,116532,0,230,0, 
64.7433,7.2,0.0,-11.6,-3.5,9.3,17.2,9.7,0,116538,0,231,0, 
64.7467,8.9,-0.5,-14.2,-2.7,9.5,17.5,10.4,0,116544,0,232,0, 
64.7500,9.5,-0.4,-9.8,-1.2,8.5,17.7,10.1,0,116550,0,233,0, 
64.7533,9.9,0.0,-1.6,0.1,6.3,16.8,8.2,0,116556,0,234,0, 
64.7567,10.5,0.6,5.2,0.6,3.8,14.0,5.0,0,116562,0,235,0, 
64.7600,11.0,0.7,7.4,0.0,2.5,9.5,1.1,0,116568,0,236,0, 
64.7633,10.6,0.2,5.0,-1.5,3.1,4.8,-2.3,0,116574,0,237,0, 
64.7667,9.0,-1.0,0.7,-3.3,5.0,1.6,-4.6,0,116580,0,238,0, 
64.7700,6.7,-2.2,-2.8,-4.7,6.5,0.4,-5.7,0,116586,0,239,0, 
64.7733,5.1,-2.9,-4.6,-5.5,6.2,0.2,-5.9,0,116592,0,240,0, 
64.7767,5.1,-3.1,-5.3,-5.5,4.0,-1.1,-6.2,0,116598,0,241,0, 
64.7800,6.3,-3.1,-5.6,-5.0,1.1,-4.4,-7.0,0,116604,0,242,0, 
64.7833,7.4,-3.1,-5.3,-4.4,-0.9,-8.8,-8.3,0,116610,0,243,0, 
64.7867,7.1,-3.0,-4.0,-4.3,-0.8,-11.9,-9.3,0,116616,0,244,0, 
64.7900,5.4,-2.7,-2.1,-4.8,1.1,-11.4,-9.1,0,116622,0,245,0, 
64.7933,3.2,-2.1,-1.0,-6.1,3.4,-7.5,-7.3,0,116628,0,246,0, 
64.7967,1.7,-1.5,-2.3,-7.6,4.9,-2.6,-4.4,0,116634,0,247,0, 
64.8000,1.6,-1.9,-6.0,-8.7,4.8,0.8,-1.5,0,116640,0,248,0, 
64.8033,2.0,-3.5,-9.9,-8.6,3.4,1.7,0.2,0,116646,0,249,0, 
64.8067,2.0,-5.9,-11.3,-7.4,1.7,1.1,0.4,0,116652,0,250,0, 
64.8100,0.8,-8.0,-9.0,-5.7,0.6,0.6,-0.3,0,116658,0,251,0, 
64.8133,-1.1,-9.0,-4.8,-4.4,0.3,0.6,-1.0,0,116664,0,252,0, 
64.8167,-3.0,-9.0,-2.5,-4.3,0.7,0.0,-1.5,0,116670,0,253,0, 
64.8200,-4.0,-9.0,-5.0,-5.5,1.0,-2.5,-2.1,0,116676,0,254,0, 
64.8233,-4.3,-9.9,-11.8,-7.3,0.7,-6.9,-3.8,0,116682,0,255,0, 
64.8267,-4.2,-11.5,-18.9,-8.8,0.0,-10.5,-6.6,0,116688,0,0,0, 
64.8300,-4.3,-12.3,-21.4,-9.0,-0.7,-10.8,-9.4,0,116694,0,1,0, 
64.8333,-4.6,-10.9,-17.5,-7.5,-0.7,-6.5,-10.7,0,116700,0,2,0, 
64.8367,-4.8,-7.1,-9.4,-4.7,0.2,0.3,-9.3,0,116706,0,3,0, 
64.8400,-4.5,-2.5,-2.1,-1.8,1.5,5.8,-5.7,0,116712,0,4,0, 
64.8433,-3.5,0.6,0.7,0.4,2.4,7.0,-2.2,0,116718,0,5,0, 
64.8467,-2.0,0.8,-1.3,1.3,2.4,3.6,-0.9,0,116724,0,6,0, 
64.8500,-0.3,-1.7,-5.2,1.0,1.6,-2.0,-2.4,0,116730,0,7,0, 
64.8533,1.3,-4.9,-7.4,0.0,1.0,-6.4,-5.4,0,116736,0,8,0, 
64.8567,2.6,-7.1,-6.7,-1.2,1.2,-7.4,-7.4,0,116742,0,9,0, 
64.8600,3.1,-7.7,-4.7,-2.4,2.2,-4.9,-7.0,0,116748,0,10,0, 
64.8633,2.9,-7.5,-4.0,-3.3,3.1,-0.5,-4.4,0,116754,0,11,0, 
64.8667,1.9,-7.4,-5.6,-4.0,3.1,4.0,-1.3,0,116760,0,12,0, 
64.8700,0.7,-7.6,-8.2,-4.1,2.0,7.3,0.7,0,116766,0,13,0, 
64.8733,0.0,-7.4,-9.2,-3.4,0.7,9.2,1.5,0,116772,0,14,0, 
64.8767,0.7,-6.1,-7.2,-2.0,0.4,10.0,2.3,0,116778,0,15,0, 
64.8800,2.7,-3.5,-3.3,-0.4,1.4,9.8,3.8,0,116784,0,16,0, 
64.8833,5.3,-0.9,-0.2,1.0,3.2,8.8,5.7,0,116790,0,17,0, 
64.8867,7.5,0.2,0.2,1.9,4.3,7.0,6.2,0,116796,0,18,0, 
64.8900,8.2,-1.1,-2.0,2.3,4.1,4.8,4.0,0,116802,0,19,0, 
64.8933,7.0,-3.8,-4.6,2.6,2.8,2.9,-0.6,0,116808,0,20,0, 
64.8967,4.5,-6.1,-5.0,2.7,1.4,2.3,-5.4,0,116814,0,21,0, 
64.9000,1.7,-6.3,-2.4,2.7,0.9,2.8,-7.8,0,116820,0,22,0, 
64.9033,-0.4,-4.3,1.5,2.1,1.4,3.7,-6.9,0,116826,0,23,0, 
64.9067,-1.3,-1.5,3.6,1.1,2.2,3.8,-3.8,0,116832,0,24,0, 
64.9100,-1.4,0.2,1.5,-0.1,2.4,2.6,-1.0,0,116838,0,25,0, 
64.9133,-1.0,0.1,-4.4,-1.0,1.8,1.2,0.4,0,116844,0,26,0, 
64.9167,-0.7,-1.0,-11.3,-1.2,0.7,1.7,0.8,0,116850,0,27,0, 
64.9200,-0.6,-1.3,-15.0,-0.3,-0.1,4.9,1.9,0,116856,0,28,0, 
64.9233,-0.5,0.6,-12.9,1.5,-0.5,9.5,4.5,0,116862,0,29,0, 
64.9267,-0.1,4.4,-5.7,3.9,-0.6,12.1,7.5,0,116868,0,30,0, 
64.9300,0.8,8.0,3.0,6.5,-0.8,9.8,8.8,0,116874,0,31,0, 
64.9333,2.1,9.7,8.7,8.6,-1.4,2.7,6.9,0,116880,0,32,0, 
64.9367,3.4,8.6,9.3,9.5,-2.2,-5.2,2.7,0,116886,0,33,0, 
64.9400,4.2,6.1,5.7,9.2,-3.0,-8.7,-1.3,0,116892,0,34,0, 
64.9433,4.4,3.9,1.1,7.8,-3.6,-5.4,-2.8,0,116898,0,35,0, 
64.9467,4.0,3.4,-1.3,6.1,-3.8,2.1,-1.6,0,116904,0,36,0, 
64.9500,3.5,4.1,-1.0,4.9,-2.9,8.1,0.3,0,116910,0,37,0, 
64.9533,3.3,5.0,0.3,4.4,-0.7,8.3,1.0,0,116916,0,38,0, 
64.9567,3.4,5.0,0.4,4.3,2.7,3.4,0.0,0,116922,0,39,0, 
64.9600,3.8,4.6,-1.4,4.3,6.3,-1.8,-1.2,0,116928,0,40,0, 
64.9633,4.1,4.4,-3.7,4.0,8.4,-2.0,-0.5,0,116934,0,41,0, 
64.9667,4.1,4.9,-4.0,3.6,8.4,3.6,2.5,0,116940,0,42,0, 
64.9700,4.1,5.9,-1.1,3.6,6.4,10.4,6.1,0,116946,0,43,0, 
64.9733,4.3,6.1,3.6,4.1,3.8,12.9,7.8,0,116952,0,44,0, 
64.9767,4.7,4.9,7.3,4.9,2.1,8.6,6.2,0,116958,0,45,0, 
64.9800,4.8,2.8,7.7,5.3,1.6,0.5,2.4,0,116964,0,46,0, 
64.9833,4.2,0.8,4.9,4.9,1.7,-5.4,-1.4,0,116970,0,47,0, 
64.9867,2.4,-0.2,0.6,3.7,1.1,-5.6,-3.4,0,116976,0,48,0, 
64.9900,-0.5,-0.7,-2.9,2.1,-0.4,-1.4,-3.7,0,116982,0,49,0, 
64.9933,-3.8,-1.6,-4.6,0.8,-2.4,2.6,-4.1,0,116988,0,50,0, 
64.9967,-6.7,-3.9,-5.5,0.0,-4.0,2.6,-6.0,0,116994,0,51,0, 
65.0000,-8.8,-7.2,-6.7,-0.4,-4.6,-1.2,-9.6,0,117000,0,52,0, 
65.0033,-10.1,-10.3,-8.6,-0.5,-4.3,-4.7,-13.2,0,117006,0,53,0, 
65.0067,-11.3,-12.0,-10.4,-0.3,-3.8,-4.4,-14.6,0,117012,0,54,0, 
65.0100,-12.7,-12.0,-10.9,0.2,-3.3,-0.4,-13.3,0,117018,0,55,0, 
65.0133,-14.4,-11.1,-10.0,1.0,-2.9,3.5,-10.1,0,117024,0,56,0, 
65.0167,-16.1,-10.2,-8.4,1.6,-2.7,3.1,-7.4,0,117030,0,57,0, 
65.0200,-17.1,-9.7,-7.2,1.8,-2.7,-2.7,-6.7,0,117036,0,58,0, 
65.0233,-17.4,-8.9,-7.0,1.6,-3.0,-10.4,-8.0,0,117042,0,59,0, 
65.0267,-16.7,-7.0,-7.3,1.0,-3.7,-14.8,-9.6,0,117048,0,60,0, 
65.0300,-15.3,-4.1,-7.4,0.6,-4.1,-13.1,-9.7,0,117054,0,61,0, 
65.0333,-13.5,-1.0,-6.4,0.8,-3.8,-6.9,-7.5,0,117060,0,62,0, 
65.0367,-11.6,1.3,-4.3,1.6,-2.6,-0.8,-4.2,0,117066,0,63,0, 
65.0400,-10.3,2.1,-1.5,2.8,-1.0,1.2,-1.8,0,117072,0,64,0, 
65.0433,-10.0,1.7,1.7,4.2,0.3,-1.6,-2.0,0,117078,0,65,0, 
65.0467,-10.5,1.0,4.9,5.5,0.7,-6.5,-4.7,0,117084,0,66,0, 
65.0500,-11.0,0.5,7.6,6.3,0.5,-10.1,-8.5,0,117090,0,67,0, 
65.0533,-10.6,0.1,8.8,6.7,0.1,-10.5,-11.3,0,117096,0,68,0, 
65.0567,-9.1,-0.2,7.9,6.7,-0.2,-9.0,-11.7,0,117102,0,69,0, 
65.0600,-7.1,-0.5,5.1,6.5,-0.6,-7.8,-9.9,0,117108,0,70,0, 
65.0633,-5.6,-0.3,1.4,6.3,-1.7,-8.3,-6.8,0,117114,0,71,0, 
65.0667,-5.4,0.8,-1.4,6.0,-3.1,-9.6,-3.4,0,117120,0,72,0, 
65.0700,-5.8,3.0,-1.8,5.6,-4.2,-9.7,-0.3,0,117126,0,73,0, 
65.0733,-5.5,5.5,0.1,5.1,-3.9,-6.8,2.9,0,117132,0,74,0, 
65.0767,-3.4,7.2,3.2,4.4,-2.2,-1.5,6.1,0,117138,0,75,0, 
65.0800,0.5,7.2,5.6,3.5,0.3,3.8,8.6,0,117144,0,76,0, 
65.0833,4.6,5.1,5.8,2.4,2.2,6.4,9.2,0,117150,0,77,0, 
65.0867,6.7,1.1,3.3,1.2,2.7,5.1,7.2,0,117156,0,78,0, 
65.0900,6.0,-3.8,-0.8,-0.1,1.6,0.9,3.0,0,117162,0,79,0, 
65.0933,2.7,-8.8,-4.8,-1.4,0.0,-3.4,-2.0,0,117168,0,80,0, 
65.0967,-1.6,-13.3,-7.3,-2.8,-1.0,-5.3,-6.2,0,117174,0,81,0, 
65.1000,-5.4,-16.8,-8.1,-4.1,-1.0,-4.2,-9.1,0,117180,0,82,0, 
65.1033,-8.5,-19.7,-8.3,-5.6,-0.4,-1.5,-11.2,0,117186,0,83,0, 
65.1067,-11.3,-22.4,-9.9,-7.6,0.1,0.0,-14.0,0,117192,0,84,0, 
65.1100,-14.6,-25.6,-14.4,-10.4,-0.1,-1.8,-18.4,0,117198,0,85,0, 
65.1133,-18.4,-29.4,-21.8,-14.0,-0.9,-6.9,-24.0,0,117204,0,86,0, 
65.1167,-21.7,-33.7,-30.6,-17.8,-1.7,-13.2,-29.3,0,117210,0,87,0, 
65.1200,-23.7,-37.6,-38.2,-21.2,-1.9,-18.1,-32.5,0,117216,0,88,0, 
65.1233,-24.1,-40.2,-42.7,-23.5,-1.5,-19.9,-33.0,0,117222,0,89,0, 
65.1267,-23.6,-40.9,-43.3,-24.8,-0.7,-19.0,-31.3,0,117228,0,90,0, 
65.1300,-23.0,-39.8,-41.2,-25.4,-0.2,-16.9,-29.0,0,117234,0,91,0, 
65.1333,-23.0,-37.9,-38.1,-25.8,-0.1,-15.0,-27.1,0,117240,0,92,0, 
65.1367,-23.1,-35.9,-35.3,-25.9,-0.1,-13.7,-26.0,0,117246,0,93,0, 
65.1400,-22.6,-34.5,-33.4,-25.8,0.6,-12.2,-25.2,0,117252,0,94,0, 
65.1433,-21.2,-33.5,-31.9,-25.5,2.4,-10.0,-24.1,0,117258,0,95,0, 
65.1467,-19.2,-32.7,-30.9,-25.5,5.1,-7.4,-22.7,0,117264,0,96,0, 
65.1500,-17.6,-32.3,-30.4,-26.0,7.7,-5.6,-21.7,0,117270,0,97,0, 
65.1533,-17.4,-32.6,-31.4,-27.2,9.1,-5.5,-21.8,0,117276,0,98,0, 
65.1567,-18.9,-34.1,-34.4,-28.7,8.9,-7.0,-23.2,0,117282,0,99,0, 
65.1600,-21.7,-36.8,-39.0,-29.7,7.5,-8.8,-25.4,0,117288,0,100,0, 
65.1633,-24.5,-39.7,-43.6,-29.8,6.3,-9.8,-27.5,0,117294,0,101,0, 
65.1667,-26.6,-41.5,-45.6,-28.9,6.4,-9.8,-28.9,0,117300,0,102,0, 
65.1700,-27.4,-41.2,-43.1,-27.5,7.9,-9.6,-29.7,0,117306,0,103,0, 
65.1733,-26.9,-38.9,-36.2,-26.0,9.7,-10.1,-30.4,0,117312,0,104,0, 
65.1767,-25.8,-36.1,-27.9,-24.9,10.6,-11.2,-31.4,0,117318,0,105,0, 
65.1800,-24.4,-34.3,-22.3,-24.3,10.0,-12.3,-32.6,0,117324,0,106,0, 
65.1833,-23.2,-34.0,-22.6,-24.3,8.5,-12.3,-33.3,0,117330,0,107,0, 
65.1867,-22.2,-34.3,-28.4,-24.7,7.4,-11.0,-32.8,0,117336,0,108,0, 
65.1900,-21.2,-33.5,-35.8,-25.3,7.9,-8.6,-30.5,0,117342,0,109,0, 
65.1933,-19.6,-30.4,-39.4,-25.8,10.2,-5.9,-26.6,0,117348,0,110,0, 
65.1967,-17.2,-25.7,-36.7,-25.7,13.4,-3.5,-21.5,0,117354,0,111,0, 
65.2000,-14.0,-21.4,-29.4,-25.0,15.8,-1.6,-16.6,0,117360,0,112,0, 
65.2033,-10.2,-19.8,-22.5,-24.1,16.4,0.0,-12.8,0,117366,0,113,0, 
65.2067,-6.5,-21.3,-20.2,-23.5,15.0,1.6,-10.8,0,117372,0,114,0, 
65.2100,-3.3,-24.4,-23.1,-23.6,12.7,3.7,-10.3,0,117378,0,115,0, 
65.2133,-0.7,-26.4,-28.1,-23.8,10.6,6.2,-10.1,0,117384,0,116,0, 
65.2167,1.2,-26.1,-30.7,-23.7,9.8,8.9,-9.2,0,117390,0,117,0, 
65.2200,2.5,-23.8,-29.2,-23.1,10.6,10.7,-7.3,0,117396,0,118,0, 
65.2233,3.2,-21.1,-25.0,-22.5,12.0,10.4,-5.2,0,117402,0,119,0, 
65.2267,3.4,-19.3,-21.1,-22.1,13.1,7.7,-3.9,0,117408,0,120,0, 
65.2300,3.3,-18.2,-18.8,-22.1,12.9,3.4,-4.0,0,117414,0,121,0, 
65.2333,3.3,-16.4,-17.2,-21.5,11.3,-0.3,-5.0,0,117420,0,122,0, 
65.2367,3.3,-13.0,-14.1,-19.6,8.9,-1.6,-5.5,0,117426,0,123,0, 
65.2400,3.2,-8.6,-9.1,-16.5,7.2,0.2,-4.6,0,117432,0,124,0, 
65.2433,2.7,-5.0,-3.9,-12.9,7.1,3.6,-2.1,0,117438,0,125,0, 
65.2467,1.7,-3.3,-1.1,-10.0,8.7,6.4,1.1,0,117444,0,126,0, 
65.2500,0.9,-3.3,-1.7,-8.7,11.0,7.2,3.8,0,117450,0,127,0, 
65.2533,1.1,-3.3,-4.0,-8.5,12.6,6.3,5.5,0,117456,0,128,0, 
65.2567,2.7,-1.5,-5.3,-8.3,12.6,4.7,6.4,0,117462,0,129,0, 
65.2600,5.0,2.1,-4.1,-7.5,11.0,3.7,7.3,0,117468,0,130,0, 
65.2633,6.7,5.5,-2.0,-6.2,8.9,3.0,8.1,0,117474,0,131,0, 
65.2667,7.0,6.6,-1.4,-5.3,7.4,2.0,8.5,0,117480,0,132,0, 
65.2700,5.8,4.3,-4.0,-5.3,6.8,0.6,7.8,0,117486,0,133,0, 
65.2733,4.2,-0.2,-8.7,-6.0,6.9,-0.3,6.2,0,117492,0,134,0, 
65.2767,3.3,-4.6,-12.7,-6.9,6.8,0.5,4.5,0,117498,0,135,0, 
65.2800,3.4,-7.1,-13.6,-7.3,6.2,3.2,3.7,0,117504,0,136,0, 
65.2833,3.6,-7.2,-11.5,-7.5,5.3,6.7,4.2,0,117510,0,137,0, 
65.2867,2.9,-6.0,-8.6,-8.2,4.9,9.5,5.4,0,117516,0,138,0, 
65.2900,1.1,-5.0,-7.3,-9.5,5.3,11.0,6.4,0,117522,0,139,0, 
65.2933,-1.0,-4.6,-8.4,-11.0,6.3,11.7,6.3,0,117528,0,140,0, 
65.2967,-1.7,-4.5,-10.9,-11.8,7.0,12.6,5.6,0,117534,0,141,0, 
65.3000,-0.5,-3.9,-12.5,-11.1,6.9,13.6,5.0,0,117540,0,142,0, 
65.3033,2.0,-2.1,-11.8,-9.5,5.8,13.7,5.7,0,117546,0,143,0, 
65.3067,4.4,0.3,-8.5,-8.2,4.4,12.0,7.7,0,117552,0,144,0, 
65.3100,5.3,2.8,-3.7,-7.9,3.2,9.4,10.4,0,117558,0,145,0, 
65.3133,4.5,5.0,1.5,-8.6,2.7,8.2,13.1,0,117564,0,146,0, 
65.3167,3.2,7.0,6.1,-9.3,2.6,10.5,15.6,0,117570,0,147,0, 
65.3200,2.6,9.2,9.1,-8.9,2.6,15.7,18.2,0,117576,0,148,0, 
65.3233,3.3,11.5,9.5,-7.6,2.6,21.2,20.9,0,117582,0,149,0, 
65.3267,4.9,13.4,6.8,-6.4,2.7,24.1,23.1,0,117588,0,150,0, 
65.3300,6.1,13.8,1.3,-6.7,3.1,23.7,23.9,0,117594,0,151,0, 
65.3333,6.0,12.6,-5.0,-8.8,3.5,22.4,23.1,0,117600,0,152,0, 
65.3367,4.5,10.5,-9.4,-11.8,4.0,23.2,21.2,0,117606,0,153,0, 
65.3400,2.5,8.9,-9.6,-14.0,4.4,27.0,19.2,0,117612,0,154,0, 
65.3433,1.3,8.8,-5.6,-14.3,4.8,30.8,18.0,0,117618,0,155,0, 
65.3467,1.9,10.0,-0.2,-13.0,5.5,30.7,17.4,0,117624,0,156,0, 
65.3500,4.1,11.3,3.3,-11.2,6.3,24.9,16.7,0,117630,0,157,0, 
65.3533,6.9,11.6,2.8,-10.3,7.1,15.6,15.6,0,117636,0,158,0, 
65.3567,9.0,11.0,-0.5,-10.5,7.2,7.8,14.5,0,117642,0,159,0, 
65.3600,9.4,10.3,-3.6,-11.0,6.6,5.6,14.6,0,117648,0,160,0, 
65.3633,8.2,10.6,-3.6,-11.1,5.7,9.1,16.1,0,117654,0,161,0, 
65.3667,6.7,11.9,-0.5,-10.3,5.1,14.8,18.4,0,117660,0,162,0, 
65.3700,6.2,13.3,3.1,-9.0,5.4,18.7,19.9,0,117666,0,163,0, 
65.3733,7.8,13.4,4.3,-8.2,6.7,19.3,20.0,0,117672,0,164,0, 
65.3767,11.0,12.2,1.9,-8.4,8.8,18.2,19.0,0,117678,0,165,0, 
65.3800,14.6,10.4,-2.3,-9.4,11.1,18.0,18.7,0,117684,0,166,0, 
65.3833,17.0,9.5,-5.4,-10.9,13.3,20.1,20.1,0,117690,0,167,0, 
65.3867,17.2,9.8,-5.9,-12.1,15.6,23.4,23.0,0,117696,0,168,0, 
65.3900,15.3,10.5,-4.8,-12.8,17.7,25.4,25.6,0,117702,0,169,0, 
65.3933,12.2,10.5,-4.6,-13.0,19.5,25.1,26.7,0,117708,0,170,0, 
65.3967,9.4,9.0,-6.6,-12.5,20.2,23.4,26.3,0,117714,0,171,0, 
65.4000,7.7,7.0,-9.8,-11.6,19.7,22.5,25.3,0,117720,0,172,0, 
65.4033,7.1,5.6,-11.5,-10.3,18.3,23.3,24.9,0,117726,0,173,0, 
65.4067,7.1,5.7,-9.9,-8.8,16.7,25.0,24.8,0,117732,0,174,0, 
65.4100,7.0,7.0,-5.8,-7.4,15.9,25.3,23.9,0,117738,0,175,0, 
65.4133,6.6,8.4,-1.9,-6.2,15.8,22.8,21.3,0,117744,0,176,0, 
65.4167,6.1,9.0,-0.7,-5.4,16.0,18.0,17.3,0,117750,0,177,0, 
65.4200,6.2,8.9,-2.7,-4.9,15.4,13.5,13.6,0,117756,0,178,0, 
65.4233,7.6,8.5,-5.8,-4.8,13.7,11.5,11.9,0,117762,0,179,0, 
65.4267,10.2,8.4,-7.6,-5.4,11.4,12.7,12.5,0,117768,0,180,0, 
65.4300,13.5,8.6,-6.7,-6.3,9.4,15.9,14.3,0,117774,0,181,0, 
65.4333,16.4,9.2,-3.9,-7.2,8.6,18.6,15.8,0,117780,0,182,0, 
65.4367,17.9,10.3,-0.8,-7.7,9.1,19.3,16.3,0,117786,0,183,0, 
65.4400,17.6,12.1,1.3,-7.3,10.2,17.8,16.3,0,117792,0,184,0, 
65.4433,15.9,14.4,2.0,-6.5,11.0,15.7,16.6,0,117798,0,185,0, 
65.4467,13.9,16.5,2.1,-6.0,11.2,14.6,17.5,0,117804,0,186,0, 
65.4500,12.5,17.5,2.1,-6.0,11.0,15.5,18.4,0,117810,0,187,0, 
65.4533,12.0,16.7,2.1,-6.6,10.9,18.1,18.4,0,117816,0,188,0, 
65.4567,12.1,14.5,1.7,-7.0,11.1,21.0,17.1,0,117822,0,189,0, 
65.4600,12.2,12.0,0.6,-6.5,11.5,23.0,15.2,0,117828,0,190,0, 
65.4633,12.0,10.2,-0.8,-4.9,11.7,23.1,13.7,0,117834,0,191,0, 
65.4667,11.5,9.2,-2.1,-2.6,11.3,21.5,13.2,0,117840,0,192,0, 
65.4700,11.2,8.3,-2.8,-0.7,10.5,18.9,13.4,0,117846,0,193,0, 
65.4733,11.2,6.6,-3.1,0.2,9.3,16.4,13.3,0,117852,0,194,0, 
65.4767,10.9,4.2,-3.5,-0.1,8.1,14.7,12.1,0,117858,0,195,0, 
65.4800,9.7,1.7,-4.4,-1.3,6.7,13.9,9.5,0,117864,0,196,0, 
65.4833,7.3,0.0,-6.2,-2.7,5.3,13.7,6.4,0,117870,0,197,0, 
65.4867,4.7,-0.2,-8.2,-4.1,4.1,13.7,4.0,0,117876,0,198,0, 
65.4900,3.1,0.7,-9.8,-5.3,3.5,13.8,3.1,0,117882,0,199,0, 
65.4933,3.7,2.1,-10.0,-6.2,4.0,14.0,4.0,0,117888,0,200,0, 
65.4967,5.9,3.7,-8.9,-7.0,5.8,14.3,5.9,0,117894,0,201,0, 
65.5000,8.0,5.5,-6.9,-7.6,8.2,14.5,7.6,0,117900,0,202,0, 
65.5033,8.0,7.6,-4.8,-8.0,10.2,14.5,8.5,0,117906,0,203,0, 
65.5067,5.2,10.0,-3.3,-7.8,10.9,14.4,8.5,0,117912,0,204,0, 
65.5100,1.2,12.4,-2.3,-6.6,10.1,14.8,8.4,0,117918,0,205,0, 
65.5133,-1.6,14.3,-0.8,-4.3,8.3,16.1,9.1,0,117924,0,206,0, 
65.5167,-1.6,15.4,1.8,-1.0,6.3,18.2,10.8,0,117930,0,207,0, 
65.5200,0.8,15.7,5.0,2.5,4.9,20.0,12.9,0,117936,0,208,0, 
65.5233,3.7,15.4,7.5,5.0,4.4,20.2,14.1,0,117942,0,209,0, 
65.5267,4.9,14.5,7.6,5.8,4.4,17.7,13.7,0,117948,0,210,0, 
65.5300,4.0,13.2,4.9,5.0,4.5,13.3,11.9,0,117954,0,211,0, 
65.5333,2.3,12.0,0.6,3.2,4.6,9.0,9.6,0,117960,0,212,0, 
65.5367,1.8,11.4,-2.4,1.5,4.6,7.0,8.2,0,117966,0,213,0, 
65.5400,3.4,12.2,-1.9,0.5,4.9,8.0,8.6,0,117972,0,214,0, 
65.5433,6.2,14.3,2.3,0.4,5.4,11.3,10.7,0,117978,0,215,0, 
65.5467,8.3,17.2,8.2,0.7,6.2,15.1,14.0,0,117984,0,216,0, 
65.5500,8.8,19.6,12.7,1.1,7.2,18.0,17.8,0,117990,0,217,0, 
65.5533,8.4,21.0,13.6,1.5,8.3,19.7,21.4,0,117996,0,218,0, 
65.5567,8.6,21.2,11.2,1.8,9.5,20.6,24.2,0,118002,0,219,0, 
65.5600,10.4,20.6,7.5,2.1,10.5,21.1,25.5,0,118008,0,220,0, 
65.5633,12.9,19.7,5.0,2.1,11.2,20.7,24.9,0,118014,0,221,0, 
65.5667,14.1,18.8,5.3,1.9,11.0,19.0,22.5,0,118020,0,222,0, 
65.5700,12.6,18.0,7.8,1.7,10.0,16.1,19.8,0,118026,0,223,0, 
65.5733,8.7,17.7,11.1,2.2,8.4,13.5,18.3,0,118032,0,224,0, 
65.5767,4.6,18.1,13.6,3.6,6.7,12.8,19.2,0,118038,0,225,0, 
65.5800,2.2,19.4,14.5,5.6,5.6,14.7,22.0,0,118044,0,226,0, 
65.5833,2.2,21.1,14.0,7.3,5.1,18.1,24.8,0,118050,0,227,0, 
65.5867,3.6,22.0,12.5,7.6,5.2,20.6,25.4,0,118056,0,228,0, 
65.5900,4.8,21.2,10.7,6.3,5.4,20.5,22.8,0,118062,0,229,0, 
65.5933,5.0,18.7,8.9,4.2,5.8,18.3,18.5,0,118068,0,230,0, 
65.5967,4.8,15.6,7.9,2.6,6.4,15.9,15.0,0,118074,0,231,0, 
65.6000,5.3,13.6,8.2,2.1,7.5,15.4,14.2,0,118080,0,232,0, 
65.6033,6.8,13.6,9.5,2.4,8.7,17.5,16.4,0,118086,0,233,0, 
65.6067,8.7,15.0,10.9,2.5,9.7,20.7,19.7,0,118092,0,234,0, 
65.6100,10.0,16.6,11.3,1.6,9.8,23.0,21.9,0,118098,0,235,0, 
65.6133,10.0,17.1,10.0,-0.1,8.9,23.4,22.0,0,118104,0,236,0, 
65.6167,9.3,16.9,8.0,-1.5,7.5,22.3,20.8,0,118110,0,237,0, 
65.6200,9.0,17.0,7.0,-1.4,6.4,21.3,19.8,0,118116,0,238,0, 
65.6233,10.0,18.5,8.3,0.4,6.2,21.5,20.2,0,118122,0,239,0, 
65.6267,12.3,21.6,12.1,3.0,7.1,22.7,21.8,0,118128,0,240,0, 
65.6300,14.7,25.2,16.7,5.0,8.6,23.9,23.3,0,118134,0,241,0, 
65.6333,16.1,27.7,19.9,5.8,10.1,24.5,24.0,0,118140,0,242,0, 
65.6367,15.6,28.4,20.7,5.6,11.1,24.5,23.9,0,118146,0,243,0, 
65.6400,13.6,27.3,19.3,5.1,11.4,24.5,23.5,0,118152,0,244,0, 
65.6433,10.8,25.3,17.3,4.9,10.9,24.1,23.1,0,118158,0,245,0, 
65.6467,8.2,23.5,15.6,4.9,9.9,22.5,22.2,0,118164,0,246,0, 
65.6500,6.5,22.1,14.5,4.5,8.4,19.0,19.9,0,118170,0,247,0, 
65.6533,5.8,21.1,13.6,3.6,7.0,14.3,15.9,0,118176,0,248,0, 
65.6567,6.0,20.2,12.6,2.5,6.1,10.3,11.0,0,118182,0,249,0, 
65.6600,6.5,19.1,11.8,1.7,5.7,9.1,6.8,0,118188,0,250,0, 
65.6633,6.6,18.1,11.7,1.4,5.9,11.1,4.7,0,118194,0,251,0, 
65.6667,6.3,17.4,12.7,1.3,6.2,14.7,4.7,0,118200,0,252,0, 
65.6700,5.4,17.2,14.1,1.1,6.1,17.3,5.7,0,118206,0,253,0, 
65.6733,4.4,17.1,14.9,0.7,5.5,16.7,6.1,0,118212,0,254,0, 
65.6767,3.6,16.7,14.2,0.7,4.6,13.0,4.7,0,118218,0,255,0, 
65.6800,3.1,15.2,12.3,1.4,3.5,7.9,1.8,0,118224,0,0,0, 
65.6833,2.8,12.6,9.8,2.7,2.4,3.4,-1.5,0,118230,0,1,0, 
65.6867,2.6,9.3,7.6,3.9,1.6,0.8,-3.7,0,118236,0,2,0, 
65.6900,2.4,6.4,5.9,4.0,1.3,0.4,-3.9,0,118242,0,3,0, 
65.6933,2.3,5.3,4.5,3.0,1.4,1.4,-2.4,0,118248,0,4,0, 
65.6967,2.2,6.1,3.0,1.6,1.9,3.2,0.0,0,118254,0,5,0, 
65.7000,1.8,8.2,1.5,0.8,2.4,5.3,2.0,0,118260,0,6,0, 
65.7033,1.2,10.1,0.3,1.2,2.5,7.1,2.9,0,118266,0,7,0, 
65.7067,0.5,10.8,0.1,2.5,1.9,8.3,2.9,0,118272,0,8,0, 
65.7100,0.1,10.0,0.6,3.7,0.8,8.5,2.6,0,118278,0,9,0, 
65.7133,-0.1,8.7,1.7,4.2,-0.1,8.0,2.6,0,118284,0,10,0, 
65.7167,-0.5,8.0,2.8,4.2,-0.1,7.3,3.0,0,118290,0,11,0, 
65.7200,-1.7,8.2,3.3,4.1,0.8,6.9,3.5,0,118296,0,12,0, 
65.7233,-3.7,9.1,3.4,4.6,1.8,7.3,3.5,0,118302,0,13,0, 
65.7267,-6.1,9.6,3.1,5.6,2.1,8.2,3.0,0,118308,0,14,0, 
65.7300,-8.1,9.1,2.5,6.5,1.3,9.2,2.5,0,118314,0,15,0, 
65.7333,-9.1,7.8,1.9,6.5,-0.3,9.9,2.3,0,118320,0,16,0, 
65.7367,-9.3,6.3,1.3,5.7,-1.5,10.0,2.5,0,118326,0,17,0, 
65.7400,-9.0,5.6,0.9,4.4,-1.5,9.6,2.8,0,118332,0,18,0, 
65.7433,-8.9,5.8,0.7,3.5,-0.5,8.8,2.8,0,118338,0,19,0, 
65.7467,-8.8,6.8,1.0,3.2,0.8,8.1,2.6,0,118344,0,20,0, 
65.7500,-8.7,7.9,1.5,3.6,1.1,7.6,2.3,0,118350,0,21,0, 
65.7533,-8.5,8.4,2.1,4.2,0.4,7.4,2.2,0,118356,0,22,0, 
65.7567,-8.6,7.5,2.3,4.7,-0.8,7.5,1.9,0,118362,0,23,0, 
65.7600,-9.3,5.0,1.6,4.8,-1.3,7.4,0.5,0,118368,0,24,0, 
65.7633,-10.2,1.3,-0.1,4.7,-0.7,7.2,-2.4,0,118374,0,25,0, 
65.7667,-10.5,-2.7,-2.7,4.3,0.8,6.8,-6.2,0,118380,0,26,0, 
65.7700,-9.2,-5.7,-5.5,3.7,1.9,6.3,-9.4,0,118386,0,27,0, 
65.7733,-6.3,-6.7,-7.6,2.9,1.7,5.6,-10.9,0,118392,0,28,0, 
